1072.5555555555557,-21.049999999999997,55.54,0,0,4,619999
month,day,year,hour,minute,Datasource,DryBulb {C},DewPoint {C},RelHum {%},Atmos Pressure {Pa},ExtHorzRad {Wh/m2},ExtDirRad {Wh/m2},GHI infared {Wh/m2},GloHorzRad {Wh/m2},DirNormRad {Wh/m2},DifHorzRad {Wh/m2},GloHorzIllum {lux},DirNormIllum {lux},DifHorzIllum {lux},ZenLum {Cd/m2},WindDir {deg},WindSpd {m/s},TotSkyCvr {.1},OpaqSkyCvr {.1},Visibility {km},Ceiling Hgt {m},PresWeathObs,PresWeathCodes,PrecipWtr {mm},AerosolOptDepth {.001},SnowDepth {cm},DaysLastSnow,Albedo {.01},Rain {mm},Rain Quantity {hr}
1,1,2019,1,0,,18.078,15.856,86.800,89238.930,0.000,1413.941,333.671,0.000,0.000,0.000,0.000,0.000,0.000,-0.000,999,0.046,6.600,99,9999,99999,9,999999999,0.010,0.999,0,0,999,0.010,99
1,1,2019,2,0,,17.836,15.736,87.000,89238.930,0.000,1413.941,331.989,0.000,0.000,0.000,0.000,0.000,0.000,-0.000,999,0.030,6.200,99,9999,99999,9,999999999,0.010,0.999,0,0,999,0.010,99
1,1,2019,3,0,,17.478,15.670,88.400,89238.930,0.000,1413.941,330.104,0.000,0.000,0.000,0.000,0.000,0.000,-0.000,999,0.030,6.000,99,9999,99999,9,999999999,0.008,0.999,0,0,999,0.008,99
1,1,2019,4,0,,17.146,15.610,89.000,89238.930,0.000,1413.982,327.984,0.000,0.000,0.000,0.000,0.000,0.000,-0.000,999,0.030,5.800,99,9999,99999,9,999999999,0.006,0.999,0,0,999,0.006,99
1,1,2019,5,0,,16.836,15.554,90.400,89238.930,0.000,1413.982,326.446,25.372,0.000,0.000,3044.640,0.000,0.000,-0.000,999,0.030,5.600,99,9999,99999,9,999999999,0.006,0.999,0,0,999,0.006,99
1,1,2019,6,0,,16.540,15.500,91.000,89238.930,92.156,1413.982,324.597,0.000,0.000,0.000,0.000,0.000,0.000,0.000,999,0.030,5.000,99,9999,99999,9,999999999,0.000,0.999,0,0,999,0.000,0
1,1,2019,7,0,,16.290,15.460,92.000,89238.930,405.082,1413.982,323.287,126.860,38.954,115.736,15223.200,3700.634,12730.990,129.010,999,0.030,5.000,99,9999,99999,9,999999999,0.000,0.999,0,0,999,0.000,0
1,1,2019,8,0,,20.260,16.160,75.000,89238.930,707.115,1413.982,342.925,300.970,118.546,241.738,36116.400,11261.897,26591.230,154.004,999,0.030,5.000,99,9999,99999,9,999999999,0.000,0.999,0,0,999,0.000,0
1,1,2019,9,0,,22.920,16.620,66.000,89238.930,974.957,1413.982,356.854,645.710,534.226,277.474,77485.200,50751.448,30522.192,128.136,999,0.030,0.000,99,9999,99999,9,999999999,0.000,0.999,0,0,999,0.000,0
1,1,2019,10,0,,24.680,16.920,61.000,89238.930,1190.092,1413.982,366.528,736.440,416.134,386.239,88372.800,39532.719,42486.302,146.091,999,0.030,1.000,99,9999,99999,9,999999999,0.000,0.999,0,0,999,0.000,0
1,1,2019,11,0,,25.220,17.010,64.000,89238.930,1337.791,1413.982,373.354,599.410,148.853,458.582,71929.200,14141.044,50444.073,154.290,999,0.170,7.000,99,9999,99999,9,999999999,0.010,0.999,0,0,999,0.010,99
1,1,2019,12,0,,24.930,16.960,65.000,89238.930,1407.964,1413.982,371.861,385.620,31.474,354.280,46274.400,2990.005,38970.833,113.253,999,0.560,8.000,99,9999,99999,9,999999999,0.010,0.999,0,0,999,0.010,99
1,1,2019,13,0,,25.770,17.100,58.000,89238.930,1395.815,1413.982,372.501,783.910,359.266,429.263,94069.200,34130.242,47218.918,138.418,999,1.160,5.000,99,9999,99999,9,999999999,0.000,0.999,0,0,999,0.000,0
1,1,2019,14,0,,26.320,17.190,57.000,89238.930,1302.167,1413.982,375.966,749.890,323.191,452.272,89986.800,30703.147,49749.910,156.333,999,0.710,5.000,99,9999,99999,9,999999999,0.000,0.999,0,0,999,0.000,0
1,1,2019,15,0,,26.580,17.230,56.000,89238.930,1133.406,1413.982,377.100,665.620,359.731,377.317,79874.400,34174.491,41504.868,149.860,999,1.230,6.000,99,9999,99999,9,999999999,0.000,0.999,0,0,999,0.000,0
1,1,2019,16,0,,26.520,17.220,56.000,89238.930,901.056,1413.982,376.618,537.290,429.044,264.000,64474.800,40759.218,29040.010,131.927,999,0.980,6.000,99,9999,99999,9,999999999,0.000,0.999,0,0,999,0.000,0
1,1,2019,17,0,,26.010,17.140,57.000,89238.930,621.036,1413.982,373.487,374.860,526.743,143.791,44983.200,50040.573,15817.041,104.337,999,0.710,6.000,99,9999,99999,9,999999999,0.000,0.999,0,0,999,0.000,0
1,1,2019,18,0,,25.110,16.990,60.000,89238.930,312.867,1413.982,369.056,193.310,554.326,71.333,23197.200,52660.982,7846.585,103.187,999,0.220,7.000,99,9999,99999,9,999999999,0.000,0.999,0,0,999,0.000,0
1,1,2019,19,0,,23.950,16.790,63.000,89238.930,7.041,1413.982,362.478,28.220,0.000,0.000,3386.400,0.000,0.000,-0.000,999,0.030,8.000,99,9999,99999,9,999999999,0.000,0.999,0,0,999,0.000,0
1,1,2019,20,0,,22.960,16.630,71.000,89238.930,0.000,1413.982,360.909,0.000,0.000,0.000,0.000,0.000,0.000,-0.000,999,0.030,8.000,99,9999,99999,9,999999999,0.020,0.999,0,0,999,0.020,99
1,1,2019,21,0,,21.970,16.460,74.000,89238.930,0.000,1413.982,355.320,0.000,0.000,0.000,0.000,0.000,0.000,-0.000,999,0.030,8.000,99,9999,99999,9,999999999,0.070,0.999,0,0,999,0.070,99
1,1,2019,22,0,,20.980,16.290,82.000,89238.930,0.000,1413.982,352.855,0.000,0.000,0.000,0.000,0.000,0.000,-0.000,999,0.030,8.000,99,9999,99999,9,999999999,1.680,0.999,0,0,999,1.680,99
1,1,2019,23,0,,19.990,16.120,81.000,89238.930,0.000,1413.982,344.663,0.000,0.000,0.000,0.000,0.000,0.000,-0.000,999,0.030,8.000,99,9999,99999,9,999999999,0.120,0.999,0,0,999,0.120,99
1,1,2019,24,0,,19.000,16.260,85.000,89238.930,0.000,1413.982,339.545,0.000,0.000,0.000,0.000,0.000,0.000,-0.000,999,0.050,8.000,99,9999,99999,9,999999999,0.160,0.999,0,0,999,0.160,99
1,2,2019,1,0,,18.500,16.190,92.000,89238.930,0.000,1413.982,339.623,0.000,0.000,0.000,0.000,0.000,0.000,-0.000,999,0.050,8.000,99,9999,99999,9,999999999,2.560,0.999,0,0,999,2.560,99
1,2,2019,2,0,,18.010,16.120,98.000,89238.930,0.000,1413.982,338.993,0.000,0.000,0.000,0.000,0.000,0.000,-0.000,999,0.050,8.000,99,9999,99999,9,999999999,29.080,0.999,0,0,999,29.080,99
1,2,2019,3,0,,17.510,16.040,91.000,89238.930,0.000,1413.982,331.710,0.000,0.000,0.000,0.000,0.000,0.000,-0.000,999,0.050,8.000,99,9999,99999,9,999999999,0.090,0.999,0,0,999,0.090,99
1,2,2019,4,0,,17.020,15.970,94.000,89238.930,0.000,1414.008,329.626,0.000,0.000,0.000,0.000,0.000,0.000,-0.000,999,0.050,8.000,99,9999,99999,9,999999999,0.030,0.999,0,0,999,0.030,99
1,2,2019,5,0,,16.580,15.910,96.000,89238.930,0.000,1414.008,327.380,0.000,0.000,0.000,0.000,0.000,0.000,-0.000,999,0.050,8.000,99,9999,99999,9,999999999,0.200,0.999,0,0,999,0.200,99
1,2,2019,6,0,,16.250,15.860,97.000,89238.930,89.042,1414.008,325.448,0.000,0.000,0.000,0.000,0.000,0.000,0.000,999,0.050,8.000,99,9999,99999,9,999999999,0.400,0.999,0,0,999,0.400,99
1,2,2019,7,0,,15.930,15.810,99.000,89238.930,402.077,1414.008,324.061,56.700,0.000,56.700,6804.000,0.000,6237.000,63.679,999,0.050,8.000,99,9999,99999,9,999999999,0.640,0.999,0,0,999,0.640,99
1,2,2019,8,0,,19.010,16.260,85.000,89238.930,704.488,1414.008,339.620,204.210,15.223,196.633,24505.200,1446.146,21629.576,125.739,999,0.050,8.000,99,9999,99999,9,999999999,0.820,0.999,0,0,999,0.820,99
1,2,2019,9,0,,20.770,16.520,83.000,89238.930,972.847,1414.008,351.844,352.360,62.135,309.625,42283.200,5902.811,34058.726,143.296,999,0.050,8.000,99,9999,99999,9,999999999,1.550,0.999,0,0,999,1.550,99
1,2,2019,10,0,,22.400,16.750,68.000,89238.930,1188.598,1414.008,354.355,480.430,95.515,400.151,57651.600,9073.972,44016.569,151.546,999,0.050,7.000,99,9999,99999,9,999999999,0.000,0.999,0,0,999,0.000,0
1,2,2019,11,0,,23.840,16.950,63.000,89238.930,1336.970,1414.008,361.618,577.430,55.116,525.319,69291.600,5236.009,57785.065,176.855,999,0.160,7.000,99,9999,99999,9,999999999,0.000,0.999,0,0,999,0.000,0
1,2,2019,12,0,,25.030,17.110,60.000,89238.930,1407.824,1414.008,368.423,636.010,62.960,573.325,76321.200,5981.233,63065.770,183.297,999,0.240,7.000,99,9999,99999,9,999999999,0.000,0.999,0,0,999,0.000,0
1,2,2019,13,0,,25.930,17.240,62.000,89238.930,1396.318,1414.008,377.355,651.880,72.512,580.276,78225.600,6888.637,63830.330,187.049,999,0.780,7.000,99,9999,99999,9,999999999,0.010,0.999,0,0,999,0.010,99
1,2,2019,14,0,,26.530,17.320,56.000,89238.930,1303.232,1414.008,376.699,623.910,85.589,545.031,74869.200,8130.924,59953.367,188.245,999,0.830,7.000,99,9999,99999,9,999999999,0.000,0.999,0,0,999,0.000,0
1,2,2019,15,0,,26.810,17.360,60.000,89238.930,1134.912,1414.008,382.704,554.100,127.472,451.805,66492.000,12109.861,49698.528,179.210,999,0.380,7.000,99,9999,99999,9,999999999,0.010,0.999,0,0,999,0.010,99
1,2,2019,16,0,,26.760,17.350,60.000,89238.930,902.850,1414.008,382.297,447.590,134.183,361.950,53710.800,12747.366,39814.527,180.518,999,0.990,7.000,99,9999,99999,9,999999999,0.020,0.999,0,0,999,0.020,99
1,2,2019,17,0,,26.230,17.280,61.000,89238.930,622.947,1414.008,378.898,312.610,266.574,195.312,37513.200,25324.544,21484.315,141.288,999,0.980,8.000,99,9999,99999,9,999999999,0.070,0.999,0,0,999,0.070,99
1,2,2019,18,0,,25.280,17.150,64.000,89238.930,314.710,1414.008,373.834,161.630,472.113,57.126,19395.600,44850.773,6283.913,82.149,999,0.850,8.000,99,9999,99999,9,999999999,0.120,0.999,0,0,999,0.120,99
1,2,2019,19,0,,24.040,16.980,67.000,89238.930,8.408,1414.008,366.390,24.000,0.000,0.000,2880.000,0.000,0.000,-0.000,999,0.280,8.000,99,9999,99999,9,999999999,0.050,0.999,0,0,999,0.050,99
1,2,2019,20,0,,23.000,16.830,70.000,89238.930,0.000,1414.008,360.491,0.000,0.000,0.000,0.000,0.000,0.000,-0.000,999,0.050,8.000,99,9999,99999,9,999999999,0.320,0.999,0,0,999,0.320,99
1,2,2019,21,0,,21.960,16.680,74.000,89238.930,0.000,1414.008,355.243,0.000,0.000,0.000,0.000,0.000,0.000,-0.000,999,0.050,8.000,99,9999,99999,9,999999999,0.500,0.999,0,0,999,0.500,99
1,2,2019,22,0,,20.920,16.540,82.000,89238.930,0.000,1414.008,352.391,0.000,0.000,0.000,0.000,0.000,0.000,-0.000,999,0.050,8.000,99,9999,99999,9,999999999,1.100,0.999,0,0,999,1.100,99
1,2,2019,23,0,,19.880,16.390,81.000,89238.930,0.000,1414.008,343.829,0.000,0.000,0.000,0.000,0.000,0.000,-0.000,999,0.050,8.000,99,9999,99999,9,999999999,0.250,0.999,0,0,999,0.250,99
1,2,2019,24,0,,18.840,16.120,81.000,89238.930,0.000,1414.008,336.023,0.000,0.000,0.000,0.000,0.000,0.000,-0.000,999,0.060,8.000,99,9999,99999,9,999999999,0.200,0.999,0,0,999,0.200,99
1,3,2019,1,0,,18.310,16.020,82.000,89238.930,0.000,1414.008,332.680,0.000,0.000,0.000,0.000,0.000,0.000,-0.000,999,0.060,8.000,99,9999,99999,9,999999999,0.490,0.999,0,0,999,0.490,99
1,3,2019,2,0,,17.790,15.920,84.000,89238.930,0.000,1414.008,329.991,0.000,0.000,0.000,0.000,0.000,0.000,-0.000,999,0.060,8.000,99,9999,99999,9,999999999,0.600,0.999,0,0,999,0.600,99
1,3,2019,3,0,,17.270,15.820,89.000,89238.930,0.000,1414.008,328.893,0.000,0.000,0.000,0.000,0.000,0.000,-0.000,999,0.060,8.000,99,9999,99999,9,999999999,2.340,0.999,0,0,999,2.340,99
1,3,2019,4,0,,16.750,15.720,87.000,89238.930,0.000,1414.019,324.039,0.000,0.000,0.000,0.000,0.000,0.000,-0.000,999,0.060,8.000,99,9999,99999,9,999999999,0.250,0.999,0,0,999,0.250,99
1,3,2019,5,0,,16.290,15.620,93.000,89238.930,0.000,1414.019,323.787,0.000,0.000,0.000,0.000,0.000,0.000,-0.000,999,0.060,8.000,99,9999,99999,9,999999999,1.400,0.999,0,0,999,1.400,99
1,3,2019,6,0,,15.950,15.560,94.000,89238.930,85.891,1414.019,321.815,0.000,0.000,0.000,0.000,0.000,0.000,0.000,999,0.060,8.000,99,9999,99999,9,999999999,3.260,0.999,0,0,999,3.260,99
1,3,2019,7,0,,15.600,15.490,99.000,89238.930,399.041,1414.019,321.664,52.750,0.000,52.750,6330.000,0.000,5802.500,59.698,999,0.060,8.000,99,9999,99999,9,999999999,57.430,0.999,0,0,999,57.430,99
1,3,2019,8,0,,18.820,16.120,81.000,89238.930,701.839,1414.019,335.874,216.080,21.559,205.389,25929.600,2048.112,22592.776,131.836,999,0.060,8.000,99,9999,99999,9,999999999,0.740,0.999,0,0,999,0.740,99
1,3,2019,9,0,,21.630,16.650,69.000,89238.930,970.722,1414.019,349.188,487.370,171.922,369.385,58484.400,16332.609,40632.305,171.330,999,0.060,5.000,99,9999,99999,9,999999999,0.000,0.999,0,0,999,0.000,0
1,3,2019,10,0,,21.330,16.600,73.000,89238.930,1187.093,1414.019,349.711,202.880,3.836,199.660,24345.600,364.460,21962.563,75.712,999,0.060,8.000,99,9999,99999,9,999999999,0.040,0.999,0,0,999,0.040,99
1,3,2019,11,0,,22.810,16.870,70.000,89238.930,1336.136,1414.019,359.009,549.510,75.049,478.597,65941.200,7129.642,52645.698,161.228,999,0.120,7.000,99,9999,99999,9,999999999,0.010,0.999,0,0,999,0.010,99
1,3,2019,12,0,,24.030,17.100,67.000,89238.930,1407.668,1414.019,366.311,605.660,51.771,554.121,72679.200,4918.264,60953.362,177.179,999,0.460,7.000,99,9999,99999,9,999999999,0.020,0.999,0,0,999,0.020,99
1,3,2019,13,0,,24.940,17.260,65.000,89238.930,1396.799,1414.019,371.941,621.120,112.493,509.998,74534.400,10686.835,56099.753,164.340,999,0.510,7.000,99,9999,99999,9,999999999,0.080,0.999,0,0,999,0.080,99
1,3,2019,14,0,,25.550,17.370,63.000,89238.930,1304.264,1414.019,375.158,594.770,70.193,530.029,71372.400,6668.289,58303.200,182.920,999,0.860,7.000,99,9999,99999,9,999999999,0.110,0.999,0,0,999,0.110,99
1,3,2019,15,0,,25.850,17.430,59.000,89238.930,1136.372,1414.019,374.051,528.510,104.743,444.347,63421.200,9950.584,48878.188,176.026,999,1.620,7.000,99,9999,99999,9,999999999,0.000,0.999,0,0,999,0.000,0
1,3,2019,16,0,,25.850,17.430,63.000,89238.930,904.586,1414.019,377.573,427.200,110.800,356.348,51264.000,10525.972,39198.334,177.384,999,0.990,8.000,99,9999,99999,9,999999999,0.060,0.999,0,0,999,0.060,99
1,3,2019,17,0,,25.370,17.340,64.000,89238.930,624.785,1414.019,374.556,298.690,222.409,200.537,35842.800,21128.831,22059.041,144.641,999,0.560,8.000,99,9999,99999,9,999999999,0.320,0.999,0,0,999,0.320,99
1,3,2019,18,0,,24.480,17.180,66.000,89238.930,316.466,1414.019,369.085,154.810,405.138,64.626,18577.200,38488.150,7108.879,92.413,999,0.230,8.000,99,9999,99999,9,999999999,0.150,0.999,0,0,999,0.150,99
1,3,2019,19,0,,23.320,16.970,68.000,89238.930,9.696,1414.019,361.499,23.340,0.000,0.000,2800.800,0.000,0.000,-0.000,999,0.060,8.000,99,9999,99999,9,999999999,0.400,0.999,0,0,999,0.400,99
1,3,2019,20,0,,22.350,16.790,74.000,89238.930,0.000,1414.019,358.272,0.000,0.000,0.000,0.000,0.000,0.000,-0.000,999,0.060,8.000,99,9999,99999,9,999999999,1.780,0.999,0,0,999,1.780,99
1,3,2019,21,0,,21.390,16.610,81.000,89238.930,0.000,1414.019,355.411,0.000,0.000,0.000,0.000,0.000,0.000,-0.000,999,0.060,8.000,99,9999,99999,9,999999999,5.300,0.999,0,0,999,5.300,99
1,3,2019,22,0,,20.430,16.430,76.000,89238.930,0.000,1414.019,344.860,0.000,0.000,0.000,0.000,0.000,0.000,-0.000,999,0.060,8.000,99,9999,99999,9,999999999,0.910,0.999,0,0,999,0.910,99
1,3,2019,23,0,,19.470,16.250,82.000,89238.930,0.000,1414.019,341.333,0.000,0.000,0.000,0.000,0.000,0.000,-0.000,999,0.060,8.000,99,9999,99999,9,999999999,1.120,0.999,0,0,999,1.120,99
1,3,2019,24,0,,18.510,15.900,89.000,89238.930,0.000,1414.019,338.093,0.000,0.000,0.000,0.000,0.000,0.000,-0.000,999,0.190,8.000,99,9999,99999,9,999999999,0.020,0.999,0,0,999,0.020,99
1,4,2019,1,0,,18.030,15.820,91.000,89238.930,0.000,1414.019,335.573,0.000,0.000,0.000,0.000,0.000,0.000,-0.000,999,0.190,8.000,99,9999,99999,9,999999999,0.170,0.999,0,0,999,0.170,99
1,4,2019,2,0,,17.540,15.740,94.000,89238.930,0.000,1414.019,333.474,0.000,0.000,0.000,0.000,0.000,0.000,-0.000,999,0.190,8.000,99,9999,99999,9,999999999,0.050,0.999,0,0,999,0.050,99
1,4,2019,3,0,,17.060,15.660,91.000,89238.930,0.000,1414.019,328.395,0.000,0.000,0.000,0.000,0.000,0.000,-0.000,999,0.190,8.000,99,9999,99999,9,999999999,0.000,0.999,0,0,999,0.000,0
1,4,2019,4,0,,16.580,15.580,93.000,89238.930,0.000,1414.015,325.898,0.000,0.000,0.000,0.000,0.000,0.000,-0.000,999,0.190,8.000,99,9999,99999,9,999999999,0.000,0.999,0,0,999,0.000,0
1,4,2019,5,0,,16.160,15.510,95.000,89238.930,0.000,1414.015,323.826,0.000,0.000,0.000,0.000,0.000,0.000,-0.000,999,0.190,8.000,99,9999,99999,9,999999999,0.000,0.999,0,0,999,0.000,0
1,4,2019,6,0,,15.840,15.460,97.000,89238.930,82.706,1414.015,322.465,0.000,0.000,0.000,0.000,0.000,0.000,0.000,999,0.190,8.000,99,9999,99999,9,999999999,0.000,0.999,0,0,999,0.000,0
1,4,2019,7,0,,15.520,15.410,99.000,89238.930,395.976,1414.015,321.086,49.750,0.000,49.750,5970.000,0.000,5472.500,56.741,999,0.190,8.000,99,9999,99999,9,999999999,0.000,0.999,0,0,999,0.000,0
1,4,2019,8,0,,18.050,15.820,86.000,89238.930,699.170,1414.015,333.022,185.300,8.939,180.884,22236.000,849.162,19897.269,116.551,999,0.190,8.000,99,9999,99999,9,999999999,0.000,0.999,0,0,999,0.000,0
1,4,2019,9,0,,19.520,16.060,80.000,89238.930,968.583,1414.015,340.507,322.070,44.342,291.706,38648.400,4212.488,32087.700,135.599,999,0.190,8.000,99,9999,99999,9,999999999,0.000,0.999,0,0,999,0.000,0
1,4,2019,10,0,,20.900,16.280,74.000,89238.930,1185.577,1414.015,347.109,440.540,27.311,417.644,52864.800,2594.552,45940.835,158.575,999,0.190,8.000,99,9999,99999,9,999999999,0.000,0.999,0,0,999,0.000,0
1,4,2019,11,0,,22.110,16.470,75.000,89238.930,1335.292,1414.015,357.090,530.490,58.730,475.032,63658.800,5579.354,52253.482,160.128,999,0.190,8.000,99,9999,99999,9,999999999,0.010,0.999,0,0,999,0.010,99
1,4,2019,12,0,,23.110,16.630,71.000,89238.930,1407.497,1414.015,362.085,585.090,45.225,540.074,70210.800,4296.347,59408.129,172.708,999,0.190,8.000,99,9999,99999,9,999999999,0.090,0.999,0,0,999,0.090,99
1,4,2019,13,0,,23.880,16.740,69.000,89238.930,1397.257,1414.015,366.665,600.350,98.021,503.491,72042.000,9312.004,55384.044,162.190,999,0.460,8.000,99,9999,99999,9,999999999,0.040,0.999,0,0,999,0.040,99
1,4,2019,14,0,,24.380,16.820,67.000,89238.930,1305.263,1414.015,369.084,575.180,115.475,468.592,69021.600,10970.135,51545.074,161.593,999,0.330,8.000,99,9999,99999,9,999999999,0.070,0.999,0,0,999,0.070,99
1,4,2019,15,0,,24.620,16.860,61.000,89238.930,1137.786,1414.015,366.056,511.370,91.132,438.052,61364.400,8657.548,48185.763,173.316,999,1.110,8.000,99,9999,99999,9,999999999,0.000,0.999,0,0,999,0.000,0
1,4,2019,16,0,,24.590,16.850,62.000,89238.930,906.261,1414.015,366.670,413.610,96.598,351.725,49633.200,9176.786,38689.784,174.758,999,0.370,8.000,99,9999,99999,9,999999999,0.000,0.999,0,0,999,0.000,0
1,4,2019,17,0,,24.150,16.790,68.000,89238.930,626.548,1414.015,368.038,289.480,178.497,210.483,34737.600,16957.198,23153.103,151.386,999,0.300,8.000,99,9999,99999,9,999999999,0.010,0.999,0,0,999,0.010,99
1,4,2019,18,0,,23.360,16.660,71.000,89238.930,318.134,1414.015,364.050,150.380,340.385,74.206,18045.600,32336.618,8162.680,105.549,999,0.190,8.000,99,9999,99999,9,999999999,0.130,0.999,0,0,999,0.130,99
1,4,2019,19,0,,22.330,16.500,74.000,89238.930,10.902,1414.015,358.116,23.000,0.000,0.000,2760.000,0.000,0.000,-0.000,999,0.190,8.000,99,9999,99999,9,999999999,0.030,0.999,0,0,999,0.030,99
1,4,2019,20,0,,21.420,16.360,77.000,89238.930,0.000,1414.015,353.080,0.000,0.000,0.000,0.000,0.000,0.000,-0.000,999,0.190,8.000,99,9999,99999,9,999999999,0.240,0.999,0,0,999,0.240,99
1,4,2019,21,0,,20.510,16.220,81.000,89238.930,0.000,1414.015,348.625,0.000,0.000,0.000,0.000,0.000,0.000,-0.000,999,0.190,8.000,99,9999,99999,9,999999999,0.620,0.999,0,0,999,0.620,99
1,4,2019,22,0,,19.600,16.070,85.000,89238.930,0.000,1414.015,344.075,0.000,0.000,0.000,0.000,0.000,0.000,-0.000,999,0.190,8.000,99,9999,99999,9,999999999,0.350,0.999,0,0,999,0.350,99
1,4,2019,23,0,,18.690,15.930,98.000,89238.930,0.000,1414.015,344.149,0.000,0.000,0.000,0.000,0.000,0.000,-0.000,999,0.190,8.000,99,9999,99999,9,999999999,8.180,0.999,0,0,999,8.180,99
1,4,2019,24,0,,17.780,15.720,85.000,89238.930,0.000,1414.015,330.475,0.000,0.000,0.000,0.000,0.000,0.000,-0.000,999,0.030,8.000,99,9999,99999,9,999999999,0.820,0.999,0,0,999,0.820,99
1,5,2019,1,0,,17.320,15.580,91.000,89238.930,0.000,1414.015,330.307,0.000,0.000,0.000,0.000,0.000,0.000,-0.000,999,0.030,8.000,99,9999,99999,9,999999999,1.570,0.999,0,0,999,1.570,99
1,5,2019,2,0,,16.870,15.440,88.000,89238.930,0.000,1414.015,325.441,0.000,0.000,0.000,0.000,0.000,0.000,-0.000,999,0.030,8.000,99,9999,99999,9,999999999,0.370,0.999,0,0,999,0.370,99
1,5,2019,3,0,,16.410,15.300,94.000,89238.930,0.000,1414.015,325.155,0.000,0.000,0.000,0.000,0.000,0.000,-0.000,999,0.030,8.000,99,9999,99999,9,999999999,2.840,0.999,0,0,999,2.840,99
1,5,2019,4,0,,15.960,15.160,92.000,89238.930,0.000,1413.996,320.900,0.000,0.000,0.000,0.000,0.000,0.000,-0.000,999,0.030,8.000,99,9999,99999,9,999999999,0.550,0.999,0,0,999,0.550,99
1,5,2019,5,0,,15.560,15.030,93.000,89238.930,0.000,1413.996,318.517,0.000,0.000,0.000,0.000,0.000,0.000,-0.000,999,0.040,8.000,99,9999,99999,9,999999999,0.240,0.999,0,0,999,0.240,99
1,5,2019,6,0,,15.260,14.940,99.000,89238.930,79.491,1413.996,319.209,0.000,0.000,0.000,0.000,0.000,0.000,0.000,999,0.030,8.000,99,9999,99999,9,999999999,4.580,0.999,0,0,999,4.580,99
1,5,2019,7,0,,14.960,14.840,95.000,89238.930,392.884,1413.996,315.193,43.090,0.000,43.090,5170.800,0.000,4739.900,49.534,999,0.080,8.000,99,9999,99999,9,999999999,0.450,0.999,0,0,999,0.450,99
1,5,2019,8,0,,17.550,15.650,90.000,89238.930,696.484,1413.996,331.482,163.360,3.173,161.798,19603.200,301.444,17797.832,104.655,999,0.120,8.000,99,9999,99999,9,999999999,2.050,0.999,0,0,999,2.050,99
1,5,2019,9,0,,18.250,15.860,79.000,89238.930,966.434,1413.996,330.473,186.850,5.073,183.384,22422.000,481.911,20172.246,85.435,999,0.070,8.000,99,9999,99999,9,999999999,0.000,0.999,0,0,999,0.000,0
1,5,2019,10,0,,19.880,16.350,78.000,89238.930,1184.052,1413.996,341.981,390.480,16.060,377.033,46857.600,1525.694,41473.676,143.338,999,0.190,8.000,99,9999,99999,9,999999999,0.030,0.999,0,0,999,0.030,99
1,5,2019,11,0,,21.270,16.750,74.000,89238.930,1334.437,1413.996,349.932,470.660,38.486,434.340,56479.200,3656.206,47777.444,146.503,999,0.520,8.000,99,9999,99999,9,999999999,0.020,0.999,0,0,999,0.020,99
1,5,2019,12,0,,22.390,17.060,71.000,89238.930,1407.309,1413.996,356.470,519.450,48.856,470.825,62334.000,4641.341,51790.746,150.581,999,0.630,8.000,99,9999,99999,9,999999999,0.190,0.999,0,0,999,0.190,99
1,5,2019,13,0,,23.250,17.300,68.000,89238.930,1397.689,1413.996,360.951,533.290,55.133,478.794,63994.800,5237.591,52667.302,154.184,999,1.000,8.000,99,9999,99999,9,999999999,0.010,0.999,0,0,999,0.010,99
1,5,2019,14,0,,23.820,17.460,67.000,89238.930,1306.225,1413.996,364.655,511.180,63.989,452.072,61341.600,6078.910,49727.867,155.779,999,1.500,8.000,99,9999,99999,9,999999999,0.060,0.999,0,0,999,0.060,99
1,5,2019,15,0,,24.100,17.540,66.000,89238.930,1139.150,1413.996,366.077,454.700,56.531,409.164,54564.000,5370.475,45008.065,161.690,999,1.190,8.000,99,9999,99999,9,999999999,0.150,0.999,0,0,999,0.150,99
1,5,2019,16,0,,24.110,17.540,66.000,89238.930,907.872,1413.996,366.156,368.010,59.642,329.732,44161.200,5665.967,36270.562,163.537,999,0.380,8.000,99,9999,99999,9,999999999,0.300,0.999,0,0,999,0.300,99
1,5,2019,17,0,,23.700,17.430,67.000,89238.930,628.234,1413.996,363.711,257.800,111.071,208.510,30936.000,10551.706,22936.133,149.562,999,0.150,8.000,99,9999,99999,9,999999999,0.040,0.999,0,0,999,0.040,99
1,5,2019,18,0,,22.920,17.210,69.000,89238.930,319.711,1413.996,359.128,134.210,212.240,86.475,16105.200,20162.765,9512.236,122.385,999,0.030,8.000,99,9999,99999,9,999999999,0.090,0.999,0,0,999,0.090,99
1,5,2019,19,0,,21.880,16.920,77.000,89238.930,12.023,1413.996,356.643,20.800,0.000,20.800,2496.000,0.000,2288.000,54007.778,999,0.030,8.000,99,9999,99999,9,999999999,1.000,0.999,0,0,999,1.000,99
1,5,2019,20,0,,21.110,16.700,74.000,89238.930,0.000,1413.996,348.709,0.000,0.000,0.000,0.000,0.000,0.000,-0.000,999,0.030,8.000,99,9999,99999,9,999999999,0.120,0.999,0,0,999,0.120,99
1,5,2019,21,0,,20.330,16.480,77.000,89238.930,0.000,1413.996,344.747,0.000,0.000,0.000,0.000,0.000,0.000,-0.000,999,0.030,8.000,99,9999,99999,9,999999999,0.670,0.999,0,0,999,0.670,99
1,5,2019,22,0,,19.560,16.250,84.000,89238.930,0.000,1413.996,343.191,0.000,0.000,0.000,0.000,0.000,0.000,-0.000,999,0.030,8.000,99,9999,99999,9,999999999,1.240,0.999,0,0,999,1.240,99
1,5,2019,23,0,,18.790,16.020,91.000,89238.930,0.000,1413.996,341.280,0.000,0.000,0.000,0.000,0.000,0.000,-0.000,999,0.030,8.000,99,9999,99999,9,999999999,48.610,0.999,0,0,999,48.610,99
1,5,2019,24,0,,18.010,16.070,93.000,89238.930,0.000,1413.996,336.467,0.000,0.000,0.000,0.000,0.000,0.000,-0.000,999,0.060,8.000,99,9999,99999,9,999999999,0.010,0.999,0,0,999,0.010,99
1,6,2019,1,0,,17.630,15.980,95.000,89238.930,0.000,1413.996,334.649,0.000,0.000,0.000,0.000,0.000,0.000,-0.000,999,0.060,8.000,99,9999,99999,9,999999999,0.010,0.999,0,0,999,0.010,99
1,6,2019,2,0,,17.240,15.890,91.000,89238.930,0.000,1413.996,329.718,0.000,0.000,0.000,0.000,0.000,0.000,-0.000,999,0.060,8.000,99,9999,99999,9,999999999,0.000,0.999,0,0,999,0.000,0
1,6,2019,3,0,,16.850,15.790,93.000,89238.930,0.000,1413.996,327.874,0.000,0.000,0.000,0.000,0.000,0.000,-0.000,999,0.060,8.000,99,9999,99999,9,999999999,0.000,0.999,0,0,999,0.000,0
1,6,2019,4,0,,16.470,15.700,95.000,89238.930,0.000,1413.963,326.086,0.000,0.000,0.000,0.000,0.000,0.000,-0.000,999,0.060,8.000,99,9999,99999,9,999999999,0.000,0.999,0,0,999,0.000,0
1,6,2019,5,0,,16.120,15.620,96.000,89238.930,0.000,1413.963,324.020,0.000,0.000,0.000,0.000,0.000,0.000,-0.000,999,0.060,8.000,99,9999,99999,9,999999999,0.000,0.999,0,0,999,0.000,0
1,6,2019,6,0,,15.870,15.560,98.000,89238.930,76.250,1413.963,323.155,0.000,0.000,0.000,0.000,0.000,0.000,0.000,999,0.060,8.000,99,9999,99999,9,999999999,0.000,0.999,0,0,999,0.000,0
1,6,2019,7,0,,15.610,15.500,99.000,89238.930,389.769,1413.963,321.737,50.590,0.000,50.590,6070.800,0.000,5564.900,58.623,999,0.060,8.000,99,9999,99999,9,999999999,0.000,0.999,0,0,999,0.000,0
1,6,2019,8,0,,17.580,15.970,95.000,89238.930,693.783,1413.963,334.276,195.340,12.921,189.006,23440.800,1227.484,20790.661,122.727,999,0.060,8.000,99,9999,99999,9,999999999,0.120,0.999,0,0,999,0.120,99
1,6,2019,9,0,,18.740,16.240,95.000,89238.930,964.274,1413.963,343.003,342.120,57.529,302.901,41054.400,5465.242,33319.060,141.428,999,0.060,8.000,99,9999,99999,9,999999999,1.680,0.999,0,0,999,1.680,99
1,6,2019,10,0,,19.830,16.490,86.000,89238.930,1182.519,1413.963,346.402,469.500,35.300,439.982,56340.000,3353.513,48397.985,167.483,999,0.060,7.000,99,9999,99999,9,999999999,0.040,0.999,0,0,999,0.040,99
1,6,2019,11,0,,20.800,16.700,77.000,89238.930,1333.571,1413.963,348.321,566.460,51.701,517.700,67975.200,4911.633,56946.989,174.729,999,0.060,7.000,99,9999,99999,9,999999999,0.000,0.999,0,0,999,0.000,0
1,6,2019,12,0,,21.600,16.880,74.000,89238.930,1407.105,1413.963,352.464,625.600,59.046,566.841,75072.000,5609.369,62352.458,181.311,999,0.170,7.000,99,9999,99999,9,999999999,0.000,0.999,0,0,999,0.000,0
1,6,2019,13,0,,22.210,17.020,72.000,89238.930,1398.096,1413.963,355.787,642.610,67.963,575.410,77113.200,6456.513,63295.077,185.238,999,0.380,7.000,99,9999,99999,9,999999999,0.000,0.999,0,0,999,0.000,0
1,6,2019,14,0,,22.610,17.110,71.000,89238.930,1307.149,1413.963,358.178,616.260,80.187,542.134,73951.200,7617.763,59634.763,186.677,999,1.350,7.000,99,9999,99999,9,999999999,0.000,0.999,0,0,999,0.000,0
1,6,2019,15,0,,22.810,17.150,70.000,89238.930,1140.463,1413.963,359.009,548.440,119.444,452.115,65812.800,11347.227,49732.608,178.453,999,1.200,7.000,99,9999,99999,9,999999999,0.000,0.999,0,0,999,0.000,0
1,6,2019,16,0,,22.790,17.140,70.000,89238.930,909.417,1413.963,358.853,444.140,125.853,363.229,53296.800,11955.995,39955.214,179.840,999,0.980,7.000,99,9999,99999,9,999999999,0.000,0.999,0,0,999,0.000,0
1,6,2019,17,0,,22.450,17.070,76.000,89238.930,629.838,1413.963,360.422,311.410,250.639,199.897,37369.200,23810.714,21988.619,143.013,999,0.680,8.000,99,9999,99999,9,999999999,0.010,0.999,0,0,999,0.010,99
1,6,2019,18,0,,21.830,16.930,73.000,89238.930,321.195,1413.963,353.550,162.440,421.547,67.182,19492.800,40046.927,7390.053,94.635,999,0.410,8.000,99,9999,99999,9,999999999,0.000,0.999,0,0,999,0.000,0
1,6,2019,19,0,,21.020,16.750,76.000,89238.930,13.058,1413.963,349.351,25.490,0.000,25.490,3058.800,0.000,2803.900,8305.475,999,0.100,8.000,99,9999,99999,9,999999999,0.000,0.999,0,0,999,0.000,0
1,6,2019,20,0,,20.360,16.610,84.000,89238.930,0.000,1413.963,349.289,0.000,0.000,0.000,0.000,0.000,0.000,-0.000,999,0.060,8.000,99,9999,99999,9,999999999,0.070,0.999,0,0,999,0.070,99
1,6,2019,21,0,,19.710,16.460,86.000,89238.930,0.000,1413.963,345.488,0.000,0.000,0.000,0.000,0.000,0.000,-0.000,999,0.060,8.000,99,9999,99999,9,999999999,0.030,0.999,0,0,999,0.030,99
1,6,2019,22,0,,19.060,16.310,89.000,89238.930,0.000,1413.963,342.237,0.000,0.000,0.000,0.000,0.000,0.000,-0.000,999,0.060,8.000,99,9999,99999,9,999999999,0.020,0.999,0,0,999,0.020,99
1,6,2019,23,0,,18.400,16.160,86.000,89238.930,0.000,1413.963,335.621,0.000,0.000,0.000,0.000,0.000,0.000,-0.000,999,0.060,8.000,99,9999,99999,9,999999999,0.000,0.999,0,0,999,0.000,0
1,6,2019,24,0,,17.750,15.020,84.000,89238.930,0.000,1413.963,329.697,0.000,0.000,0.000,0.000,0.000,0.000,-0.000,999,0.050,8.000,99,9999,99999,9,999999999,0.000,0.999,0,0,999,0.000,0
1,7,2019,1,0,,17.420,14.940,85.000,89238.930,0.000,1413.963,327.835,0.000,0.000,0.000,0.000,0.000,0.000,-0.000,999,0.050,8.000,99,9999,99999,9,999999999,0.000,0.999,0,0,999,0.000,0
1,7,2019,2,0,,17.100,14.870,86.000,89238.930,0.000,1413.963,326.046,0.000,0.000,0.000,0.000,0.000,0.000,-0.000,999,0.050,8.000,99,9999,99999,9,999999999,0.000,0.999,0,0,999,0.000,0
1,7,2019,3,0,,16.770,14.800,88.000,89238.930,0.000,1413.963,324.714,0.000,0.000,0.000,0.000,0.000,0.000,-0.000,999,0.050,8.000,99,9999,99999,9,999999999,0.000,0.999,0,0,999,0.000,0
1,7,2019,4,0,,16.440,14.730,89.000,89238.930,0.000,1413.914,322.844,0.000,0.000,0.000,0.000,0.000,0.000,-0.000,999,0.050,8.000,99,9999,99999,9,999999999,0.000,0.999,0,0,999,0.000,0
1,7,2019,5,0,,16.150,14.660,90.000,89238.930,0.000,1413.914,321.262,0.000,0.000,0.000,0.000,0.000,0.000,-0.000,999,0.050,8.000,99,9999,99999,9,999999999,0.000,0.999,0,0,999,0.000,0
1,7,2019,6,0,,15.940,14.610,91.000,89238.930,72.986,1413.914,320.256,0.000,0.000,0.000,0.000,0.000,0.000,0.000,999,0.050,8.000,99,9999,99999,9,999999999,0.000,0.999,0,0,999,0.000,0
1,7,2019,7,0,,15.720,14.570,92.000,89238.930,386.633,1413.914,319.173,65.700,0.000,65.700,7884.000,0.000,7227.000,76.751,999,0.050,8.000,99,9999,99999,9,999999999,0.000,0.999,0,0,999,0.000,0
1,7,2019,8,0,,16.870,14.820,87.000,89238.930,691.069,1413.914,324.910,96.570,0.000,96.570,11588.400,0.000,10622.700,62.950,999,0.050,8.000,99,9999,99999,9,999999999,0.000,0.999,0,0,999,0.000,0
1,7,2019,9,0,,18.630,15.210,80.000,89238.930,962.106,1413.914,333.870,454.490,136.235,361.820,54538.800,12942.290,39800.190,169.313,999,0.050,5.000,99,9999,99999,9,999999999,0.000,0.999,0,0,999,0.000,0
1,7,2019,10,0,,20.110,15.530,74.000,89238.930,1180.978,1413.914,341.141,624.750,202.393,455.722,74970.000,19227.309,50129.427,173.695,999,0.070,5.000,99,9999,99999,9,999999999,0.000,0.999,0,0,999,0.000,0
1,7,2019,11,0,,21.370,15.800,70.000,89238.930,1332.694,1413.914,347.925,754.490,266.474,503.332,90538.800,25315.055,55366.536,169.986,999,0.220,4.000,99,9999,99999,9,999999999,0.000,0.999,0,0,999,0.000,0
1,7,2019,12,0,,22.390,16.010,67.000,89238.930,1406.884,1413.914,353.529,833.830,306.296,529.058,100059.600,29098.144,58196.327,169.246,999,0.760,4.000,99,9999,99999,9,999999999,0.000,0.999,0,0,999,0.000,0
1,7,2019,13,0,,23.170,16.170,64.000,89238.930,1398.475,1413.914,357.219,856.950,360.841,500.051,102834.000,34279.887,55005.650,160.929,999,0.830,4.000,99,9999,99999,9,999999999,0.000,0.999,0,0,999,0.000,0
1,7,2019,14,0,,23.700,16.280,63.000,89238.930,1308.033,1413.914,360.526,822.210,427.271,426.954,98665.200,40590.776,46964.974,146.912,999,1.210,4.000,99,9999,99999,9,999999999,0.000,0.999,0,0,999,0.000,0
1,7,2019,15,0,,23.960,16.330,62.000,89238.930,1141.721,1413.914,361.728,732.080,462.305,358.832,87849.600,43919.008,39471.476,141.472,999,1.020,4.000,99,9999,99999,9,999999999,0.000,0.999,0,0,999,0.000,0
1,7,2019,16,0,,23.980,16.330,62.000,89238.930,910.893,1413.914,361.884,593.190,544.392,242.619,71182.800,51717.223,26688.073,119.925,999,0.800,5.000,99,9999,99999,9,999999999,0.000,0.999,0,0,999,0.000,0
1,7,2019,17,0,,23.610,16.260,63.000,89238.930,631.359,1413.914,359.826,416.270,597.823,149.635,49952.400,56793.187,16459.866,106.792,999,0.460,6.000,99,9999,99999,9,999999999,0.000,0.999,0,0,999,0.000,0
1,7,2019,18,0,,22.910,16.120,65.000,89238.930,322.583,1413.914,356.000,217.530,501.365,103.737,26103.600,47629.675,11411.055,145.486,999,0.120,7.000,99,9999,99999,9,999999999,0.000,0.999,0,0,999,0.000,0
1,7,2019,19,0,,21.970,15.920,68.000,89238.930,14.003,1413.914,351.054,34.500,0.000,34.500,4140.000,0.000,3795.000,6255.789,999,0.050,8.000,99,9999,99999,9,999999999,0.000,0.999,0,0,999,0.000,0
1,7,2019,20,0,,21.220,15.760,71.000,89238.930,0.000,1413.914,347.489,0.000,0.000,0.000,0.000,0.000,0.000,-0.000,999,0.050,8.000,99,9999,99999,9,999999999,0.000,0.999,0,0,999,0.000,0
1,7,2019,21,0,,20.460,15.600,73.000,89238.930,0.000,1413.914,343.108,0.000,0.000,0.000,0.000,0.000,0.000,-0.000,999,0.050,8.000,99,9999,99999,9,999999999,0.000,0.999,0,0,999,0.000,0
1,7,2019,22,0,,19.700,15.440,76.000,89238.930,0.000,1413.914,339.365,0.000,0.000,0.000,0.000,0.000,0.000,-0.000,999,0.050,8.000,99,9999,99999,9,999999999,0.000,0.999,0,0,999,0.000,0
1,7,2019,23,0,,18.940,15.280,79.000,89238.930,0.000,1413.914,335.567,0.000,0.000,0.000,0.000,0.000,0.000,-0.000,999,0.050,8.000,99,9999,99999,9,999999999,0.000,0.999,0,0,999,0.000,0
1,7,2019,24,0,,18.180,15.590,84.000,89238.930,0.000,1413.914,332.865,0.000,0.000,0.000,0.000,0.000,0.000,-0.000,999,0.020,8.000,99,9999,99999,9,999999999,0.000,0.999,0,0,999,0.000,0
1,8,2019,1,0,,17.800,15.460,86.000,89238.930,0.000,1413.914,331.176,0.000,0.000,0.000,0.000,0.000,0.000,-0.000,999,0.020,8.000,99,9999,99999,9,999999999,0.000,0.999,0,0,999,0.000,0
1,8,2019,2,0,,17.430,15.340,87.000,89238.930,0.000,1413.914,328.999,0.000,0.000,0.000,0.000,0.000,0.000,-0.000,999,0.020,8.000,99,9999,99999,9,999999999,0.000,0.999,0,0,999,0.000,0
1,8,2019,3,0,,17.050,15.210,88.000,89238.930,0.000,1413.914,326.753,0.000,0.000,0.000,0.000,0.000,0.000,-0.000,999,0.020,8.000,99,9999,99999,9,999999999,0.000,0.999,0,0,999,0.000,0
1,8,2019,4,0,,16.670,15.080,90.000,89238.930,0.000,1413.850,325.030,0.000,0.000,0.000,0.000,0.000,0.000,-0.000,999,0.020,8.000,99,9999,99999,9,999999999,0.000,0.999,0,0,999,0.000,0
1,8,2019,5,0,,16.330,14.960,91.000,89238.930,0.000,1413.850,323.072,0.000,0.000,0.000,0.000,0.000,0.000,-0.000,999,0.020,8.000,99,9999,99999,9,999999999,0.000,0.999,0,0,999,0.000,0
1,8,2019,6,0,,16.080,14.870,92.000,89238.930,69.703,1413.850,321.767,0.000,0.000,0.000,0.000,0.000,0.000,0.000,999,0.040,8.000,99,9999,99999,9,999999999,0.000,0.999,0,0,999,0.000,0
1,8,2019,7,0,,15.830,14.790,93.000,89238.930,383.480,1413.850,320.458,52.310,0.000,52.310,6277.200,0.000,5754.100,61.613,999,0.020,8.000,99,9999,99999,9,999999999,0.000,0.999,0,0,999,0.000,0
1,8,2019,8,0,,18.200,15.600,84.000,89238.930,688.345,1413.850,333.013,209.860,20.002,200.131,25183.200,1900.229,22014.390,130.970,999,0.080,8.000,99,9999,99999,9,999999999,0.000,0.999,0,0,999,0.000,0
1,8,2019,9,0,,19.640,16.070,79.000,89238.930,959.931,1413.850,340.796,370.430,81.180,315.332,44451.600,7712.066,34686.534,147.887,999,0.130,7.000,99,9999,99999,9,999999999,0.000,0.999,0,0,999,0.000,0
1,8,2019,10,0,,20.990,16.510,75.000,89238.930,1179.430,1413.850,348.462,510.050,125.929,405.014,61206.000,11963.225,44551.545,154.563,999,0.140,7.000,99,9999,99999,9,999999999,0.000,0.999,0,0,999,0.000,0
1,8,2019,11,0,,22.180,16.880,71.000,89238.930,1331.807,1413.850,354.845,616.570,73.195,547.625,73988.400,6953.545,60238.722,185.060,999,0.400,7.000,99,9999,99999,9,999999999,0.000,0.999,0,0,999,0.000,0
1,8,2019,12,0,,23.180,17.190,69.000,89238.930,1406.644,1413.850,361.157,681.860,83.975,598.313,81823.200,7977.608,65814.474,191.425,999,0.870,7.000,99,9999,99999,9,999999999,0.000,0.999,0,0,999,0.000,0
1,8,2019,13,0,,23.940,17.420,66.000,89238.930,1398.826,1413.850,364.816,701.130,96.803,605.356,84135.600,9196.322,66589.146,194.762,999,0.950,7.000,99,9999,99999,9,999999999,0.000,0.999,0,0,999,0.000,0
1,8,2019,14,0,,24.440,17.570,65.000,89238.930,1308.876,1413.850,367.964,673.020,113.949,567.537,80762.400,10825.123,62429.054,195.151,999,1.250,7.000,99,9999,99999,9,999999999,0.000,0.999,0,0,999,0.000,0
1,8,2019,15,0,,24.690,17.640,64.000,89238.930,1142.923,1413.850,369.130,599.510,168.539,463.289,71941.200,16011.160,50961.746,182.455,999,1.220,7.000,99,9999,99999,9,999999999,0.000,0.999,0,0,999,0.000,0
1,8,2019,16,0,,24.670,17.640,64.000,89238.930,912.297,1413.850,368.971,486.030,175.312,372.955,58323.600,16654.599,41025.097,184.057,999,0.530,7.000,99,9999,99999,9,999999999,0.000,0.999,0,0,999,0.000,0
1,8,2019,17,0,,24.260,17.520,66.000,89238.930,632.795,1413.850,367.341,341.340,357.801,181.386,40960.800,33991.066,19952.490,129.152,999,0.290,7.000,99,9999,99999,9,999999999,0.000,0.999,0,0,999,0.000,0
1,8,2019,18,0,,23.500,17.290,68.000,89238.930,323.872,1413.850,362.909,178.670,442.408,77.848,21440.400,42028.794,8563.254,108.733,999,0.080,8.000,99,9999,99999,9,999999999,0.000,0.999,0,0,999,0.000,0
1,8,2019,19,0,,22.500,16.980,70.000,89238.930,14.857,1413.850,356.600,28.610,0.000,28.610,3433.200,0.000,3147.100,3706.731,999,0.020,8.000,99,9999,99999,9,999999999,0.000,0.999,0,0,999,0.000,0
1,8,2019,20,0,,21.710,16.740,73.000,89238.930,0.000,1413.850,352.625,0.000,0.000,0.000,0.000,0.000,0.000,-0.000,999,0.020,8.000,99,9999,99999,9,999999999,0.000,0.999,0,0,999,0.000,0
1,8,2019,21,0,,20.930,16.490,75.000,89238.930,0.000,1413.850,348.004,0.000,0.000,0.000,0.000,0.000,0.000,-0.000,999,0.020,8.000,99,9999,99999,9,999999999,0.000,0.999,0,0,999,0.000,0
1,8,2019,22,0,,20.140,16.240,78.000,89238.930,0.000,1413.850,343.943,0.000,0.000,0.000,0.000,0.000,0.000,-0.000,999,0.020,8.000,99,9999,99999,9,999999999,0.000,0.999,0,0,999,0.000,0
1,8,2019,23,0,,19.350,15.980,80.000,89238.930,0.000,1413.850,339.231,0.000,0.000,0.000,0.000,0.000,0.000,-0.000,999,0.020,8.000,99,9999,99999,9,999999999,0.000,0.999,0,0,999,0.000,0
1,8,2019,24,0,,18.570,16.060,84.000,89238.930,0.000,1413.850,335.759,0.000,0.000,0.000,0.000,0.000,0.000,-0.000,999,0.010,8.000,99,9999,99999,9,999999999,0.010,0.999,0,0,999,0.010,99
1,9,2019,1,0,,18.170,15.880,81.000,89238.930,0.000,1413.850,331.067,0.000,0.000,0.000,0.000,0.000,0.000,-0.000,999,0.010,8.000,99,9999,99999,9,999999999,0.000,0.999,0,0,999,0.000,0
1,9,2019,2,0,,17.780,15.700,82.000,89238.930,0.000,1413.850,328.783,0.000,0.000,0.000,0.000,0.000,0.000,-0.000,999,0.010,8.000,99,9999,99999,9,999999999,0.000,0.999,0,0,999,0.000,0
1,9,2019,3,0,,17.390,15.530,86.000,89238.930,0.000,1413.850,328.164,0.000,0.000,0.000,0.000,0.000,0.000,-0.000,999,0.010,8.000,99,9999,99999,9,999999999,0.010,0.999,0,0,999,0.010,99
1,9,2019,4,0,,17.000,15.350,87.000,89238.930,0.000,1413.771,325.856,0.000,0.000,0.000,0.000,0.000,0.000,-0.000,999,0.010,8.000,99,9999,99999,9,999999999,0.040,0.999,0,0,999,0.040,99
1,9,2019,5,0,,16.650,15.190,88.000,89238.930,0.000,1413.771,323.843,0.000,0.000,0.000,0.000,0.000,0.000,-0.000,999,0.010,8.000,99,9999,99999,9,999999999,0.030,0.999,0,0,999,0.030,99
1,9,2019,6,0,,16.390,15.060,92.000,89238.930,66.405,1413.771,324.013,0.000,0.000,0.000,0.000,0.000,0.000,0.000,999,0.020,8.000,99,9999,99999,9,999999999,1.680,0.999,0,0,999,1.680,99
1,9,2019,7,0,,16.130,14.940,89.000,89238.930,380.310,1413.771,320.606,46.250,0.000,46.250,5550.000,0.000,5087.500,54.929,999,0.020,8.000,99,9999,99999,9,999999999,0.070,0.999,0,0,999,0.070,99
1,9,2019,8,0,,18.280,15.930,85.000,89238.930,685.612,1413.771,334.170,189.330,11.478,183.769,22719.600,1090.386,20214.604,120.736,999,0.020,8.000,99,9999,99999,9,999999999,0.010,0.999,0,0,999,0.010,99
1,9,2019,9,0,,19.610,16.510,78.000,89238.930,957.751,1413.771,339.952,335.540,54.913,298.352,40264.800,5216.719,32818.773,140.235,999,0.040,8.000,99,9999,99999,9,999999999,0.000,0.999,0,0,999,0.000,0
1,9,2019,10,0,,20.850,17.040,76.000,89238.930,1177.877,1413.771,348.053,462.790,52.261,419.254,55534.800,4964.811,46117.992,160.200,999,0.110,7.000,99,9999,99999,9,999999999,0.000,0.999,0,0,999,0.000,0
1,9,2019,11,0,,21.960,17.490,74.000,89238.930,1330.909,1413.771,355.243,559.980,49.870,513.035,67197.600,4737.618,56433.850,173.478,999,0.330,7.000,99,9999,99999,9,999999999,0.000,0.999,0,0,999,0.000,0
1,9,2019,12,0,,22.870,17.860,72.000,89238.930,1406.386,1413.771,360.926,619.680,56.960,563.017,74361.600,5411.223,61931.923,180.156,999,0.860,7.000,99,9999,99999,9,999999999,0.000,0.999,0,0,999,0.000,0
1,9,2019,13,0,,23.580,18.140,71.000,89238.930,1399.146,1413.771,365.787,637.530,123.925,514.887,76503.600,11772.914,56637.600,165.608,999,1.330,7.000,99,9999,99999,9,999999999,0.000,0.999,0,0,999,0.000,0
1,9,2019,14,0,,24.040,18.320,70.000,89238.930,1309.674,1413.771,368.690,612.240,77.314,540.622,73468.800,7344.807,59468.459,185.772,999,1.260,7.000,99,9999,99999,9,999999999,0.000,0.999,0,0,999,0.000,0
1,9,2019,15,0,,24.270,18.410,69.000,89238.930,1144.067,1413.771,369.761,545.620,115.173,452.433,65474.400,10941.475,49767.582,177.991,999,0.940,7.000,99,9999,99999,9,999999999,0.000,0.999,0,0,999,0.000,0
1,9,2019,16,0,,24.260,18.400,69.000,89238.930,913.628,1413.771,369.681,442.560,121.411,364.132,53107.200,11534.003,40054.560,179.431,999,0.480,7.000,99,9999,99999,9,999999999,0.000,0.999,0,0,999,0.000,0
1,9,2019,17,0,,23.890,18.260,70.000,89238.930,634.142,1413.771,367.498,311.030,242.156,202.538,37323.600,23004.780,22279.161,143.897,999,0.520,8.000,99,9999,99999,9,999999999,0.000,0.999,0,0,999,0.000,0
1,9,2019,18,0,,23.190,17.990,71.000,89238.930,325.061,1413.771,362.713,163.050,409.042,69.481,19566.000,38859.015,7642.859,96.682,999,0.110,8.000,99,9999,99999,9,999999999,0.000,0.999,0,0,999,0.000,0
1,9,2019,19,0,,22.270,17.620,73.000,89238.930,15.617,1413.771,356.955,26.340,0.000,26.340,3160.800,0.000,2897.400,2722.324,999,0.060,8.000,99,9999,99999,9,999999999,0.000,0.999,0,0,999,0.000,0
1,9,2019,20,0,,21.520,17.310,74.000,89238.930,0.000,1413.771,351.849,0.000,0.000,0.000,0.000,0.000,0.000,-0.000,999,0.020,8.000,99,9999,99999,9,999999999,0.000,0.999,0,0,999,0.000,0
1,9,2019,21,0,,20.760,17.000,79.000,89238.930,0.000,1413.771,349.293,0.000,0.000,0.000,0.000,0.000,0.000,-0.000,999,0.030,8.000,99,9999,99999,9,999999999,0.020,0.999,0,0,999,0.020,99
1,9,2019,22,0,,20.010,16.680,81.000,89238.930,0.000,1413.771,344.815,0.000,0.000,0.000,0.000,0.000,0.000,-0.000,999,0.030,8.000,99,9999,99999,9,999999999,0.120,0.999,0,0,999,0.120,99
1,9,2019,23,0,,19.260,16.360,79.000,89238.930,0.000,1413.771,337.950,0.000,0.000,0.000,0.000,0.000,0.000,-0.000,999,0.020,7.000,99,9999,99999,9,999999999,0.000,0.999,0,0,999,0.000,0
1,9,2019,24,0,,18.510,16.890,91.000,89238.930,0.000,1413.771,339.169,0.000,0.000,0.000,0.000,0.000,0.000,-0.000,999,1.060,7.000,99,9999,99999,9,999999999,0.110,0.999,0,0,999,0.110,99
1,10,2019,1,0,,18.130,16.760,88.000,89238.930,0.000,1413.771,334.713,0.000,0.000,0.000,0.000,0.000,0.000,-0.000,999,1.610,7.000,99,9999,99999,9,999999999,0.000,0.999,0,0,999,0.000,0
1,10,2019,2,0,,17.760,16.630,94.000,89238.930,0.000,1413.771,335.112,0.000,0.000,0.000,0.000,0.000,0.000,-0.000,999,0.940,7.000,99,9999,99999,9,999999999,0.010,0.999,0,0,999,0.010,99
1,10,2019,3,0,,17.380,16.500,96.000,89238.930,0.000,1413.771,333.287,0.000,0.000,0.000,0.000,0.000,0.000,-0.000,999,1.480,7.000,99,9999,99999,9,999999999,0.150,0.999,0,0,999,0.150,99
1,10,2019,4,0,,17.010,16.360,92.000,89238.930,0.000,1413.677,328.541,0.000,0.000,0.000,0.000,0.000,0.000,-0.000,999,0.830,6.000,99,9999,99999,9,999999999,0.000,0.999,0,0,999,0.000,0
1,10,2019,5,0,,16.670,16.240,99.000,89238.930,0.000,1413.677,329.485,0.000,0.000,0.000,0.000,0.000,0.000,-0.000,999,1.630,6.000,99,9999,99999,9,999999999,0.020,0.999,0,0,999,0.020,99
1,10,2019,6,0,,16.430,16.150,94.000,89238.930,63.095,1413.677,325.301,0.000,0.000,0.000,0.000,0.000,0.000,0.000,999,1.470,6.000,99,9999,99999,9,999999999,0.000,0.999,0,0,999,0.000,0
1,10,2019,7,0,,16.180,16.060,95.000,89238.930,377.129,1413.677,323.972,97.140,4.509,95.942,11656.800,428.384,10553.571,114.907,999,0.860,6.000,99,9999,99999,9,999999999,0.000,0.999,0,0,999,0.000,0
1,10,2019,8,0,,20.170,17.460,80.000,89238.930,682.872,1413.677,345.417,229.960,59.482,201.255,27595.200,5650.758,22138.068,132.747,999,1.370,7.000,99,9999,99999,9,999999999,0.000,0.999,0,0,999,0.000,0
1,10,2019,9,0,,20.600,17.600,84.000,89238.930,955.567,1413.677,351.134,216.520,38.784,190.313,25982.400,3684.517,20934.435,89.652,999,1.070,8.000,99,9999,99999,9,999999999,0.060,0.999,0,0,999,0.060,99
1,10,2019,10,0,,20.370,17.530,85.000,89238.930,1176.318,1413.677,349.957,143.940,4.489,140.205,17272.800,426.435,15422.591,53.641,999,1.530,8.000,99,9999,99999,9,999999999,0.190,0.999,0,0,999,0.190,99
1,10,2019,11,0,,21.660,17.950,80.000,89238.930,1330.000,1413.677,356.879,435.760,45.614,392.848,52291.200,4333.336,43213.226,132.920,999,0.660,8.000,99,9999,99999,9,999999999,0.240,0.999,0,0,999,0.240,99
1,10,2019,12,0,,21.800,18.000,80.000,89238.930,1406.108,1413.677,357.971,258.920,15.335,243.667,31070.400,1456.816,26803.398,77.979,999,0.370,8.000,99,9999,99999,9,999999999,0.030,0.999,0,0,999,0.030,99
1,10,2019,13,0,,22.730,18.300,71.000,89238.930,1399.435,1413.677,359.113,496.680,35.944,461.098,59601.600,3414.676,50720.820,148.267,999,0.350,8.000,99,9999,99999,9,999999999,0.000,0.999,0,0,999,0.000,0
1,10,2019,14,0,,23.370,18.500,75.000,89238.930,1310.428,1413.677,366.991,477.190,45.852,434.689,57262.800,4355.903,47815.818,149.275,999,0.350,8.000,99,9999,99999,9,999999999,0.090,0.999,0,0,999,0.090,99
1,10,2019,15,0,,24.020,18.710,73.000,89238.930,1145.150,1413.677,370.747,537.020,153.146,412.983,64442.400,14548.885,45428.129,162.307,999,0.350,7.000,99,9999,99999,9,999999999,0.390,0.999,0,0,999,0.390,99
1,10,2019,16,0,,24.080,18.730,72.000,89238.930,914.883,1413.677,370.496,345.250,53.333,310.749,41430.000,5066.591,34182.399,152.905,999,0.350,8.000,99,9999,99999,9,999999999,0.650,0.999,0,0,999,0.650,99
1,10,2019,17,0,,24.100,18.730,72.000,89238.930,635.399,1413.677,370.656,329.490,280.255,203.670,39538.800,26624.207,22403.741,144.405,999,0.350,7.000,99,9999,99999,9,999999999,0.310,0.999,0,0,999,0.310,99
1,10,2019,18,0,,23.590,18.570,74.000,89238.930,326.148,1413.677,368.035,178.370,378.241,91.548,21404.400,35932.901,10070.311,126.952,999,0.350,8.000,99,9999,99999,9,999999999,0.500,0.999,0,0,999,0.500,99
1,10,2019,19,0,,22.770,18.310,77.000,89238.930,16.280,1413.677,363.615,53.830,0.000,53.830,6459.600,0.000,5921.300,4729.140,999,0.350,8.000,99,9999,99999,9,999999999,0.050,0.999,0,0,999,0.050,99
1,10,2019,20,0,,21.900,18.030,79.000,89238.930,0.000,1413.677,358.108,0.000,0.000,0.000,0.000,0.000,0.000,-0.000,999,0.350,8.000,99,9999,99999,9,999999999,0.870,0.999,0,0,999,0.870,99
1,10,2019,21,0,,21.030,17.750,87.000,89238.930,0.000,1413.677,356.241,0.000,0.000,0.000,0.000,0.000,0.000,-0.000,999,0.350,8.000,99,9999,99999,9,999999999,1.240,0.999,0,0,999,1.240,99
1,10,2019,22,0,,20.160,17.460,90.000,89238.930,0.000,1413.677,351.201,0.000,0.000,0.000,0.000,0.000,0.000,-0.000,999,0.350,8.000,99,9999,99999,9,999999999,2.060,0.999,0,0,999,2.060,99
1,10,2019,23,0,,19.300,17.160,99.000,89238.930,0.000,1413.677,349.331,0.000,0.000,0.000,0.000,0.000,0.000,-0.000,999,0.350,8.000,99,9999,99999,9,999999999,24.030,0.999,0,0,999,24.030,99
1,10,2019,24,0,,18.430,16.680,91.000,89238.930,0.000,1413.677,338.567,0.000,0.000,0.000,0.000,0.000,0.000,-0.000,999,0.100,8.000,99,9999,99999,9,999999999,0.240,0.999,0,0,999,0.240,99
1,11,2019,1,0,,17.990,16.510,92.000,89238.930,0.000,1413.677,335.798,0.000,0.000,0.000,0.000,0.000,0.000,-0.000,999,0.100,8.000,99,9999,99999,9,999999999,0.060,0.999,0,0,999,0.060,99
1,11,2019,2,0,,17.560,16.350,93.000,89238.930,0.000,1413.677,333.113,0.000,0.000,0.000,0.000,0.000,0.000,-0.000,999,0.100,8.000,99,9999,99999,9,999999999,0.160,0.999,0,0,999,0.160,99
1,11,2019,3,0,,17.130,16.180,94.000,89238.930,0.000,1413.677,330.437,0.000,0.000,0.000,0.000,0.000,0.000,-0.000,999,0.100,8.000,99,9999,99999,9,999999999,0.020,0.999,0,0,999,0.020,99
1,11,2019,4,0,,16.690,16.000,92.000,89238.930,0.000,1413.568,326.198,0.000,0.000,0.000,0.000,0.000,0.000,-0.000,999,0.100,8.000,99,9999,99999,9,999999999,0.000,0.999,0,0,999,0.000,0
1,11,2019,5,0,,16.310,15.850,93.000,89238.930,0.000,1413.568,323.932,0.000,0.000,0.000,0.000,0.000,0.000,-0.000,999,0.100,8.000,99,9999,99999,9,999999999,0.000,0.999,0,0,999,0.000,0
1,11,2019,6,0,,16.020,15.740,94.000,89238.930,59.778,1413.568,322.322,0.000,0.000,0.000,0.000,0.000,0.000,0.000,999,0.100,8.000,99,9999,99999,9,999999999,0.000,0.999,0,0,999,0.000,0
1,11,2019,7,0,,15.740,15.620,99.000,89238.930,373.936,1413.568,322.680,46.520,0.000,46.520,5582.400,0.000,5117.200,56.191,999,0.100,8.000,99,9999,99999,9,999999999,0.040,0.999,0,0,999,0.040,99
1,11,2019,8,0,,18.050,16.540,92.000,89238.930,680.128,1413.568,336.246,198.650,15.918,190.999,23838.000,1512.184,21009.861,126.482,999,0.200,8.000,99,9999,99999,9,999999999,0.110,0.999,0,0,999,0.110,99
1,11,2019,9,0,,19.510,17.090,83.000,89238.930,953.381,1413.568,342.227,354.960,52.659,319.456,42595.200,5002.647,35140.197,150.822,999,0.470,7.000,99,9999,99999,9,999999999,0.000,0.999,0,0,999,0.000,0
1,11,2019,10,0,,20.880,17.600,84.000,89238.930,1174.755,1413.568,353.297,491.260,66.226,436.230,58951.200,6291.487,47985.252,167.106,999,0.510,7.000,99,9999,99999,9,999999999,0.030,0.999,0,0,999,0.030,99
1,11,2019,11,0,,22.100,18.030,76.000,89238.930,1329.081,1413.568,357.688,595.570,64.227,535.184,71468.400,6101.574,58870.241,181.190,999,0.880,7.000,99,9999,99999,9,999999999,0.000,0.999,0,0,999,0.000,0
1,11,2019,12,0,,23.110,18.390,74.000,89238.930,1405.809,1413.568,364.232,659.930,73.649,586.686,79191.600,6996.630,64535.434,187.779,999,0.580,7.000,99,9999,99999,9,999999999,0.000,0.999,0,0,999,0.000,0
1,11,2019,13,0,,23.890,18.660,72.000,89238.930,1399.691,1413.568,368.980,679.620,84.903,595.551,81554.400,8065.765,65510.633,191.450,999,0.370,7.000,99,9999,99999,9,999999999,0.000,0.999,0,0,999,0.000,0
1,11,2019,14,0,,24.410,18.830,70.000,89238.930,1311.133,1413.568,371.641,653.230,100.059,560.427,78387.600,9505.570,61646.926,192.336,999,1.000,7.000,99,9999,99999,9,999999999,0.000,0.999,0,0,999,0.000,0
1,11,2019,15,0,,24.670,18.920,70.000,89238.930,1146.170,1413.568,373.725,582.630,148.413,462.310,69915.600,14099.195,50854.147,181.517,999,0.380,7.000,99,9999,99999,9,999999999,0.000,0.999,0,0,999,0.000,0
1,11,2019,16,0,,24.670,18.920,74.000,89238.930,916.059,1413.568,376.704,473.020,155.136,372.525,56762.400,14737.936,40977.765,183.052,999,0.250,7.000,99,9999,99999,9,999999999,0.010,0.999,0,0,999,0.010,99
1,11,2019,17,0,,24.260,18.780,71.000,89238.930,636.563,1413.568,371.194,332.860,319.364,189.208,39943.200,30339.600,20812.853,133.895,999,0.130,7.000,99,9999,99999,9,999999999,0.000,0.999,0,0,999,0.000,0
1,11,2019,18,0,,23.490,18.520,73.000,89238.930,327.130,1413.568,366.527,174.950,495.634,60.827,20994.000,47085.207,6690.950,84.088,999,0.100,8.000,99,9999,99999,9,999999999,0.000,0.999,0,0,999,0.000,0
1,11,2019,19,0,,22.490,18.170,75.000,89238.930,16.845,1413.568,360.054,28.660,0.000,28.660,3439.200,0.000,3152.600,2232.769,999,0.100,8.000,99,9999,99999,9,999999999,0.000,0.999,0,0,999,0.000,0
1,11,2019,20,0,,21.840,17.940,81.000,89238.930,0.000,1413.568,358.919,0.000,0.000,0.000,0.000,0.000,0.000,-0.000,999,0.100,8.000,99,9999,99999,9,999999999,0.010,0.999,0,0,999,0.010,99
1,11,2019,21,0,,21.190,17.710,83.000,89238.930,0.000,1413.568,355.095,0.000,0.000,0.000,0.000,0.000,0.000,-0.000,999,0.100,8.000,99,9999,99999,9,999999999,0.080,0.999,0,0,999,0.080,99
1,11,2019,22,0,,20.550,17.480,93.000,89238.930,0.000,1413.568,355.886,0.000,0.000,0.000,0.000,0.000,0.000,-0.000,999,0.100,8.000,99,9999,99999,9,999999999,5.810,0.999,0,0,999,5.810,99
1,11,2019,23,0,,19.900,17.240,86.000,89238.930,0.000,1413.568,346.937,0.000,0.000,0.000,0.000,0.000,0.000,-0.000,999,0.100,8.000,99,9999,99999,9,999999999,0.420,0.999,0,0,999,0.420,99
1,11,2019,24,0,,19.260,16.880,86.000,89238.930,0.000,1413.568,342.074,0.000,0.000,0.000,0.000,0.000,0.000,-0.000,999,0.070,8.000,99,9999,99999,9,999999999,0.000,0.999,0,0,999,0.000,0
1,12,2019,1,0,,18.930,16.810,87.000,89238.930,0.000,1413.568,340.148,0.000,0.000,0.000,0.000,0.000,0.000,-0.000,999,0.070,8.000,99,9999,99999,9,999999999,0.000,0.999,0,0,999,0.000,0
1,12,2019,2,0,,18.610,16.750,88.000,89238.930,0.000,1413.568,338.297,0.000,0.000,0.000,0.000,0.000,0.000,-0.000,999,0.070,8.000,99,9999,99999,9,999999999,0.000,0.999,0,0,999,0.000,0
1,12,2019,3,0,,18.290,16.690,90.000,89238.930,0.000,1413.568,336.984,0.000,0.000,0.000,0.000,0.000,0.000,-0.000,999,0.070,8.000,99,9999,99999,9,999999999,0.000,0.999,0,0,999,0.000,0
1,12,2019,4,0,,17.960,16.620,91.000,89238.930,0.000,1413.445,335.051,0.000,0.000,0.000,0.000,0.000,0.000,-0.000,999,0.070,8.000,99,9999,99999,9,999999999,0.000,0.999,0,0,999,0.000,0
1,12,2019,5,0,,17.680,16.570,93.000,89238.930,0.000,1413.445,334.005,0.000,0.000,0.000,0.000,0.000,0.000,-0.000,999,0.070,8.000,99,9999,99999,9,999999999,0.000,0.999,0,0,999,0.000,0
1,12,2019,6,0,,17.460,16.530,94.000,89238.930,56.456,1413.445,332.879,0.000,0.000,0.000,0.000,0.000,0.000,0.000,999,0.070,8.000,99,9999,99999,9,999999999,0.000,0.999,0,0,999,0.000,0
1,12,2019,7,0,,17.250,16.480,95.000,89238.930,370.736,1413.445,331.825,49.080,0.000,49.080,5889.600,0.000,5398.800,59.794,999,0.070,8.000,99,9999,99999,9,999999999,0.000,0.999,0,0,999,0.000,0
1,12,2019,8,0,,19.400,16.900,85.000,89238.930,677.382,1413.445,342.560,214.290,44.023,193.213,25714.800,4182.229,21253.408,128.457,999,0.070,8.000,99,9999,99999,9,999999999,0.000,0.999,0,0,999,0.000,0
1,12,2019,9,0,,20.770,17.160,79.000,89238.930,951.193,1413.445,349.370,384.510,71.086,336.689,46141.200,6753.159,37035.781,159.310,999,0.070,7.000,99,9999,99999,9,999999999,0.000,0.999,0,0,999,0.000,0
1,12,2019,10,0,,22.060,17.410,74.000,89238.930,1173.187,1413.445,356.018,533.060,92.612,456.200,63967.200,8798.164,50182.021,174.974,999,0.070,6.000,99,9999,99999,9,999999999,0.000,0.999,0,0,999,0.000,0
1,12,2019,11,0,,23.210,17.620,70.000,89238.930,1328.151,1413.445,362.135,646.880,90.176,562.149,77625.600,8566.707,61836.397,190.436,999,0.070,6.000,99,9999,99999,9,999999999,0.000,0.999,0,0,999,0.000,0
1,12,2019,12,0,,24.160,17.790,67.000,89238.930,1405.489,1413.445,367.339,717.250,103.703,614.131,86070.000,9851.746,67554.456,196.591,999,0.090,6.000,99,9999,99999,9,999999999,0.000,0.999,0,0,999,0.000,0
1,12,2019,13,0,,24.900,17.930,65.000,89238.930,1399.913,1413.445,371.621,739.010,119.516,620.639,88681.200,11354.056,68270.236,199.466,999,0.510,6.000,99,9999,99999,9,999999999,0.000,0.999,0,0,999,0.000,0
1,12,2019,14,0,,25.390,18.020,63.000,89238.930,1311.790,1413.445,373.874,710.600,140.249,580.444,85272.000,13323.609,63848.873,199.088,999,1.210,6.000,99,9999,99999,9,999999999,0.000,0.999,0,0,999,0.000,0
1,12,2019,15,0,,25.630,18.060,62.000,89238.930,1147.124,1413.445,374.942,634.050,206.202,466.726,76086.000,19589.179,51339.864,183.082,999,1.310,6.000,99,9999,99999,9,999999999,0.000,0.999,0,0,999,0.000,0
1,12,2019,16,0,,25.630,18.060,62.000,89238.930,917.155,1413.445,374.942,514.980,349.988,287.972,61797.600,33248.824,31676.906,141.323,999,1.160,6.000,99,9999,99999,9,999999999,0.000,0.999,0,0,999,0.000,0
1,12,2019,17,0,,25.250,17.990,64.000,89238.930,637.633,1413.445,373.594,362.580,426.801,170.262,43509.600,40546.110,18728.770,120.274,999,0.550,7.000,99,9999,99999,9,999999999,0.000,0.999,0,0,999,0.000,0
1,12,2019,18,0,,24.540,17.860,66.000,89238.930,328.006,1413.445,369.562,190.770,510.510,72.893,22892.400,48498.446,8018.239,100.487,999,0.210,8.000,99,9999,99999,9,999999999,0.000,0.999,0,0,999,0.000,0
1,12,2019,19,0,,23.590,17.690,69.000,89238.930,17.311,1413.445,364.375,31.420,0.000,31.420,3770.400,0.000,3456.200,2239.058,999,0.070,8.000,99,9999,99999,9,999999999,0.000,0.999,0,0,999,0.000,0
1,12,2019,20,0,,22.950,17.570,71.000,89238.930,0.000,1413.445,360.831,0.000,0.000,0.000,0.000,0.000,0.000,-0.000,999,0.070,8.000,99,9999,99999,9,999999999,0.000,0.999,0,0,999,0.000,0
1,12,2019,21,0,,22.300,17.450,74.000,89238.930,0.000,1413.445,357.882,0.000,0.000,0.000,0.000,0.000,0.000,-0.000,999,0.070,8.000,99,9999,99999,9,999999999,0.000,0.999,0,0,999,0.000,0
1,12,2019,22,0,,21.660,17.330,76.000,89238.930,0.000,1413.445,354.273,0.000,0.000,0.000,0.000,0.000,0.000,-0.000,999,0.070,8.000,99,9999,99999,9,999999999,0.000,0.999,0,0,999,0.000,0
1,12,2019,23,0,,21.020,17.210,78.000,89238.930,0.000,1413.445,350.650,0.000,0.000,0.000,0.000,0.000,0.000,-0.000,999,0.070,8.000,99,9999,99999,9,999999999,0.000,0.999,0,0,999,0.000,0
1,12,2019,24,0,,20.370,18.800,89.000,89238.930,0.000,1413.445,352.263,0.000,0.000,0.000,0.000,0.000,0.000,-0.000,999,0.260,8.000,99,9999,99999,9,999999999,0.810,0.999,0,0,999,0.810,99
1,13,2019,1,0,,20.050,18.710,90.000,89238.930,0.000,1413.445,350.352,0.000,0.000,0.000,0.000,0.000,0.000,-0.000,999,0.260,8.000,99,9999,99999,9,999999999,0.660,0.999,0,0,999,0.660,99
1,13,2019,2,0,,19.730,18.630,91.000,89238.930,0.000,1413.445,348.442,0.000,0.000,0.000,0.000,0.000,0.000,-0.000,999,0.260,8.000,99,9999,99999,9,999999999,0.360,0.999,0,0,999,0.360,99
1,13,2019,3,0,,19.410,18.540,92.000,89238.930,0.000,1413.445,346.531,0.000,0.000,0.000,0.000,0.000,0.000,-0.000,999,0.260,8.000,99,9999,99999,9,999999999,0.540,0.999,0,0,999,0.540,99
1,13,2019,4,0,,19.090,18.450,97.000,89238.930,0.000,1413.306,346.701,0.000,0.000,0.000,0.000,0.000,0.000,-0.000,999,0.260,8.000,99,9999,99999,9,999999999,1.200,0.999,0,0,999,1.200,99
1,13,2019,5,0,,18.800,18.380,94.000,89238.930,0.000,1413.306,342.941,0.000,0.000,0.000,0.000,0.000,0.000,-0.000,999,0.260,8.000,99,9999,99999,9,999999999,0.980,0.999,0,0,999,0.980,99
1,13,2019,6,0,,18.590,18.320,95.000,89238.930,53.134,1413.306,341.865,0.000,0.000,0.000,0.000,0.000,0.000,0.000,999,0.260,8.000,99,9999,99999,9,999999999,0.090,0.999,0,0,999,0.090,99
1,13,2019,7,0,,18.380,18.260,96.000,89238.930,367.531,1413.306,340.786,52.190,0.000,52.190,6262.800,0.000,5740.900,64.136,999,0.260,8.000,99,9999,99999,9,999999999,0.170,0.999,0,0,999,0.170,99
1,13,2019,8,0,,19.350,18.530,88.000,89238.930,674.634,1413.306,343.882,89.890,0.000,89.890,10786.800,0.000,9887.900,60.001,999,0.260,8.000,99,9999,99999,9,999999999,0.000,0.999,0,0,999,0.000,0
1,13,2019,9,0,,19.930,18.680,90.000,89238.930,949.006,1413.306,349.428,195.820,28.710,176.549,23498.400,2727.413,19420.389,83.722,999,0.260,8.000,99,9999,99999,9,999999999,0.040,0.999,0,0,999,0.040,99
1,13,2019,10,0,,20.740,18.900,88.000,89238.930,1171.616,1413.306,354.563,348.180,24.738,327.675,41781.600,2350.152,36044.232,125.835,999,0.260,8.000,99,9999,99999,9,999999999,0.280,0.999,0,0,999,0.280,99
1,13,2019,11,0,,21.080,18.990,86.000,89238.930,1327.209,1413.306,356.043,296.520,14.336,283.058,35582.400,1361.890,31136.397,95.949,999,0.260,8.000,99,9999,99999,9,999999999,0.130,0.999,0,0,999,0.130,99
1,13,2019,12,0,,21.730,19.160,84.000,89238.930,1405.147,1413.306,359.924,478.950,31.705,447.429,57474.000,3011.928,49217.149,143.248,999,0.260,8.000,99,9999,99999,9,999999999,0.070,0.999,0,0,999,0.070,99
1,13,2019,13,0,,22.090,19.250,83.000,89238.930,1400.098,1413.306,362.140,429.010,29.640,399.647,51481.200,2815.799,43961.189,128.412,999,0.260,8.000,99,9999,99999,9,999999999,0.020,0.999,0,0,999,0.020,99
1,13,2019,14,0,,22.240,19.290,83.000,89238.930,1312.395,1413.306,363.324,353.900,21.399,334.030,42468.000,2032.915,36743.271,114.506,999,0.260,8.000,99,9999,99999,9,999999999,0.010,0.999,0,0,999,0.010,99
1,13,2019,15,0,,22.080,19.250,83.000,89238.930,1148.012,1413.306,362.061,218.380,7.721,212.109,26205.600,733.510,23332.006,83.131,999,0.260,8.000,99,9999,99999,9,999999999,0.220,0.999,0,0,999,0.220,99
1,13,2019,16,0,,22.090,19.250,83.000,89238.930,918.168,1413.306,362.140,281.310,22.768,266.524,33757.200,2162.975,29317.683,130.640,999,0.260,8.000,99,9999,99999,9,999999999,0.440,0.999,0,0,999,0.440,99
1,13,2019,17,0,,21.930,19.210,88.000,89238.930,638.605,1413.306,363.908,198.160,36.809,181.547,23779.200,3496.817,19970.157,128.037,999,0.260,8.000,99,9999,99999,9,999999999,1.470,0.999,0,0,999,1.470,99
1,13,2019,18,0,,21.610,19.130,89.000,89238.930,328.774,1413.306,361.960,104.350,49.685,92.849,12522.000,4720.096,10213.434,127.684,999,0.260,8.000,99,9999,99999,9,999999999,2.310,0.999,0,0,999,2.310,99
1,13,2019,19,0,,21.190,19.020,90.000,89238.930,17.675,1413.306,359.226,17.260,0.000,17.260,2071.200,0.000,1898.600,1153.011,999,0.260,8.000,99,9999,99999,9,999999999,3.010,0.999,0,0,999,3.010,99
1,13,2019,20,0,,20.720,18.890,92.000,89238.930,0.000,1413.306,356.665,0.000,0.000,0.000,0.000,0.000,0.000,-0.000,999,0.260,8.000,99,9999,99999,9,999999999,4.170,0.999,0,0,999,4.170,99
1,13,2019,21,0,,20.250,18.770,97.000,89238.930,0.000,1413.306,355.682,0.000,0.000,0.000,0.000,0.000,0.000,-0.000,999,0.260,8.000,99,9999,99999,9,999999999,71.430,0.999,0,0,999,71.430,99
1,13,2019,22,0,,19.780,18.640,99.000,89238.930,0.000,1413.306,353.050,0.000,0.000,0.000,0.000,0.000,0.000,-0.000,999,0.260,8.000,99,9999,99999,9,999999999,6.740,0.999,0,0,999,6.740,99
1,13,2019,23,0,,19.310,18.510,96.000,89238.930,0.000,1413.306,347.876,0.000,0.000,0.000,0.000,0.000,0.000,-0.000,999,0.260,8.000,99,9999,99999,9,999999999,1.830,0.999,0,0,999,1.830,99
1,13,2019,24,0,,18.840,17.640,91.000,89238.930,0.000,1413.306,341.658,0.000,0.000,0.000,0.000,0.000,0.000,-0.000,999,0.260,8.000,99,9999,99999,9,999999999,0.150,0.999,0,0,999,0.150,99
1,14,2019,1,0,,18.610,17.580,92.000,89238.930,0.000,1413.306,340.453,0.000,0.000,0.000,0.000,0.000,0.000,-0.000,999,0.260,8.000,99,9999,99999,9,999999999,0.470,0.999,0,0,999,0.470,99
1,14,2019,2,0,,18.370,17.520,93.000,89238.930,0.000,1413.306,339.168,0.000,0.000,0.000,0.000,0.000,0.000,-0.000,999,0.260,8.000,99,9999,99999,9,999999999,0.250,0.999,0,0,999,0.250,99
1,14,2019,3,0,,18.140,17.460,93.000,89238.930,0.000,1413.306,337.440,0.000,0.000,0.000,0.000,0.000,0.000,-0.000,999,0.260,8.000,99,9999,99999,9,999999999,0.710,0.999,0,0,999,0.710,99
1,14,2019,4,0,,17.910,17.400,94.000,89238.930,0.000,1413.153,336.233,0.000,0.000,0.000,0.000,0.000,0.000,-0.000,999,0.260,8.000,99,9999,99999,9,999999999,0.580,0.999,0,0,999,0.580,99
1,14,2019,5,0,,17.700,17.350,99.000,89238.930,0.000,1413.153,337.151,0.000,0.000,0.000,0.000,0.000,0.000,-0.000,999,0.260,8.000,99,9999,99999,9,999999999,3.650,0.999,0,0,999,3.650,99
1,14,2019,6,0,,17.540,17.310,96.000,89238.930,49.815,1413.153,334.478,0.000,0.000,0.000,0.000,0.000,0.000,0.000,999,0.260,8.000,99,9999,99999,9,999999999,0.110,0.999,0,0,999,0.110,99
1,14,2019,7,0,,17.390,17.270,96.000,89238.930,364.323,1413.153,333.361,19.720,0.000,19.720,2366.400,0.000,2169.200,24.446,999,0.260,8.000,99,9999,99999,9,999999999,0.310,0.999,0,0,999,0.310,99
1,14,2019,8,0,,19.410,17.780,93.000,89238.930,671.888,1413.153,347.067,122.520,0.000,122.520,14702.400,0.000,13477.200,82.108,999,0.260,8.000,99,9999,99999,9,999999999,2.640,0.999,0,0,999,2.640,99
1,14,2019,9,0,,20.570,18.060,86.000,89238.930,946.819,1413.153,352.085,193.810,3.745,191.302,23257.200,355.793,21043.177,90.918,999,0.260,8.000,99,9999,99999,9,999999999,0.200,0.999,0,0,999,0.200,99
1,14,2019,10,0,,21.280,18.240,87.000,89238.930,1170.041,1413.153,358.195,213.060,3.358,210.280,25567.200,319.011,23130.806,80.853,999,0.260,8.000,99,9999,99999,9,999999999,1.050,0.999,0,0,999,1.050,99
1,14,2019,11,0,,22.070,18.420,89.000,89238.930,1326.256,1413.153,365.609,275.980,5.086,271.206,33117.600,483.215,29832.714,91.988,999,0.260,8.000,99,9999,99999,9,999999999,62.600,0.999,0,0,999,62.600,99
1,14,2019,12,0,,22.950,18.630,86.000,89238.930,1404.782,1413.153,370.848,351.140,20.261,330.999,42136.800,1924.793,36409.901,105.988,999,0.260,8.000,99,9999,99999,9,999999999,5.900,0.999,0,0,999,5.900,99
1,14,2019,13,0,,23.380,18.730,78.000,89238.930,1400.247,1413.153,369.133,303.350,5.603,297.798,36402.000,532.321,32757.761,95.666,999,0.260,8.000,99,9999,99999,9,999999999,0.020,0.999,0,0,999,0.020,99
1,14,2019,14,0,,23.500,18.760,77.000,89238.930,1312.947,1413.153,369.411,244.140,4.539,239.923,29296.800,431.214,26391.526,82.202,999,0.260,8.000,99,9999,99999,9,999999999,0.860,0.999,0,0,999,0.860,99
1,14,2019,15,0,,23.570,18.780,81.000,89238.930,1148.830,1413.153,372.657,236.880,3.841,233.758,28425.600,364.939,25713.329,91.541,999,0.260,8.000,99,9999,99999,9,999999999,2.020,0.999,0,0,999,2.020,99
1,14,2019,16,0,,23.580,18.780,81.000,89238.930,919.096,1413.153,372.737,220.690,6.476,216.480,26482.800,615.205,23812.787,105.991,999,0.260,8.000,99,9999,99999,9,999999999,1.600,0.999,0,0,999,1.600,99
1,14,2019,17,0,,23.300,18.720,74.000,89238.930,639.479,1413.153,365.734,155.520,2.161,154.543,18662.400,205.307,16999.747,108.832,999,0.260,8.000,99,9999,99999,9,999999999,0.000,0.999,0,0,999,0.000,0
1,14,2019,18,0,,22.780,18.590,79.000,89238.930,329.432,1413.153,365.028,81.960,0.000,81.960,9835.200,0.000,9015.600,112.469,999,0.260,8.000,99,9999,99999,9,999999999,0.060,0.999,0,0,999,0.060,99
1,14,2019,19,0,,22.080,18.430,81.000,89238.930,17.937,1413.153,360.801,13.600,0.000,13.600,1632.000,0.000,1496.000,869.347,999,0.260,8.000,99,9999,99999,9,999999999,0.080,0.999,0,0,999,0.080,99
1,14,2019,20,0,,21.140,18.200,84.000,89238.930,0.000,1413.153,355.314,0.000,0.000,0.000,0.000,0.000,0.000,-0.000,999,0.260,8.000,99,9999,99999,9,999999999,0.390,0.999,0,0,999,0.390,99
1,14,2019,21,0,,20.200,17.970,87.000,89238.930,0.000,1413.153,349.812,0.000,0.000,0.000,0.000,0.000,0.000,-0.000,999,0.260,8.000,99,9999,99999,9,999999999,0.040,0.999,0,0,999,0.040,99
1,14,2019,22,0,,19.250,17.740,94.000,89238.930,0.000,1413.153,346.371,0.000,0.000,0.000,0.000,0.000,0.000,-0.000,999,0.260,8.000,99,9999,99999,9,999999999,1.290,0.999,0,0,999,1.290,99
1,14,2019,23,0,,18.310,17.510,93.000,89238.930,0.000,1413.153,338.717,0.000,0.000,0.000,0.000,0.000,0.000,-0.000,999,0.260,8.000,99,9999,99999,9,999999999,0.010,0.999,0,0,999,0.010,99
1,14,2019,24,0,,17.370,14.120,81.000,89238.930,0.000,1413.153,325.222,0.000,0.000,0.000,0.000,0.000,0.000,-0.000,999,0.200,8.000,99,9999,99999,9,999999999,0.000,0.999,0,0,999,0.000,0
1,15,2019,1,0,,16.900,14.020,83.000,89238.930,0.000,1413.153,322.950,0.000,0.000,0.000,0.000,0.000,0.000,-0.000,999,0.200,8.000,99,9999,99999,9,999999999,0.000,0.999,0,0,999,0.000,0
1,15,2019,2,0,,16.430,13.920,85.000,89238.930,0.000,1413.153,320.658,0.000,0.000,0.000,0.000,0.000,0.000,-0.000,999,0.200,8.000,99,9999,99999,9,999999999,0.000,0.999,0,0,999,0.000,0
1,15,2019,3,0,,15.950,13.810,87.000,89238.930,0.000,1413.153,318.277,0.000,0.000,0.000,0.000,0.000,0.000,-0.000,999,0.200,8.000,99,9999,99999,9,999999999,0.000,0.999,0,0,999,0.000,0
1,15,2019,4,0,,15.480,13.710,89.000,89238.930,0.000,1412.985,315.953,0.000,0.000,0.000,0.000,0.000,0.000,-0.000,999,0.200,8.000,99,9999,99999,9,999999999,0.000,0.999,0,0,999,0.000,0
1,15,2019,5,0,,15.070,13.620,91.000,89238.930,0.000,1412.985,314.041,0.000,0.000,0.000,0.000,0.000,0.000,-0.000,999,0.200,8.000,99,9999,99999,9,999999999,0.000,0.999,0,0,999,0.000,0
1,15,2019,6,0,,14.750,13.550,92.000,89238.930,46.502,1412.985,312.266,0.000,0.000,0.000,0.000,0.000,0.000,0.000,999,0.200,8.000,99,9999,99999,9,999999999,0.000,0.999,0,0,999,0.000,0
1,15,2019,7,0,,14.440,13.480,93.000,89238.930,361.113,1412.985,310.562,45.720,0.000,45.720,5486.400,0.000,5029.200,57.179,999,0.200,8.000,99,9999,99999,9,999999999,0.000,0.999,0,0,999,0.000,0
1,15,2019,8,0,,16.750,13.990,83.000,89238.930,669.144,1412.985,321.868,206.250,22.050,195.818,24750.000,2094.749,21540.024,131.753,999,0.200,8.000,99,9999,99999,9,999999999,0.000,0.999,0,0,999,0.000,0
1,15,2019,9,0,,18.870,14.440,75.000,89238.930,944.634,1412.985,332.570,473.110,186.141,348.713,56773.200,17683.398,38358.422,166.093,999,0.200,4.000,99,9999,99999,9,999999999,0.000,0.999,0,0,999,0.000,0
1,15,2019,10,0,,20.840,14.850,68.000,89238.930,1168.463,1412.985,342.491,673.510,289.312,434.297,80821.200,27484.632,47772.665,167.193,999,0.200,3.000,99,9999,99999,9,999999999,0.000,0.999,0,0,999,0.000,0
1,15,2019,11,0,,23.470,15.380,60.000,89238.930,1325.291,1412.985,356.247,1069.190,767.363,349.480,128302.800,72899.507,38442.822,118.609,999,0.200,0.000,99,9999,99999,9,999999999,0.000,0.999,0,0,999,0.000,0
1,15,2019,12,0,,24.110,15.510,58.000,89238.930,1404.393,1412.985,359.459,700.690,160.929,540.741,84082.800,15288.208,59481.465,173.177,999,0.200,6.000,99,9999,99999,9,999999999,0.000,0.999,0,0,999,0.000,0
1,15,2019,13,0,,24.760,15.640,56.000,89238.930,1400.357,1412.985,362.700,779.440,315.401,466.860,93532.800,29963.072,51354.568,149.947,999,0.790,5.000,99,9999,99999,9,999999999,0.000,0.999,0,0,999,0.000,0
1,15,2019,14,0,,24.580,15.600,57.000,89238.930,1313.445,1412.985,362.214,517.460,18.447,500.313,62095.200,1752.463,55034.467,171.332,999,0.310,8.000,99,9999,99999,9,999999999,0.000,0.999,0,0,999,0.000,0
1,15,2019,15,0,,23.330,15.350,60.000,89238.930,1149.577,1412.985,355.169,195.980,8.746,188.865,23517.600,830.884,20775.191,73.904,999,0.470,8.000,99,9999,99999,9,999999999,0.000,0.999,0,0,999,0.000,0
1,15,2019,16,0,,23.370,15.360,60.000,89238.930,919.937,1412.985,355.477,528.980,308.448,328.242,63477.600,29302.577,36106.624,160.545,999,0.400,6.000,99,9999,99999,9,999999999,0.000,0.999,0,0,999,0.000,0
1,15,2019,17,0,,22.950,15.280,61.000,89238.930,640.252,1412.985,353.090,372.910,419.510,183.036,44749.200,39853.495,20133.968,128.725,999,0.480,7.000,99,9999,99999,9,999999999,0.000,0.999,0,0,999,0.000,0
1,15,2019,18,0,,22.150,15.120,64.000,89238.930,329.978,1412.985,349.394,196.630,519.655,75.873,23595.600,49367.234,8346.015,103.930,999,0.200,8.000,99,9999,99999,9,999999999,0.000,0.999,0,0,999,0.000,0
1,15,2019,19,0,,21.080,14.900,67.000,89238.930,18.095,1412.985,343.568,32.700,0.000,32.700,3924.000,0.000,3597.000,2036.912,999,0.200,8.000,99,9999,99999,9,999999999,0.000,0.999,0,0,999,0.000,0
1,15,2019,20,0,,20.220,14.720,70.000,89238.930,0.000,1412.985,339.263,0.000,0.000,0.000,0.000,0.000,0.000,-0.000,999,0.200,8.000,99,9999,99999,9,999999999,0.000,0.999,0,0,999,0.000,0
1,15,2019,21,0,,19.350,14.540,73.000,89238.930,0.000,1412.985,334.823,0.000,0.000,0.000,0.000,0.000,0.000,-0.000,999,0.200,8.000,99,9999,99999,9,999999999,0.000,0.999,0,0,999,0.000,0
1,15,2019,22,0,,18.490,14.360,76.000,89238.930,0.000,1412.985,330.406,0.000,0.000,0.000,0.000,0.000,0.000,-0.000,999,0.200,8.000,99,9999,99999,9,999999999,0.000,0.999,0,0,999,0.000,0
1,15,2019,23,0,,17.630,14.180,80.000,89238.930,0.000,1412.985,326.533,0.000,0.000,0.000,0.000,0.000,0.000,-0.000,999,0.200,8.000,99,9999,99999,9,999999999,0.000,0.999,0,0,999,0.000,0
1,15,2019,24,0,,16.760,12.990,78.000,89238.930,0.000,1412.985,319.095,0.000,0.000,0.000,0.000,0.000,0.000,-0.000,999,0.240,8.000,99,9999,99999,9,999999999,0.000,0.999,0,0,999,0.000,0
1,16,2019,1,0,,16.330,12.900,80.000,89238.930,0.000,1412.985,317.181,0.000,0.000,0.000,0.000,0.000,0.000,-0.000,999,0.240,8.000,99,9999,99999,9,999999999,0.000,0.999,0,0,999,0.000,0
1,16,2019,2,0,,15.900,12.800,81.000,89238.930,0.000,1412.985,314.691,0.000,0.000,0.000,0.000,0.000,0.000,-0.000,999,0.240,8.000,99,9999,99999,9,999999999,0.000,0.999,0,0,999,0.000,0
1,16,2019,3,0,,15.470,12.710,83.000,89238.930,0.000,1412.985,312.748,0.000,0.000,0.000,0.000,0.000,0.000,-0.000,999,0.240,8.000,99,9999,99999,9,999999999,0.000,0.999,0,0,999,0.000,0
1,16,2019,4,0,,15.040,12.610,85.000,89238.930,0.000,1412.802,310.785,0.000,0.000,0.000,0.000,0.000,0.000,-0.000,999,0.240,8.000,99,9999,99999,9,999999999,0.000,0.999,0,0,999,0.000,0
1,16,2019,5,0,,14.660,12.530,87.000,89238.930,0.000,1412.802,309.153,0.000,0.000,0.000,0.000,0.000,0.000,-0.000,999,0.240,8.000,99,9999,99999,9,999999999,0.000,0.999,0,0,999,0.000,0
1,16,2019,6,0,,14.370,12.460,88.000,89238.930,43.200,1412.802,307.631,0.000,0.000,0.000,0.000,0.000,0.000,0.000,999,0.240,8.000,99,9999,99999,9,999999999,0.000,0.999,0,0,999,0.000,0
1,16,2019,7,0,,14.090,12.400,89.000,89238.930,357.905,1412.802,306.178,53.600,0.000,53.600,6432.000,0.000,5896.000,67.631,999,0.240,8.000,99,9999,99999,9,999999999,0.000,0.999,0,0,999,0.000,0
1,16,2019,8,0,,17.050,13.050,77.000,89238.930,666.404,1412.802,320.579,264.420,92.587,220.792,31730.400,8795.761,24287.155,149.149,999,0.240,6.000,99,9999,99999,9,999999999,0.000,0.999,0,0,999,0.000,0
1,16,2019,9,0,,18.960,13.470,70.000,89238.930,942.451,1412.802,329.965,466.080,157.217,361.242,55929.600,14935.577,39736.670,172.437,999,0.240,5.000,99,9999,99999,9,999999999,0.000,0.999,0,0,999,0.000,0
1,16,2019,10,0,,20.770,13.850,64.000,89238.930,1166.883,1412.802,339.017,649.420,249.081,443.723,77930.400,23662.699,48809.581,171.032,999,0.240,4.000,99,9999,99999,9,999999999,0.000,0.999,0,0,999,0.000,0
1,16,2019,11,0,,22.460,14.190,59.000,89238.930,1324.314,1412.802,347.694,811.680,352.899,480.898,97401.600,33525.360,52898.782,163.309,999,0.240,3.000,99,9999,99999,9,999999999,0.000,0.999,0,0,999,0.000,0
1,16,2019,12,0,,23.950,14.500,55.000,89238.930,1403.979,1412.802,355.513,929.140,412.152,519.564,111496.800,39154.396,57152.036,166.422,999,0.240,1.000,99,9999,99999,9,999999999,0.000,0.999,0,0,999,0.000,0
1,16,2019,13,0,,25.130,14.730,52.000,89238.930,1400.426,1412.802,361.743,970.110,469.582,504.643,116413.200,44610.331,55510.781,162.053,999,0.240,1.000,99,9999,99999,9,999999999,0.000,0.999,0,0,999,0.000,0
1,16,2019,14,0,,25.970,14.900,50.000,89238.930,1313.885,1412.802,366.248,955.440,558.462,436.102,114652.800,53053.924,47971.223,149.273,999,0.240,0.000,99,9999,99999,9,999999999,0.000,0.999,0,0,999,0.000,0
1,16,2019,15,0,,26.440,14.990,49.000,89238.930,1150.251,1412.802,368.873,859.710,800.230,208.290,103165.200,76021.886,22911.888,81.446,999,0.470,0.000,99,9999,99999,9,999999999,0.000,0.999,0,0,999,0.000,0
1,16,2019,16,0,,26.510,15.000,49.000,89238.930,920.689,1412.802,369.423,702.050,932.811,94.401,84246.000,88617.054,10384.121,46.128,999,0.360,1.000,99,9999,99999,9,999999999,0.000,0.999,0,0,999,0.000,0
1,16,2019,17,0,,25.960,14.890,50.000,89238.930,640.923,1412.802,366.170,474.550,684.688,164.289,56946.000,65045.373,18071.751,115.405,999,0.300,4.000,99,9999,99999,9,999999999,0.000,0.999,0,0,999,0.000,0
1,16,2019,18,0,,24.910,14.690,53.000,89238.930,330.413,1412.802,361.020,252.910,506.673,134.998,30349.200,48133.967,14849.741,184.648,999,0.240,6.000,99,9999,99999,9,999999999,0.000,0.999,0,0,999,0.000,0
1,16,2019,19,0,,23.500,14.410,56.000,89238.930,18.149,1412.802,352.982,38.940,0.000,38.940,4672.800,0.000,4283.400,2404.147,999,0.240,8.000,99,9999,99999,9,999999999,0.000,0.999,0,0,999,0.000,0
1,16,2019,20,0,,22.570,14.220,59.000,89238.930,0.000,1412.802,348.526,0.000,0.000,0.000,0.000,0.000,0.000,-0.000,999,0.240,8.000,99,9999,99999,9,999999999,0.000,0.999,0,0,999,0.000,0
1,16,2019,21,0,,21.630,14.020,61.000,89238.930,0.000,1412.802,343.094,0.000,0.000,0.000,0.000,0.000,0.000,-0.000,999,0.240,8.000,99,9999,99999,9,999999999,0.000,0.999,0,0,999,0.000,0
1,16,2019,22,0,,20.700,13.830,64.000,89238.930,0.000,1412.802,338.497,0.000,0.000,0.000,0.000,0.000,0.000,-0.000,999,0.240,8.000,99,9999,99999,9,999999999,0.000,0.999,0,0,999,0.000,0
1,16,2019,23,0,,19.760,13.640,67.000,89238.930,0.000,1412.802,333.750,0.000,0.000,0.000,0.000,0.000,0.000,-0.000,999,0.240,8.000,99,9999,99999,9,999999999,0.000,0.999,0,0,999,0.000,0
1,16,2019,24,0,,18.830,15.350,80.000,89238.930,0.000,1412.802,335.353,0.000,0.000,0.000,0.000,0.000,0.000,-0.000,999,0.100,8.000,99,9999,99999,9,999999999,0.000,0.999,0,0,999,0.000,0
1,17,2019,1,0,,18.360,15.230,81.000,89238.930,0.000,1412.802,332.466,0.000,0.000,0.000,0.000,0.000,0.000,-0.000,999,0.100,8.000,99,9999,99999,9,999999999,0.000,0.999,0,0,999,0.000,0
1,17,2019,2,0,,17.890,15.110,83.000,89238.930,0.000,1412.802,330.161,0.000,0.000,0.000,0.000,0.000,0.000,-0.000,999,0.100,8.000,99,9999,99999,9,999999999,0.000,0.999,0,0,999,0.000,0
1,17,2019,3,0,,17.420,14.990,85.000,89238.930,0.000,1412.802,327.835,0.000,0.000,0.000,0.000,0.000,0.000,-0.000,999,0.100,8.000,99,9999,99999,9,999999999,0.000,0.999,0,0,999,0.000,0
1,17,2019,4,0,,16.950,14.860,87.000,89238.930,0.000,1412.605,325.492,0.000,0.000,0.000,0.000,0.000,0.000,-0.000,999,0.100,8.000,99,9999,99999,9,999999999,0.000,0.999,0,0,999,0.000,0
1,17,2019,5,0,,16.540,14.750,89.000,89238.930,0.000,1412.605,323.568,0.000,0.000,0.000,0.000,0.000,0.000,-0.000,999,0.100,8.000,99,9999,99999,9,999999999,0.000,0.999,0,0,999,0.000,0
1,17,2019,6,0,,16.230,14.670,90.000,89238.930,39.911,1412.605,321.840,0.000,0.000,0.000,0.000,0.000,0.000,0.000,999,0.100,8.000,99,9999,99999,9,999999999,0.000,0.999,0,0,999,0.000,0
1,17,2019,7,0,,15.920,14.590,91.000,89238.930,354.700,1412.605,320.112,46.430,0.000,46.430,5571.600,0.000,5107.300,59.110,999,0.100,8.000,99,9999,99999,9,999999999,0.000,0.999,0,0,999,0.000,0
1,17,2019,8,0,,18.500,15.260,81.000,89238.930,663.669,1412.605,333.501,228.750,37.279,211.254,27450.000,3541.505,23237.904,143.275,999,0.100,7.000,99,9999,99999,9,999999999,0.000,0.999,0,0,999,0.000,0
1,17,2019,9,0,,20.260,15.710,75.000,89238.930,940.272,1412.605,342.925,419.430,104.596,349.834,50331.600,9936.590,38481.705,167.355,999,0.100,6.000,99,9999,99999,9,999999999,0.000,0.999,0,0,999,0.000,0
1,17,2019,10,0,,21.920,16.120,69.000,89238.930,1165.299,1412.605,351.404,586.570,167.666,448.276,70388.400,15928.277,49310.410,172.997,999,0.100,5.000,99,9999,99999,9,999999999,0.000,0.999,0,0,999,0.000,0
1,17,2019,11,0,,23.400,16.470,65.000,89238.930,1323.324,1412.605,359.798,715.230,137.814,586.131,85827.600,13092.358,64474.444,199.167,999,0.100,5.000,99,9999,99999,9,999999999,0.000,0.999,0,0,999,0.000,0
1,17,2019,12,0,,24.640,16.760,61.000,89238.930,1403.539,1412.605,366.213,795.520,158.904,637.637,95462.400,15095.863,70140.034,204.278,999,0.280,5.000,99,9999,99999,9,999999999,0.000,0.999,0,0,999,0.000,0
1,17,2019,13,0,,25.590,16.980,58.000,89238.930,1400.454,1412.605,371.069,821.540,327.829,496.532,98584.800,31143.780,54618.551,159.423,999,1.070,5.000,99,9999,99999,9,999999999,0.000,0.999,0,0,999,0.000,0
1,17,2019,14,0,,26.240,17.130,57.000,89238.930,1314.268,1412.605,375.325,791.420,368.037,449.019,94970.400,34963.536,49392.085,153.628,999,0.840,5.000,99,9999,99999,9,999999999,0.000,0.999,0,0,999,0.000,0
1,17,2019,15,0,,26.560,17.210,56.000,89238.930,1150.849,1412.605,376.939,707.320,434.921,353.043,84878.400,41317.481,38834.703,137.957,999,0.900,5.000,99,9999,99999,9,999999999,0.000,0.999,0,0,999,0.000,0
1,17,2019,16,0,,26.580,17.210,56.000,89238.930,921.351,1412.605,377.100,575.400,519.305,236.825,69048.000,49333.998,26050.748,115.623,999,0.750,5.000,99,9999,99999,9,999999999,0.000,0.999,0,0,999,0.000,0
1,17,2019,17,0,,26.110,17.100,57.000,89238.930,641.490,1412.605,374.285,405.860,623.127,123.204,48703.200,59197.077,13552.492,86.456,999,0.530,6.000,99,9999,99999,9,999999999,0.000,0.999,0,0,999,0.000,0
1,17,2019,18,0,,25.200,16.890,60.000,89238.930,330.733,1412.605,369.769,214.140,448.557,109.635,25696.800,42612.918,12059.888,149.790,999,0.110,7.000,99,9999,99999,9,999999999,0.000,0.999,0,0,999,0.000,0
1,17,2019,19,0,,24.000,16.610,63.000,89238.930,18.098,1412.605,362.869,35.650,0.000,35.650,4278.000,0.000,3921.500,2218.087,999,0.100,8.000,99,9999,99999,9,999999999,0.000,0.999,0,0,999,0.000,0
1,17,2019,20,0,,23.110,16.400,65.000,89238.930,0.000,1412.605,357.546,0.000,0.000,0.000,0.000,0.000,0.000,-0.000,999,0.100,8.000,99,9999,99999,9,999999999,0.000,0.999,0,0,999,0.000,0
1,17,2019,21,0,,22.220,16.190,68.000,89238.930,0.000,1412.605,352.970,0.000,0.000,0.000,0.000,0.000,0.000,-0.000,999,0.100,8.000,99,9999,99999,9,999999999,0.000,0.999,0,0,999,0.000,0
1,17,2019,22,0,,21.330,15.970,71.000,89238.930,0.000,1412.605,348.326,0.000,0.000,0.000,0.000,0.000,0.000,-0.000,999,0.100,8.000,99,9999,99999,9,999999999,0.000,0.999,0,0,999,0.000,0
1,17,2019,23,0,,20.440,15.750,74.000,89238.930,0.000,1412.605,343.624,0.000,0.000,0.000,0.000,0.000,0.000,-0.000,999,0.100,8.000,99,9999,99999,9,999999999,0.000,0.999,0,0,999,0.000,0
1,17,2019,24,0,,19.550,16.360,81.000,89238.930,0.000,1412.605,341.337,0.000,0.000,0.000,0.000,0.000,0.000,-0.000,999,0.110,8.000,99,9999,99999,9,999999999,0.000,0.999,0,0,999,0.000,0
1,18,2019,1,0,,19.110,16.210,83.000,89238.930,0.000,1412.605,339.216,0.000,0.000,0.000,0.000,0.000,0.000,-0.000,999,0.110,8.000,99,9999,99999,9,999999999,0.000,0.999,0,0,999,0.000,0
1,18,2019,2,0,,18.660,16.070,84.000,89238.930,0.000,1412.605,336.429,0.000,0.000,0.000,0.000,0.000,0.000,-0.000,999,0.110,8.000,99,9999,99999,9,999999999,0.000,0.999,0,0,999,0.000,0
1,18,2019,3,0,,18.220,15.920,86.000,89238.930,0.000,1412.605,334.283,0.000,0.000,0.000,0.000,0.000,0.000,-0.000,999,0.110,8.000,99,9999,99999,9,999999999,0.000,0.999,0,0,999,0.000,0
1,18,2019,4,0,,17.770,15.770,88.000,89238.930,0.000,1412.393,332.043,0.000,0.000,0.000,0.000,0.000,0.000,-0.000,999,0.110,8.000,99,9999,99999,9,999999999,0.000,0.999,0,0,999,0.000,0
1,18,2019,5,0,,17.380,15.640,89.000,89238.930,0.000,1412.393,329.702,0.000,0.000,0.000,0.000,0.000,0.000,-0.000,999,0.110,8.000,99,9999,99999,9,999999999,0.000,0.999,0,0,999,0.000,0
1,18,2019,6,0,,17.090,15.540,90.000,89238.930,36.640,1412.393,328.097,0.000,0.000,0.000,0.000,0.000,0.000,0.000,999,0.110,8.000,99,9999,99999,9,999999999,0.000,0.999,0,0,999,0.000,0
1,18,2019,7,0,,16.790,15.440,91.000,89238.930,351.500,1412.393,326.419,41.300,0.000,41.300,4956.000,0.000,4543.000,53.054,999,0.110,8.000,99,9999,99999,9,999999999,0.000,0.999,0,0,999,0.000,0
1,18,2019,8,0,,18.970,16.170,83.000,89238.930,660.941,1412.393,338.168,208.930,24.475,197.488,25071.600,2325.162,21723.732,134.474,999,0.110,7.000,99,9999,99999,9,999999999,0.000,0.999,0,0,999,0.000,0
1,18,2019,9,0,,20.480,16.660,78.000,89238.930,938.097,1412.393,346.523,384.800,74.552,335.301,46176.000,7082.485,36883.158,160.751,999,0.110,7.000,99,9999,99999,9,999999999,0.000,0.999,0,0,999,0.000,0
1,18,2019,10,0,,21.910,17.100,74.000,89238.930,1163.713,1412.393,354.856,539.070,100.715,456.100,64688.400,9567.883,50170.982,176.230,999,0.110,6.000,99,9999,99999,9,999999999,0.000,0.999,0,0,999,0.000,0
1,18,2019,11,0,,23.180,17.490,70.000,89238.930,1322.320,1412.393,361.900,657.940,98.620,565.613,78952.800,9368.940,62217.405,192.312,999,0.110,6.000,99,9999,99999,9,999999999,0.000,0.999,0,0,999,0.000,0
1,18,2019,12,0,,24.250,17.810,67.000,89238.930,1403.071,1412.393,368.052,732.230,113.666,619.315,87867.600,10798.285,68124.599,198.445,999,0.110,6.000,99,9999,99999,9,999999999,0.000,0.999,0,0,999,0.000,0
1,18,2019,13,0,,25.070,18.060,65.000,89238.930,1400.439,1412.393,372.980,756.510,131.038,626.582,90781.200,12448.612,68923.988,201.151,999,0.300,6.000,99,9999,99999,9,999999999,0.000,0.999,0,0,999,0.000,0
1,18,2019,14,0,,25.620,18.220,63.000,89238.930,1314.590,1412.393,375.720,729.020,153.572,586.089,87482.400,14589.323,64469.782,200.447,999,0.360,6.000,99,9999,99999,9,999999999,0.000,0.999,0,0,999,0.000,0
1,18,2019,15,0,,25.900,18.300,62.000,89238.930,1151.371,1412.393,377.113,651.720,308.097,400.599,78206.400,29269.176,44065.942,156.446,999,1.380,6.000,99,9999,99999,9,999999999,0.000,0.999,0,0,999,0.000,0
1,18,2019,16,0,,25.920,18.300,62.000,89238.930,921.921,1412.393,377.274,530.280,333.840,312.456,63633.600,31714.822,34370.207,152.431,999,1.260,6.000,99,9999,99999,9,999999999,0.000,0.999,0,0,999,0.000,0
1,18,2019,17,0,,24.890,18.000,65.000,89238.930,641.952,1412.393,371.542,140.970,0.000,140.970,16916.400,0.000,15506.700,98.836,999,0.620,8.000,99,9999,99999,9,999999999,0.000,0.999,0,0,999,0.000,0
1,18,2019,18,0,,24.170,17.790,67.000,89238.930,330.939,1412.393,367.418,197.400,435.146,95.941,23688.000,41338.884,10553.469,130.977,999,0.250,8.000,99,9999,99999,9,999999999,0.000,0.999,0,0,999,0.000,0
1,18,2019,19,0,,23.180,17.490,70.000,89238.930,17.941,1412.393,361.900,32.830,0.000,32.830,3939.600,0.000,3611.300,2093.894,999,0.110,8.000,99,9999,99999,9,999999999,0.000,0.999,0,0,999,0.000,0
1,18,2019,20,0,,22.430,17.260,72.000,89238.930,0.000,1412.393,357.494,0.000,0.000,0.000,0.000,0.000,0.000,-0.000,999,0.110,8.000,99,9999,99999,9,999999999,0.000,0.999,0,0,999,0.000,0
1,18,2019,21,0,,21.670,17.030,74.000,89238.930,0.000,1412.393,353.003,0.000,0.000,0.000,0.000,0.000,0.000,-0.000,999,0.110,8.000,99,9999,99999,9,999999999,0.000,0.999,0,0,999,0.000,0
1,18,2019,22,0,,20.920,16.790,77.000,89238.930,0.000,1412.393,349.238,0.000,0.000,0.000,0.000,0.000,0.000,-0.000,999,0.110,8.000,99,9999,99999,9,999999999,0.000,0.999,0,0,999,0.000,0
1,18,2019,23,0,,20.170,16.560,79.000,89238.930,0.000,1412.393,344.797,0.000,0.000,0.000,0.000,0.000,0.000,-0.000,999,0.160,8.000,99,9999,99999,9,999999999,0.000,0.999,0,0,999,0.000,0
1,18,2019,24,0,,19.410,16.610,83.000,89238.930,0.000,1412.393,341.472,0.000,0.000,0.000,0.000,0.000,0.000,-0.000,999,0.060,8.000,99,9999,99999,9,999999999,0.000,0.999,0,0,999,0.000,0
1,19,2019,1,0,,19.030,16.530,85.000,89238.930,0.000,1412.393,339.771,0.000,0.000,0.000,0.000,0.000,0.000,-0.000,999,0.060,8.000,99,9999,99999,9,999999999,0.000,0.999,0,0,999,0.000,0
1,19,2019,2,0,,18.660,16.460,87.000,89238.930,0.000,1412.393,338.120,0.000,0.000,0.000,0.000,0.000,0.000,-0.000,999,0.030,8.000,99,9999,99999,9,999999999,0.000,0.999,0,0,999,0.000,0
1,19,2019,3,0,,18.280,16.380,88.000,89238.930,0.000,1412.393,335.830,0.000,0.000,0.000,0.000,0.000,0.000,-0.000,999,0.030,8.000,99,9999,99999,9,999999999,0.000,0.999,0,0,999,0.000,0
1,19,2019,4,0,,17.900,16.300,90.000,89238.930,0.000,1412.167,334.076,0.000,0.000,0.000,0.000,0.000,0.000,-0.000,999,0.030,8.000,99,9999,99999,9,999999999,0.000,0.999,0,0,999,0.000,0
1,19,2019,5,0,,17.570,16.230,91.000,89238.930,0.000,1412.167,332.154,0.000,0.000,0.000,0.000,0.000,0.000,-0.000,999,0.030,8.000,99,9999,99999,9,999999999,0.000,0.999,0,0,999,0.000,0
1,19,2019,6,0,,17.320,16.180,93.000,89238.930,33.389,1412.167,331.335,0.000,0.000,0.000,0.000,0.000,0.000,0.000,999,0.030,8.000,99,9999,99999,9,999999999,0.000,0.999,0,0,999,0.000,0
1,19,2019,7,0,,17.070,16.130,94.000,89238.930,348.306,1412.167,329.994,42.080,0.000,42.080,5049.600,0.000,4628.800,54.547,999,0.030,8.000,99,9999,99999,9,999999999,0.000,0.999,0,0,999,0.000,0
1,19,2019,8,0,,18.320,16.390,88.000,89238.930,658.220,1412.167,336.128,103.660,0.000,103.660,12439.200,0.000,11402.600,70.865,999,0.030,8.000,99,9999,99999,9,999999999,0.000,0.999,0,0,999,0.000,0
1,19,2019,9,0,,19.490,16.630,83.000,89238.930,935.926,1412.167,342.076,279.320,32.778,257.604,33518.400,3113.952,28336.434,123.768,999,0.030,8.000,99,9999,99999,9,999999999,0.000,0.999,0,0,999,0.000,0
1,19,2019,10,0,,21.250,16.980,76.000,89238.930,1162.123,1412.167,351.114,553.650,160.791,421.348,66438.000,15275.158,46348.251,162.999,999,0.100,6.000,99,9999,99999,9,999999999,0.000,0.999,0,0,999,0.000,0
1,19,2019,11,0,,22.510,17.230,72.000,89238.930,1321.302,1412.167,358.116,610.800,137.168,482.463,73296.000,13030.984,53070.946,164.141,999,0.330,7.000,99,9999,99999,9,999999999,0.000,0.999,0,0,999,0.000,0
1,19,2019,12,0,,23.850,17.490,67.000,89238.930,1402.575,1412.167,364.891,790.340,256.237,535.845,94840.800,24342.503,58942.918,171.732,999,0.900,5.000,99,9999,99999,9,999999999,0.000,0.999,0,0,999,0.000,0
1,19,2019,13,0,,24.350,17.590,65.000,89238.930,1400.379,1412.167,367.252,598.750,83.558,515.890,71850.000,7937.980,56747.924,165.596,999,2.370,8.000,99,9999,99999,9,999999999,0.000,0.999,0,0,999,0.000,0
1,19,2019,14,0,,24.810,17.680,64.000,89238.930,1314.851,1412.167,370.083,644.120,153.550,501.158,77294.400,14587.236,55127.389,171.338,999,1.940,7.000,99,9999,99999,9,999999999,0.000,0.999,0,0,999,0.000,0
1,19,2019,15,0,,25.180,17.750,63.000,89238.930,1151.815,1412.167,372.196,645.670,273.329,422.766,77480.400,25966.269,46504.231,165.013,999,1.770,6.000,99,9999,99999,9,999999999,0.000,0.999,0,0,999,0.000,0
1,19,2019,16,0,,25.810,17.870,61.000,89238.930,922.397,1412.167,375.515,841.930,700.835,384.340,101031.600,66579.354,42277.420,187.372,999,1.810,0.000,99,9999,99999,9,999999999,0.000,0.999,0,0,999,0.000,0
1,19,2019,17,0,,25.940,17.890,61.000,89238.930,642.308,1412.167,376.560,593.440,874.964,195.918,71212.800,83121.558,21551.034,137.263,999,0.930,0.000,99,9999,99999,9,999999999,0.000,0.999,0,0,999,0.000,0
1,19,2019,18,0,,25.580,17.820,62.000,89238.930,331.030,1412.167,374.541,372.710,576.480,238.238,44725.200,54765.593,26206.180,325.097,999,0.340,0.000,99,9999,99999,9,999999999,0.000,0.999,0,0,999,0.000,0
1,19,2019,19,0,,24.630,17.640,65.000,89238.930,17.679,1412.167,369.472,79.900,0.000,79.900,9588.000,0.000,8789.000,5321.009,999,0.090,5.000,99,9999,99999,9,999999999,0.000,0.999,0,0,999,0.000,0
1,19,2019,20,0,,23.760,17.470,67.000,89238.930,0.000,1412.167,364.182,0.000,0.000,0.000,0.000,0.000,0.000,-0.000,999,0.030,5.000,99,9999,99999,9,999999999,0.000,0.999,0,0,999,0.000,0
1,19,2019,21,0,,22.900,17.310,70.000,89238.930,0.000,1412.167,359.711,0.000,0.000,0.000,0.000,0.000,0.000,-0.000,999,0.030,6.000,99,9999,99999,9,999999999,0.000,0.999,0,0,999,0.000,0
1,19,2019,22,0,,22.030,17.140,73.000,89238.930,0.000,1412.167,355.094,0.000,0.000,0.000,0.000,0.000,0.000,-0.000,999,0.030,6.000,99,9999,99999,9,999999999,0.000,0.999,0,0,999,0.000,0
1,19,2019,23,0,,21.160,16.960,76.000,89238.930,0.000,1412.167,350.423,0.000,0.000,0.000,0.000,0.000,0.000,-0.000,999,0.030,6.000,99,9999,99999,9,999999999,0.000,0.999,0,0,999,0.000,0
1,19,2019,24,0,,20.300,17.100,81.000,89238.930,0.000,1412.167,347.021,0.000,0.000,0.000,0.000,0.000,0.000,-0.000,999,0.040,6.000,99,9999,99999,9,999999999,0.000,0.999,0,0,999,0.000,0
1,20,2019,1,0,,19.860,17.030,83.000,89238.930,0.000,1412.167,344.878,0.000,0.000,0.000,0.000,0.000,0.000,-0.000,999,0.040,6.000,99,9999,99999,9,999999999,0.000,0.999,0,0,999,0.000,0
1,20,2019,2,0,,19.430,16.960,85.000,89238.930,0.000,1412.167,342.787,0.000,0.000,0.000,0.000,0.000,0.000,-0.000,999,0.040,7.000,99,9999,99999,9,999999999,0.000,0.999,0,0,999,0.000,0
1,20,2019,3,0,,19.000,16.890,87.000,89238.930,0.000,1412.167,340.675,0.000,0.000,0.000,0.000,0.000,0.000,-0.000,999,0.040,7.000,99,9999,99999,9,999999999,0.000,0.999,0,0,999,0.000,0
1,20,2019,4,0,,18.560,16.810,89.000,89238.930,0.000,1411.927,338.469,0.000,0.000,0.000,0.000,0.000,0.000,-0.000,999,0.040,7.000,99,9999,99999,9,999999999,0.000,0.999,0,0,999,0.000,0
1,20,2019,5,0,,18.180,16.750,91.000,89238.930,0.000,1411.927,336.693,0.000,0.000,0.000,0.000,0.000,0.000,-0.000,999,0.040,8.000,99,9999,99999,9,999999999,0.000,0.999,0,0,999,0.000,0
1,20,2019,6,0,,17.890,16.700,92.000,89238.930,30.161,1411.927,335.052,0.000,0.000,0.000,0.000,0.000,0.000,0.000,999,0.040,8.000,99,9999,99999,9,999999999,0.000,0.999,0,0,999,0.000,0
1,20,2019,7,0,,17.610,16.650,94.000,89238.930,345.120,1411.927,333.994,41.390,0.000,41.390,4966.800,0.000,4552.900,54.143,999,0.040,8.000,99,9999,99999,9,999999999,0.000,0.999,0,0,999,0.000,0
1,20,2019,8,0,,19.630,16.990,84.000,89238.930,655.508,1411.927,343.721,238.040,84.031,199.069,28564.800,7982.932,21897.576,136.631,999,0.040,7.000,99,9999,99999,9,999999999,0.000,0.999,0,0,999,0.000,0
1,20,2019,9,0,,21.120,17.240,78.000,89238.930,933.760,1411.927,351.418,447.580,171.028,334.516,53709.600,16247.631,36796.724,161.067,999,0.040,5.000,99,9999,99999,9,999999999,0.000,0.999,0,0,999,0.000,0
1,20,2019,10,0,,22.750,17.500,72.000,89238.930,1160.530,1411.927,359.988,692.020,352.376,402.427,83042.400,33475.678,44266.918,155.867,999,0.040,2.000,99,9999,99999,9,999999999,0.000,0.999,0,0,999,0.000,0
1,20,2019,11,0,,23.700,17.650,68.000,89238.930,1320.269,1411.927,364.481,680.810,214.063,480.651,81697.200,20336.018,52871.658,163.625,999,0.100,6.000,99,9999,99999,9,999999999,0.000,0.999,0,0,999,0.000,0
1,20,2019,12,0,,24.360,17.760,66.000,89238.930,1402.049,1411.927,368.133,693.660,171.362,523.497,83239.200,16279.411,57584.705,167.809,999,0.390,6.000,99,9999,99999,9,999999999,0.000,0.999,0,0,999,0.000,0
1,20,2019,13,0,,25.000,17.860,64.000,89238.930,1400.273,1411.927,371.596,774.970,271.049,506.160,92996.400,25749.636,55677.552,162.457,999,0.870,6.000,99,9999,99999,9,999999999,0.000,0.999,0,0,999,0.000,0
1,20,2019,14,0,,25.270,17.900,63.000,89238.930,1315.049,1411.927,372.914,657.750,167.027,502.191,78930.000,15867.546,55240.957,171.636,999,1.350,7.000,99,9999,99999,9,999999999,0.000,0.999,0,0,999,0.000,0
1,20,2019,15,0,,25.660,17.960,62.000,89238.930,1152.179,1411.927,375.183,767.260,513.051,348.655,92071.200,48739.873,38352.034,136.020,999,1.720,4.000,99,9999,99999,9,999999999,0.000,0.999,0,0,999,0.000,0
1,20,2019,16,0,,25.940,18.010,61.000,89238.930,922.778,1411.927,376.560,746.690,814.333,214.684,89602.800,77361.646,23615.282,104.601,999,0.710,0.000,99,9999,99999,9,999999999,0.000,0.999,0,0,999,0.000,0
1,20,2019,17,0,,25.640,17.960,62.000,89238.930,642.556,1411.927,375.023,441.340,607.046,165.387,52960.800,57669.324,18192.623,115.808,999,0.340,5.000,99,9999,99999,9,999999999,0.000,0.999,0,0,999,0.000,0
1,20,2019,18,0,,25.010,17.860,64.000,89238.930,331.005,1411.927,371.676,254.930,467.846,145.788,30591.600,44445.415,16036.659,198.922,999,0.040,5.000,99,9999,99999,9,999999999,0.000,0.999,0,0,999,0.000,0
1,20,2019,19,0,,24.140,17.720,67.000,89238.930,17.312,1411.927,367.181,79.640,0.000,79.640,9556.800,0.000,8760.400,5654.953,999,0.070,5.000,99,9999,99999,9,999999999,0.000,0.999,0,0,999,0.000,0
1,20,2019,20,0,,23.150,17.570,70.000,89238.930,0.000,1411.927,361.665,0.000,0.000,0.000,0.000,0.000,0.000,-0.000,999,0.040,5.000,99,9999,99999,9,999999999,0.000,0.999,0,0,999,0.000,0
1,20,2019,21,0,,22.160,17.410,74.000,89238.930,0.000,1411.927,356.794,0.000,0.000,0.000,0.000,0.000,0.000,-0.000,999,0.040,6.000,99,9999,99999,9,999999999,0.000,0.999,0,0,999,0.000,0
1,20,2019,22,0,,21.170,17.250,78.000,89238.930,0.000,1411.927,351.803,0.000,0.000,0.000,0.000,0.000,0.000,-0.000,999,0.040,6.000,99,9999,99999,9,999999999,0.000,0.999,0,0,999,0.000,0
1,20,2019,23,0,,20.190,17.090,82.000,89238.930,0.000,1411.927,346.790,0.000,0.000,0.000,0.000,0.000,0.000,-0.000,999,0.040,6.000,99,9999,99999,9,999999999,0.000,0.999,0,0,999,0.000,0
1,20,2019,24,0,,19.200,15.540,79.000,89238.930,0.000,1411.927,337.502,0.000,0.000,0.000,0.000,0.000,0.000,-0.000,999,0.100,6.000,99,9999,99999,9,999999999,0.000,0.999,0,0,999,0.000,0
1,21,2019,1,0,,18.700,15.390,81.000,89238.930,0.000,1411.927,334.983,0.000,0.000,0.000,0.000,0.000,0.000,-0.000,999,0.100,6.000,99,9999,99999,9,999999999,0.000,0.999,0,0,999,0.000,0
1,21,2019,2,0,,18.210,15.250,82.000,89238.930,0.000,1411.927,331.942,0.000,0.000,0.000,0.000,0.000,0.000,-0.000,999,0.100,7.000,99,9999,99999,9,999999999,0.000,0.999,0,0,999,0.000,0
1,21,2019,3,0,,17.710,15.100,84.000,89238.930,0.000,1411.927,329.403,0.000,0.000,0.000,0.000,0.000,0.000,-0.000,999,0.100,7.000,99,9999,99999,9,999999999,0.000,0.999,0,0,999,0.000,0
1,21,2019,4,0,,17.220,14.960,86.000,89238.930,0.000,1411.672,326.921,0.000,0.000,0.000,0.000,0.000,0.000,-0.000,999,0.100,7.000,99,9999,99999,9,999999999,0.000,0.999,0,0,999,0.000,0
1,21,2019,5,0,,16.780,14.820,88.000,89238.930,0.000,1411.672,324.787,0.000,0.000,0.000,0.000,0.000,0.000,-0.000,999,0.100,8.000,99,9999,99999,9,999999999,0.000,0.999,0,0,999,0.000,0
1,21,2019,6,0,,16.460,14.730,89.000,89238.930,26.960,1411.672,322.988,0.000,0.000,0.000,0.000,0.000,0.000,0.000,999,0.100,8.000,99,9999,99999,9,999999999,0.000,0.999,0,0,999,0.000,0
1,21,2019,7,0,,16.130,14.630,90.000,89238.930,341.943,1411.672,321.118,38.300,0.000,38.300,4596.000,0.000,4213.000,50.562,999,0.100,8.000,99,9999,99999,9,999999999,0.000,0.999,0,0,999,0.000,0
1,21,2019,8,0,,18.340,15.290,82.000,89238.930,652.805,1411.672,332.902,210.610,27.293,198.003,25273.200,2592.789,21780.281,136.439,999,0.100,7.000,99,9999,99999,9,999999999,0.000,0.999,0,0,999,0.000,0
1,21,2019,9,0,,19.930,15.750,76.000,89238.930,931.599,1411.672,341.089,393.200,84.163,337.680,47184.000,7995.521,37144.749,162.939,999,0.100,6.000,99,9999,99999,9,999999999,0.000,0.999,0,0,999,0.000,0
1,21,2019,10,0,,21.440,16.170,71.000,89238.930,1158.933,1411.672,349.164,553.740,136.493,441.700,66448.800,12966.849,48586.978,171.283,999,0.110,6.000,99,9999,99999,9,999999999,0.000,0.999,0,0,999,0.000,0
1,21,2019,11,0,,22.780,16.540,67.000,89238.930,1319.219,1411.672,356.537,677.730,112.432,572.665,81327.600,10681.072,62993.202,195.068,999,0.470,6.000,99,9999,99999,9,999999999,0.000,0.999,0,0,999,0.000,0
1,21,2019,12,0,,23.910,16.850,64.000,89238.930,1401.492,1411.672,362.980,755.590,129.787,626.739,90670.800,12329.787,68941.313,200.947,999,0.680,5.000,99,9999,99999,9,999999999,0.000,0.999,0,0,999,0.000,0
1,21,2019,13,0,,24.780,17.080,62.000,89238.930,1400.120,1411.672,368.171,781.600,149.575,633.249,93792.000,14209.646,69657.440,203.234,999,0.990,5.000,99,9999,99999,9,999999999,0.000,0.999,0,0,999,0.000,0
1,21,2019,14,0,,25.370,17.240,60.000,89238.930,1315.182,1411.672,371.119,753.860,313.890,461.438,90463.200,29819.516,50758.204,157.663,999,1.400,5.000,99,9999,99999,9,999999999,0.000,0.999,0,0,999,0.000,0
1,21,2019,15,0,,25.670,17.310,59.000,89238.930,1152.461,1411.672,372.614,674.370,349.477,389.105,80924.400,33200.358,42801.589,151.736,999,0.640,6.000,99,9999,99999,9,999999999,0.000,0.999,0,0,999,0.000,0
1,21,2019,16,0,,25.690,17.320,59.000,89238.930,923.063,1411.672,372.773,548.970,417.169,276.299,65876.400,39631.095,30392.863,134.556,999,0.240,6.000,99,9999,99999,9,999999999,0.000,0.999,0,0,999,0.000,0
1,21,2019,17,0,,25.280,17.210,60.000,89238.930,642.696,1411.672,370.404,387.340,512.629,154.215,46480.800,48699.711,16963.615,107.942,999,0.100,6.000,99,9999,99999,9,999999999,0.000,0.999,0,0,999,0.000,0
1,21,2019,18,0,,24.470,17.000,63.000,89238.930,330.864,1411.672,366.562,204.240,584.302,67.964,24508.800,55508.736,7476.056,92.757,999,0.100,7.000,99,9999,99999,9,999999999,0.000,0.999,0,0,999,0.000,0
1,21,2019,19,0,,23.390,16.710,66.000,89238.930,16.840,1411.672,360.506,33.630,0.000,33.630,4035.600,0.000,3699.300,2610.865,999,0.100,8.000,99,9999,99999,9,999999999,0.000,0.999,0,0,999,0.000,0
1,21,2019,20,0,,22.430,16.450,68.000,89238.930,0.000,1411.672,354.587,0.000,0.000,0.000,0.000,0.000,0.000,-0.000,999,0.140,8.000,99,9999,99999,9,999999999,0.000,0.999,0,0,999,0.000,0
1,21,2019,21,0,,21.460,16.180,71.000,89238.930,0.000,1411.672,349.317,0.000,0.000,0.000,0.000,0.000,0.000,-0.000,999,0.100,8.000,99,9999,99999,9,999999999,0.000,0.999,0,0,999,0.000,0
1,21,2019,22,0,,20.490,15.910,74.000,89238.930,0.000,1411.672,344.002,0.000,0.000,0.000,0.000,0.000,0.000,-0.000,999,0.100,8.000,99,9999,99999,9,999999999,0.000,0.999,0,0,999,0.000,0
1,21,2019,23,0,,19.530,15.630,78.000,89238.930,0.000,1411.672,339.352,0.000,0.000,0.000,0.000,0.000,0.000,-0.000,999,0.100,8.000,99,9999,99999,9,999999999,0.000,0.999,0,0,999,0.000,0
1,21,2019,24,0,,18.560,15.710,85.000,89238.930,0.000,1411.672,336.252,0.000,0.000,0.000,0.000,0.000,0.000,-0.000,999,0.200,8.000,99,9999,99999,9,999999999,0.110,0.999,0,0,999,0.110,99
1,22,2019,1,0,,18.080,15.670,87.000,89238.930,0.000,1411.672,333.795,0.000,0.000,0.000,0.000,0.000,0.000,-0.000,999,0.200,8.000,99,9999,99999,9,999999999,0.040,0.999,0,0,999,0.040,99
1,22,2019,2,0,,17.600,15.630,89.000,89238.930,0.000,1411.672,331.323,0.000,0.000,0.000,0.000,0.000,0.000,-0.000,999,0.200,8.000,99,9999,99999,9,999999999,0.010,0.999,0,0,999,0.010,99
1,22,2019,3,0,,17.110,15.580,87.000,89238.930,0.000,1411.672,326.658,0.000,0.000,0.000,0.000,0.000,0.000,-0.000,999,0.200,8.000,99,9999,99999,9,999999999,0.000,0.999,0,0,999,0.000,0
1,22,2019,4,0,,16.630,15.540,93.000,89238.930,0.000,1411.403,326.263,0.000,0.000,0.000,0.000,0.000,0.000,-0.000,999,0.200,8.000,99,9999,99999,9,999999999,0.010,0.999,0,0,999,0.010,99
1,22,2019,5,0,,16.200,15.510,96.000,89238.930,0.000,1411.403,324.602,0.000,0.000,0.000,0.000,0.000,0.000,-0.000,999,0.200,8.000,99,9999,99999,9,999999999,0.030,0.999,0,0,999,0.030,99
1,22,2019,6,0,,15.880,15.480,97.000,89238.930,23.787,1411.403,322.755,0.000,0.000,0.000,0.000,0.000,0.000,0.000,999,0.200,8.000,99,9999,99999,9,999999999,0.060,0.999,0,0,999,0.060,99
1,22,2019,7,0,,15.560,15.450,99.000,89238.930,338.777,1411.403,321.375,47.160,0.000,47.160,5659.200,0.000,5187.600,62.834,999,0.200,8.000,99,9999,99999,9,999999999,0.300,0.999,0,0,999,0.300,99
1,22,2019,8,0,,17.820,15.650,92.000,89238.930,650.113,1411.403,334.531,188.890,15.502,181.757,22666.800,1472.735,19993.279,125.740,999,0.200,8.000,99,9999,99999,9,999999999,4.150,0.999,0,0,999,4.150,99
1,22,2019,9,0,,19.180,15.760,82.000,89238.930,929.442,1411.403,339.154,331.000,59.712,291.693,39720.000,5672.647,32086.256,141.049,999,0.200,8.000,99,9999,99999,9,999999999,0.170,0.999,0,0,999,0.170,99
1,22,2019,10,0,,20.510,15.880,77.000,89238.930,1157.333,1411.403,346.112,466.970,96.714,387.677,56036.400,9187.830,42644.479,150.513,999,0.200,7.000,99,9999,99999,9,999999999,0.010,0.999,0,0,999,0.010,99
1,22,2019,11,0,,21.710,15.980,68.000,89238.930,1318.154,1411.403,349.069,572.050,56.721,519.079,68646.000,5388.498,57098.658,176.924,999,0.200,7.000,99,9999,99999,9,999999999,0.000,0.999,0,0,999,0.000,0
1,22,2019,12,0,,22.720,16.060,65.000,89238.930,1400.903,1411.403,354.535,638.130,65.171,573.444,76575.600,6191.234,63078.862,183.902,999,0.200,7.000,99,9999,99999,9,999999999,0.000,0.999,0,0,999,0.000,0
1,22,2019,13,0,,23.510,16.130,62.000,89238.930,1399.918,1411.403,358.229,660.340,75.185,585.768,79240.800,7142.542,64434.425,187.986,999,0.820,7.000,99,9999,99999,9,999999999,0.000,0.999,0,0,999,0.000,0
1,22,2019,14,0,,24.040,16.180,61.000,89238.930,1315.249,1411.403,361.512,637.080,88.713,554.414,76449.600,8427.756,60985.561,189.386,999,0.860,7.000,99,9999,99999,9,999999999,0.000,0.999,0,0,999,0.000,0
1,22,2019,15,0,,24.310,16.200,60.000,89238.930,1152.661,1411.403,362.764,570.010,219.952,390.406,68401.200,20895.437,42944.714,152.188,999,0.380,7.000,99,9999,99999,9,999999999,0.000,0.999,0,0,999,0.000,0
1,22,2019,16,0,,24.320,16.200,60.000,89238.930,923.250,1411.403,362.842,464.050,181.505,345.367,55686.000,17243.012,37990.397,168.125,999,0.200,7.000,99,9999,99999,9,999999999,0.000,0.999,0,0,999,0.000,0
1,22,2019,17,0,,23.940,16.170,66.000,89238.930,642.727,1411.403,364.816,327.400,261.999,208.223,39288.000,24889.931,22904.579,145.710,999,0.200,8.000,99,9999,99999,9,999999999,0.080,0.999,0,0,999,0.080,99
1,22,2019,18,0,,23.200,16.110,63.000,89238.930,330.606,1411.403,356.648,172.530,399.690,79.367,20703.600,37970.517,8730.320,108.384,999,0.200,8.000,99,9999,99999,9,999999999,0.000,0.999,0,0,999,0.000,0
1,22,2019,19,0,,22.210,16.020,67.000,89238.930,16.264,1411.403,352.148,28.260,0.000,28.260,3391.200,0.000,3108.600,2477.024,999,0.200,8.000,99,9999,99999,9,999999999,0.000,0.999,0,0,999,0.000,0
1,22,2019,20,0,,21.450,15.960,69.000,89238.930,0.000,1411.403,347.818,0.000,0.000,0.000,0.000,0.000,0.000,-0.000,999,0.200,8.000,99,9999,99999,9,999999999,0.000,0.999,0,0,999,0.000,0
1,22,2019,21,0,,20.700,15.890,72.000,89238.930,0.000,1411.403,344.241,0.000,0.000,0.000,0.000,0.000,0.000,-0.000,999,0.200,8.000,99,9999,99999,9,999999999,0.000,0.999,0,0,999,0.000,0
1,22,2019,22,0,,19.940,15.830,75.000,89238.930,0.000,1411.403,340.519,0.000,0.000,0.000,0.000,0.000,0.000,-0.000,999,0.200,8.000,99,9999,99999,9,999999999,0.000,0.999,0,0,999,0.000,0
1,22,2019,23,0,,19.190,15.760,82.000,89238.930,0.000,1411.403,339.229,0.000,0.000,0.000,0.000,0.000,0.000,-0.000,999,0.200,8.000,99,9999,99999,9,999999999,0.020,0.999,0,0,999,0.020,99
1,22,2019,24,0,,18.430,16.770,91.000,89238.930,0.000,1411.403,338.567,0.000,0.000,0.000,0.000,0.000,0.000,-0.000,999,0.110,8.000,99,9999,99999,9,999999999,0.060,0.999,0,0,999,0.060,99
1,23,2019,1,0,,18.060,16.640,92.000,89238.930,0.000,1411.403,336.321,0.000,0.000,0.000,0.000,0.000,0.000,-0.000,999,0.110,8.000,99,9999,99999,9,999999999,0.020,0.999,0,0,999,0.020,99
1,23,2019,2,0,,17.680,16.520,93.000,89238.930,0.000,1411.403,334.005,0.000,0.000,0.000,0.000,0.000,0.000,-0.000,999,0.110,8.000,99,9999,99999,9,999999999,0.040,0.999,0,0,999,0.040,99
1,23,2019,3,0,,17.300,16.390,90.000,89238.930,0.000,1411.403,329.639,0.000,0.000,0.000,0.000,0.000,0.000,-0.000,999,0.110,8.000,99,9999,99999,9,999999999,0.000,0.999,0,0,999,0.000,0
1,23,2019,4,0,,16.920,16.260,96.000,89238.930,0.000,1411.119,329.880,0.000,0.000,0.000,0.000,0.000,0.000,-0.000,999,0.110,8.000,99,9999,99999,9,999999999,0.030,0.999,0,0,999,0.030,99
1,23,2019,5,0,,16.590,16.150,93.000,89238.930,0.000,1411.119,325.971,0.000,0.000,0.000,0.000,0.000,0.000,-0.000,999,0.110,8.000,99,9999,99999,9,999999999,0.000,0.999,0,0,999,0.000,0
1,23,2019,6,0,,16.340,16.060,94.000,89238.930,20.646,1411.119,324.646,0.000,0.000,0.000,0.000,0.000,0.000,0.000,999,0.110,8.000,99,9999,99999,9,999999999,0.000,0.999,0,0,999,0.000,0
1,23,2019,7,0,,16.090,15.970,99.000,89238.930,335.623,1411.119,325.228,23.520,0.000,23.520,2822.400,0.000,2587.200,31.628,999,0.110,8.000,99,9999,99999,9,999999999,0.080,0.999,0,0,999,0.080,99
1,23,2019,8,0,,18.010,16.630,88.000,89238.930,647.430,1411.119,333.821,137.310,0.000,137.310,16477.200,0.000,15104.100,95.367,999,0.110,8.000,99,9999,99999,9,999999999,0.000,0.999,0,0,999,0.000,0
1,23,2019,9,0,,19.430,17.090,83.000,89238.930,927.291,1411.119,341.623,258.730,17.133,247.476,31047.600,1627.597,27222.358,119.922,999,0.110,8.000,99,9999,99999,9,999999999,0.000,0.999,0,0,999,0.000,0
1,23,2019,10,0,,20.770,17.520,84.000,89238.930,1155.727,1411.119,352.446,365.650,24.356,345.705,43878.000,2313.809,38027.557,134.378,999,0.120,8.000,99,9999,99999,9,999999999,0.010,0.999,0,0,999,0.010,99
1,23,2019,11,0,,21.970,17.900,80.000,89238.930,1317.070,1411.119,359.300,448.340,39.780,411.213,53800.800,3779.058,45233.465,140.246,999,0.200,8.000,99,9999,99999,9,999999999,0.010,0.999,0,0,999,0.010,99
1,23,2019,12,0,,22.980,18.210,73.000,89238.930,1400.281,1411.119,362.502,500.410,43.911,456.837,60049.200,4171.528,50252.030,146.542,999,0.230,8.000,99,9999,99999,9,999999999,0.000,0.999,0,0,999,0.000,0
1,23,2019,13,0,,23.760,18.450,71.000,89238.930,1399.665,1411.119,367.212,518.010,49.327,469.084,62161.200,4686.048,51599.219,150.537,999,0.390,8.000,99,9999,99999,9,999999999,0.000,0.999,0,0,999,0.000,0
1,23,2019,14,0,,24.290,18.600,70.000,89238.930,1315.248,1411.119,370.682,499.890,56.870,446.886,59986.800,5402.672,49157.450,152.624,999,0.690,8.000,99,9999,99999,9,999999999,0.000,0.999,0,0,999,0.000,0
1,23,2019,15,0,,24.570,18.690,69.000,89238.930,1152.777,1411.119,372.157,447.330,50.506,406.077,53679.600,4798.045,44668.440,158.249,999,1.090,8.000,99,9999,99999,9,999999999,0.000,0.999,0,0,999,0.000,0
1,23,2019,16,0,,24.590,18.690,73.000,89238.930,923.339,1411.119,375.326,364.190,52.389,329.924,43702.800,4976.910,36291.640,160.560,999,0.760,8.000,99,9999,99999,9,999999999,0.110,0.999,0,0,999,0.110,99
1,23,2019,17,0,,24.220,18.580,74.000,89238.930,642.648,1411.119,373.073,256.920,97.586,212.527,30830.400,9270.676,23377.992,148.710,999,0.790,8.000,99,9999,99999,9,999999999,0.200,0.999,0,0,999,0.200,99
1,23,2019,18,0,,23.510,18.370,72.000,89238.930,330.231,1411.119,365.964,135.290,189.450,91.173,16234.800,17997.793,10029.000,124.624,999,0.350,8.000,99,9999,99999,9,999999999,0.000,0.999,0,0,999,0.000,0
1,23,2019,19,0,,22.550,18.080,79.000,89238.930,15.584,1411.119,363.210,22.010,0.000,22.010,2641.200,0.000,2421.100,2276.622,999,0.110,8.000,99,9999,99999,9,999999999,0.150,0.999,0,0,999,0.150,99
1,23,2019,20,0,,21.890,17.870,81.000,89238.930,0.000,1411.119,359.311,0.000,0.000,0.000,0.000,0.000,0.000,-0.000,999,0.110,8.000,99,9999,99999,9,999999999,0.740,0.999,0,0,999,0.740,99
1,23,2019,21,0,,21.230,17.670,82.000,89238.930,0.000,1411.119,354.791,0.000,0.000,0.000,0.000,0.000,0.000,-0.000,999,0.110,8.000,99,9999,99999,9,999999999,0.290,0.999,0,0,999,0.290,99
1,23,2019,22,0,,20.570,17.460,84.000,89238.930,0.000,1411.119,350.903,0.000,0.000,0.000,0.000,0.000,0.000,-0.000,999,0.110,8.000,99,9999,99999,9,999999999,0.430,0.999,0,0,999,0.430,99
1,23,2019,23,0,,19.910,17.250,95.000,89238.930,0.000,1411.119,351.982,0.000,0.000,0.000,0.000,0.000,0.000,-0.000,999,0.110,8.000,99,9999,99999,9,999999999,9.820,0.999,0,0,999,9.820,99
1,23,2019,24,0,,19.260,17.200,89.000,89238.930,0.000,1411.119,343.753,0.000,0.000,0.000,0.000,0.000,0.000,-0.000,999,0.020,8.000,99,9999,99999,9,999999999,0.030,0.999,0,0,999,0.030,99
1,24,2019,1,0,,18.930,17.180,91.000,89238.930,0.000,1411.119,342.339,0.000,0.000,0.000,0.000,0.000,0.000,-0.000,999,0.020,8.000,99,9999,99999,9,999999999,0.010,0.999,0,0,999,0.010,99
1,24,2019,2,0,,18.600,17.170,93.000,89238.930,0.000,1411.119,340.903,0.000,0.000,0.000,0.000,0.000,0.000,-0.000,999,0.020,8.000,99,9999,99999,9,999999999,0.120,0.999,0,0,999,0.120,99
1,24,2019,3,0,,18.270,17.150,99.000,89238.930,0.000,1411.119,341.452,0.000,0.000,0.000,0.000,0.000,0.000,-0.000,999,0.020,8.000,99,9999,99999,9,999999999,1.680,0.999,0,0,999,1.680,99
1,24,2019,4,0,,17.940,17.130,91.000,89238.930,0.000,1410.822,334.902,0.000,0.000,0.000,0.000,0.000,0.000,-0.000,999,0.020,8.000,99,9999,99999,9,999999999,0.000,0.999,0,0,999,0.000,0
1,24,2019,5,0,,17.650,17.120,97.000,89238.930,0.000,1410.822,335.796,0.000,0.000,0.000,0.000,0.000,0.000,-0.000,999,0.020,8.000,99,9999,99999,9,999999999,0.070,0.999,0,0,999,0.070,99
1,24,2019,6,0,,17.430,17.110,99.000,89238.930,17.538,1410.822,335.129,0.000,0.000,0.000,0.000,0.000,0.000,0.000,999,0.020,8.000,99,9999,99999,9,999999999,0.020,0.999,0,0,999,0.020,99
1,24,2019,7,0,,17.210,17.100,95.000,89238.930,332.481,1410.822,331.529,30.880,0.000,30.880,3705.600,0.000,3396.800,41.912,999,0.020,8.000,99,9999,99999,9,999999999,0.000,0.999,0,0,999,0.000,0
1,24,2019,8,0,,19.260,17.200,85.000,89238.930,644.759,1410.822,341.502,185.990,26.896,173.712,22318.800,2555.084,19108.326,121.126,999,0.020,8.000,99,9999,99999,9,999999999,0.000,0.999,0,0,999,0.000,0
1,24,2019,9,0,,20.800,17.270,78.000,89238.930,925.145,1410.822,348.964,352.090,58.755,313.576,42250.800,5581.725,34493.413,152.274,999,0.020,7.000,99,9999,99999,9,999999999,0.000,0.999,0,0,999,0.000,0
1,24,2019,10,0,,22.260,17.340,72.000,89238.930,1154.116,1410.822,356.174,498.450,76.296,436.046,59814.000,7248.086,47965.037,169.695,999,0.020,7.000,99,9999,99999,9,999999999,0.000,0.999,0,0,999,0.000,0
1,24,2019,11,0,,23.560,17.410,67.000,89238.930,1315.968,1410.822,362.612,611.720,74.929,541.832,73406.400,7118.249,59601.506,184.910,999,0.050,7.000,99,9999,99999,9,999999999,0.000,0.999,0,0,999,0.000,0
1,24,2019,12,0,,24.660,17.460,63.000,89238.930,1399.625,1410.822,368.063,683.130,86.412,597.404,81975.600,8209.164,65714.440,191.682,999,0.260,6.000,99,9999,99999,9,999999999,0.000,0.999,0,0,999,0.000,0
1,24,2019,13,0,,25.500,17.500,60.000,89238.930,1399.360,1410.822,372.153,707.410,99.807,608.415,84889.200,9481.622,66925.625,195.252,999,0.640,6.000,99,9999,99999,9,999999999,0.000,0.999,0,0,999,0.000,0
1,24,2019,14,0,,26.080,17.530,59.000,89238.930,1315.177,1410.822,375.893,682.830,117.531,573.271,81939.600,11165.491,63059.840,195.757,999,1.060,6.000,99,9999,99999,9,999999999,0.000,0.999,0,0,999,0.000,0
1,24,2019,15,0,,26.380,17.540,58.000,89238.930,1152.806,1410.822,377.384,611.110,173.788,469.125,73333.200,16509.902,51603.787,182.776,999,0.960,7.000,99,9999,99999,9,999999999,0.000,0.999,0,0,999,0.000,0
1,24,2019,16,0,,26.400,17.540,58.000,89238.930,923.329,1410.822,377.545,497.560,180.729,379.326,59707.200,17169.225,41725.904,184.565,999,0.860,7.000,99,9999,99999,9,999999999,0.000,0.999,0,0,999,0.000,0
1,24,2019,17,0,,26.010,17.520,59.000,89238.930,642.459,1410.822,375.332,350.920,369.055,183.048,42110.400,35060.191,20135.254,128.093,999,1.260,7.000,99,9999,99999,9,999999999,0.000,0.999,0,0,999,0.000,0
1,24,2019,18,0,,25.230,17.490,61.000,89238.930,329.739,1410.822,370.882,184.630,457.885,78.140,22155.600,43499.078,8595.428,106.948,999,0.580,8.000,99,9999,99999,9,999999999,0.000,0.999,0,0,999,0.000,0
1,24,2019,19,0,,24.200,17.440,65.000,89238.930,14.802,1410.822,366.067,29.820,0.000,29.820,3578.400,0.000,3280.200,3893.827,999,0.210,8.000,99,9999,99999,9,999999999,0.000,0.999,0,0,999,0.000,0
1,24,2019,20,0,,23.220,17.390,68.000,89238.930,0.000,1410.822,360.717,0.000,0.000,0.000,0.000,0.000,0.000,-0.000,999,0.140,8.000,99,9999,99999,9,999999999,0.000,0.999,0,0,999,0.000,0
1,24,2019,21,0,,22.250,17.340,76.000,89238.930,0.000,1410.822,358.858,0.000,0.000,0.000,0.000,0.000,0.000,-0.000,999,0.040,8.000,99,9999,99999,9,999999999,0.040,0.999,0,0,999,0.040,99
1,24,2019,22,0,,21.270,17.300,80.000,89238.930,0.000,1410.822,353.851,0.000,0.000,0.000,0.000,0.000,0.000,-0.000,999,0.020,8.000,99,9999,99999,9,999999999,0.010,0.999,0,0,999,0.010,99
1,24,2019,23,0,,20.300,17.250,85.000,89238.930,0.000,1410.822,349.419,0.000,0.000,0.000,0.000,0.000,0.000,-0.000,999,0.020,8.000,99,9999,99999,9,999999999,0.010,0.999,0,0,999,0.010,99
1,24,2019,24,0,,19.330,16.700,89.000,89238.930,0.000,1410.822,344.285,0.000,0.000,0.000,0.000,0.000,0.000,-0.000,999,0.060,8.000,99,9999,99999,9,999999999,0.010,0.999,0,0,999,0.010,99
1,25,2019,1,0,,18.840,16.620,86.000,89238.930,0.000,1410.822,338.911,0.000,0.000,0.000,0.000,0.000,0.000,-0.000,999,0.060,8.000,99,9999,99999,9,999999999,0.000,0.999,0,0,999,0.000,0
1,25,2019,2,0,,18.350,16.530,89.000,89238.930,0.000,1410.822,336.895,0.000,0.000,0.000,0.000,0.000,0.000,-0.000,999,0.060,8.000,99,9999,99999,9,999999999,0.000,0.999,0,0,999,0.000,0
1,25,2019,3,0,,17.870,16.450,96.000,89238.930,0.000,1410.822,336.945,0.000,0.000,0.000,0.000,0.000,0.000,-0.000,999,0.060,8.000,99,9999,99999,9,999999999,0.010,0.999,0,0,999,0.010,99
1,25,2019,4,0,,17.380,16.370,93.000,89238.930,0.000,1410.511,331.779,0.000,0.000,0.000,0.000,0.000,0.000,-0.000,999,0.060,8.000,99,9999,99999,9,999999999,0.000,0.999,0,0,999,0.000,0
1,25,2019,5,0,,16.950,16.300,95.000,89238.930,0.000,1410.511,329.608,0.000,0.000,0.000,0.000,0.000,0.000,-0.000,999,0.060,8.000,99,9999,99999,9,999999999,0.000,0.999,0,0,999,0.000,0
1,25,2019,6,0,,16.630,16.240,97.000,89238.930,14.466,1410.511,328.232,0.000,0.000,0.000,0.000,0.000,0.000,0.000,999,0.060,8.000,99,9999,99999,9,999999999,0.000,0.999,0,0,999,0.000,0
1,25,2019,7,0,,16.300,16.190,99.000,89238.930,329.353,1410.511,326.765,27.650,0.000,27.650,3318.000,0.000,3041.500,37.880,999,0.060,8.000,99,9999,99999,9,999999999,0.000,0.999,0,0,999,0.000,0
1,25,2019,8,0,,18.920,16.630,86.000,89238.930,642.099,1410.511,339.511,224.940,42.304,205.704,26992.800,4018.895,22627.400,143.997,999,0.060,7.000,99,9999,99999,9,999999999,0.000,0.999,0,0,999,0.000,0
1,25,2019,9,0,,21.320,17.020,76.000,89238.930,923.003,1410.511,351.652,472.770,223.087,326.844,56732.400,21193.309,35952.882,159.050,999,0.060,4.000,99,9999,99999,9,999999999,0.000,0.999,0,0,999,0.000,0
1,25,2019,10,0,,22.590,17.230,71.000,89238.930,1152.500,1410.511,358.023,487.350,98.779,406.651,58482.000,9384.052,44731.623,158.442,999,0.110,7.000,99,9999,99999,9,999999999,0.000,0.999,0,0,999,0.000,0
1,25,2019,11,0,,23.690,17.400,67.000,89238.930,1314.845,1410.511,363.632,569.630,106.623,470.243,68355.600,10129.205,51726.703,160.581,999,0.320,7.000,99,9999,99999,9,999999999,0.000,0.999,0,0,999,0.000,0
1,25,2019,12,0,,24.660,17.550,64.000,89238.930,1398.932,1410.511,368.892,636.470,107.081,530.269,76376.400,10172.681,58329.559,170.188,999,0.570,7.000,99,9999,99999,9,999999999,0.000,0.999,0,0,999,0.000,0
1,25,2019,13,0,,24.790,17.570,69.000,89238.930,1399.003,1410.511,373.921,446.310,26.565,419.961,53557.200,2523.719,46195.756,134.778,999,0.800,8.000,99,9999,99999,9,999999999,0.180,0.999,0,0,999,0.180,99
1,25,2019,14,0,,25.380,17.670,62.000,89238.930,1315.036,1410.511,372.941,636.540,145.896,500.526,76384.800,13860.075,55057.849,170.897,999,1.450,7.000,99,9999,99999,9,999999999,0.000,0.999,0,0,999,0.000,0
1,25,2019,15,0,,25.680,17.710,61.000,89238.930,1152.750,1410.511,374.473,569.760,131.507,462.300,68371.200,12493.204,50853.045,180.086,999,1.590,7.000,99,9999,99999,9,999999999,0.000,0.999,0,0,999,0.000,0
1,25,2019,16,0,,25.710,17.720,61.000,89238.930,923.217,1410.511,374.713,463.870,138.275,373.401,55664.400,13136.123,41074.085,181.664,999,0.420,7.000,99,9999,99999,9,999999999,0.000,0.999,0,0,999,0.000,0
1,25,2019,17,0,,25.300,17.650,72.000,89238.930,642.159,1410.511,380.341,327.080,274.701,202.157,39249.600,26096.626,22237.305,141.501,999,0.090,8.000,99,9999,99999,9,999999999,2.520,0.999,0,0,999,2.520,99
1,25,2019,18,0,,24.510,17.530,70.000,89238.930,329.130,1410.511,372.441,171.900,459.626,65.181,20628.000,43664.478,7169.920,89.358,999,0.060,8.000,99,9999,99999,9,999999999,0.040,0.999,0,0,999,0.040,99
1,25,2019,19,0,,23.440,17.360,73.000,89238.930,13.918,1410.511,366.131,27.510,0.000,27.510,3301.200,0.000,3026.100,5112.604,999,0.060,8.000,99,9999,99999,9,999999999,0.020,0.999,0,0,999,0.020,99
1,25,2019,20,0,,22.520,17.210,76.000,89238.930,0.000,1410.511,360.971,0.000,0.000,0.000,0.000,0.000,0.000,-0.000,999,0.060,8.000,99,9999,99999,9,999999999,0.100,0.999,0,0,999,0.100,99
1,25,2019,21,0,,21.590,17.070,80.000,89238.930,0.000,1410.511,356.334,0.000,0.000,0.000,0.000,0.000,0.000,-0.000,999,0.060,8.000,99,9999,99999,9,999999999,0.060,0.999,0,0,999,0.060,99
1,25,2019,22,0,,20.660,16.910,84.000,89238.930,0.000,1410.511,351.597,0.000,0.000,0.000,0.000,0.000,0.000,-0.000,999,0.060,8.000,99,9999,99999,9,999999999,0.020,0.999,0,0,999,0.020,99
1,25,2019,23,0,,19.730,16.760,87.000,89238.930,0.000,1410.511,346.211,0.000,0.000,0.000,0.000,0.000,0.000,-0.000,999,0.060,8.000,99,9999,99999,9,999999999,0.030,0.999,0,0,999,0.030,99
1,25,2019,24,0,,18.800,16.460,87.000,89238.930,0.000,1410.511,339.170,0.000,0.000,0.000,0.000,0.000,0.000,-0.000,999,0.260,8.000,99,9999,99999,9,999999999,0.090,0.999,0,0,999,0.090,99
1,26,2019,1,0,,18.340,16.360,89.000,89238.930,0.000,1410.511,336.821,0.000,0.000,0.000,0.000,0.000,0.000,-0.000,999,0.260,8.000,99,9999,99999,9,999999999,0.150,0.999,0,0,999,0.150,99
1,26,2019,2,0,,17.880,16.250,91.000,89238.930,0.000,1410.511,334.455,0.000,0.000,0.000,0.000,0.000,0.000,-0.000,999,0.260,8.000,99,9999,99999,9,999999999,0.950,0.999,0,0,999,0.950,99
1,26,2019,3,0,,17.410,16.150,93.000,89238.930,0.000,1410.511,332.001,0.000,0.000,0.000,0.000,0.000,0.000,-0.000,999,0.260,8.000,99,9999,99999,9,999999999,0.550,0.999,0,0,999,0.550,99
1,26,2019,4,0,,16.950,16.040,90.000,89238.930,0.000,1410.186,327.072,0.000,0.000,0.000,0.000,0.000,0.000,-0.000,999,0.260,8.000,99,9999,99999,9,999999999,0.000,0.999,0,0,999,0.000,0
1,26,2019,5,0,,16.540,15.950,92.000,89238.930,0.000,1410.186,325.104,0.000,0.000,0.000,0.000,0.000,0.000,-0.000,999,0.260,8.000,99,9999,99999,9,999999999,0.000,0.999,0,0,999,0.000,0
1,26,2019,6,0,,16.230,15.880,93.000,89238.930,11.431,1410.186,323.351,0.000,0.000,0.000,0.000,0.000,0.000,-0.000,999,0.260,8.000,99,9999,99999,9,999999999,0.000,0.999,0,0,999,0.000,0
1,26,2019,7,0,,15.920,15.810,99.000,89238.930,326.241,1410.186,323.988,29.360,0.000,29.360,3523.200,0.000,3229.600,40.601,999,0.260,8.000,99,9999,99999,9,999999999,0.020,0.999,0,0,999,0.020,99
1,26,2019,8,0,,18.310,16.350,89.000,89238.930,639.451,1410.186,336.596,188.650,16.981,180.959,22638.000,1613.164,19905.465,127.171,999,0.260,8.000,99,9999,99999,9,999999999,0.120,0.999,0,0,999,0.120,99
1,26,2019,9,0,,20.140,16.750,78.000,89238.930,920.866,1410.186,343.943,360.490,62.316,319.813,43258.800,5920.012,35179.444,155.954,999,0.260,7.000,99,9999,99999,9,999999999,0.000,0.999,0,0,999,0.000,0
1,26,2019,10,0,,21.880,17.130,72.000,89238.930,1150.877,1410.186,353.239,512.110,86.203,441.769,61453.200,8189.245,48594.590,172.328,999,0.260,7.000,99,9999,99999,9,999999999,0.000,0.999,0,0,999,0.000,0
1,26,2019,11,0,,23.440,17.460,67.000,89238.930,1313.703,1410.186,361.672,629.600,84.904,550.509,75552.000,8065.877,60555.949,188.111,999,0.260,6.000,99,9999,99999,9,999999999,0.000,0.999,0,0,999,0.000,0
1,26,2019,12,0,,24.750,17.730,64.000,89238.930,1398.202,1410.186,369.606,703.840,98.080,606.594,84460.800,9317.620,66725.319,194.741,999,0.260,6.000,99,9999,99999,9,999999999,0.000,0.999,0,0,999,0.000,0
1,26,2019,13,0,,25.770,17.940,66.000,89238.930,1398.590,1410.186,379.441,729.360,113.314,616.978,87523.200,10764.822,67867.630,198.020,999,0.260,6.000,99,9999,99999,9,999999999,0.010,0.999,0,0,999,0.010,99
1,26,2019,14,0,,26.460,18.080,59.000,89238.930,1314.823,1410.186,378.952,704.290,133.233,580.072,84514.800,12657.153,63807.936,198.043,999,0.260,6.000,99,9999,99999,9,999999999,0.000,0.999,0,0,999,0.000,0
1,26,2019,15,0,,26.820,18.150,58.000,89238.930,1152.605,1410.186,380.936,630.460,196.415,469.945,75655.200,18659.429,51693.972,183.045,999,0.260,6.000,99,9999,99999,9,999999999,0.000,0.999,0,0,999,0.000,0
1,26,2019,16,0,,26.850,18.160,63.000,89238.930,923.004,1410.186,385.709,513.270,325.547,300.274,61592.400,30926.993,33030.156,146.087,999,0.260,7.000,99,9999,99999,9,999999999,0.030,0.999,0,0,999,0.030,99
1,26,2019,17,0,,26.130,18.010,65.000,89238.930,641.747,1410.186,381.537,285.390,186.139,200.777,34246.800,17683.182,22085.450,140.593,999,0.260,8.000,99,9999,99999,9,999999999,0.200,0.999,0,0,999,0.200,99
1,26,2019,18,0,,25.230,17.830,67.000,89238.930,328.403,1410.186,375.886,189.920,440.134,87.931,22790.400,41812.700,9672.427,120.788,999,0.260,8.000,99,9999,99999,9,999999999,0.060,0.999,0,0,999,0.060,99
1,26,2019,19,0,,24.010,17.580,70.000,89238.930,12.934,1410.186,368.451,30.090,0.000,30.090,3610.800,0.000,3309.900,10609.369,999,0.260,8.000,99,9999,99999,9,999999999,0.010,0.999,0,0,999,0.010,99
1,26,2019,20,0,,23.110,17.390,73.000,89238.930,0.000,1410.186,363.525,0.000,0.000,0.000,0.000,0.000,0.000,-0.000,999,0.260,8.000,99,9999,99999,9,999999999,0.050,0.999,0,0,999,0.050,99
1,26,2019,21,0,,22.210,17.200,76.000,89238.930,0.000,1410.186,358.546,0.000,0.000,0.000,0.000,0.000,0.000,-0.000,999,0.260,8.000,99,9999,99999,9,999999999,0.380,0.999,0,0,999,0.380,99
1,26,2019,22,0,,21.310,17.010,78.000,89238.930,0.000,1410.186,352.882,0.000,0.000,0.000,0.000,0.000,0.000,-0.000,999,0.260,8.000,99,9999,99999,9,999999999,0.270,0.999,0,0,999,0.270,99
1,26,2019,23,0,,20.420,16.820,90.000,89238.930,0.000,1410.186,353.214,0.000,0.000,0.000,0.000,0.000,0.000,-0.000,999,0.260,8.000,99,9999,99999,9,999999999,12.100,0.999,0,0,999,12.100,99
1,26,2019,24,0,,19.520,15.810,79.000,89238.930,0.000,1410.186,339.895,0.000,0.000,0.000,0.000,0.000,0.000,-0.000,999,0.090,8.000,99,9999,99999,9,999999999,0.000,0.999,0,0,999,0.000,0
1,27,2019,1,0,,19.070,15.680,80.000,89238.930,0.000,1410.186,337.139,0.000,0.000,0.000,0.000,0.000,0.000,-0.000,999,0.090,8.000,99,9999,99999,9,999999999,0.000,0.999,0,0,999,0.000,0
1,27,2019,2,0,,18.620,15.560,82.000,89238.930,0.000,1410.186,334.976,0.000,0.000,0.000,0.000,0.000,0.000,-0.000,999,0.090,8.000,99,9999,99999,9,999999999,0.000,0.999,0,0,999,0.000,0
1,27,2019,3,0,,18.170,15.430,84.000,89238.930,0.000,1410.186,332.791,0.000,0.000,0.000,0.000,0.000,0.000,-0.000,999,0.090,8.000,99,9999,99999,9,999999999,0.000,0.999,0,0,999,0.000,0
1,27,2019,4,0,,17.720,15.310,85.000,89238.930,0.000,1409.848,330.034,0.000,0.000,0.000,0.000,0.000,0.000,-0.000,999,0.090,8.000,99,9999,99999,9,999999999,0.000,0.999,0,0,999,0.000,0
1,27,2019,5,0,,17.320,15.190,87.000,89238.930,0.000,1409.848,328.193,0.000,0.000,0.000,0.000,0.000,0.000,-0.000,999,0.090,8.000,99,9999,99999,9,999999999,0.000,0.999,0,0,999,0.000,0
1,27,2019,6,0,,17.030,15.110,88.000,89238.930,8.433,1409.848,326.607,0.000,0.000,0.000,0.000,0.000,0.000,-0.000,999,0.090,8.000,99,9999,99999,9,999999999,0.000,0.999,0,0,999,0.000,0
1,27,2019,7,0,,16.730,15.030,89.000,89238.930,323.144,1409.848,324.947,45.160,0.000,45.160,5419.200,0.000,4967.600,63.040,999,0.090,8.000,99,9999,99999,9,999999999,0.000,0.999,0,0,999,0.000,0
1,27,2019,8,0,,19.470,15.790,79.000,89238.930,636.816,1409.848,339.521,256.420,101.524,210.615,30770.400,9644.751,23167.639,148.591,999,0.090,5.000,99,9999,99999,9,999999999,0.000,0.999,0,0,999,0.000,0
1,27,2019,9,0,,21.920,16.450,71.000,89238.930,918.734,1409.848,352.841,556.660,393.196,300.533,66799.200,37353.667,33058.685,146.858,999,0.090,0.000,99,9999,99999,9,999999999,0.000,0.999,0,0,999,0.000,0
1,27,2019,10,0,,24.110,17.020,64.000,89238.930,1149.247,1409.848,364.550,767.680,528.351,337.055,92121.600,50193.327,37076.076,131.636,999,0.090,0.000,99,9999,99999,9,999999999,0.000,0.999,0,0,999,0.000,0
1,27,2019,11,0,,25.160,17.290,61.000,89238.930,1312.538,1409.848,370.325,694.860,210.012,499.352,83383.200,19951.182,54928.694,170.741,999,0.090,5.000,99,9999,99999,9,999999999,0.000,0.999,0,0,999,0.000,0
1,27,2019,12,0,,25.860,17.460,59.000,89238.930,1397.434,1409.848,374.131,695.950,176.089,521.412,83514.000,16728.472,57355.348,167.446,999,0.180,6.000,99,9999,99999,9,999999999,0.000,0.999,0,0,999,0.000,0
1,27,2019,13,0,,26.530,17.630,58.000,89238.930,1398.121,1409.848,378.592,763.920,256.970,509.088,91670.400,24412.174,55999.730,163.408,999,0.530,6.000,99,9999,99999,9,999999999,0.000,0.999,0,0,999,0.000,0
1,27,2019,14,0,,26.790,17.690,57.000,89238.930,1314.536,1409.848,379.748,650.430,159.458,501.759,78051.600,15148.479,55193.479,171.303,999,0.990,7.000,99,9999,99999,9,999999999,0.000,0.999,0,0,999,0.000,0
1,27,2019,15,0,,27.020,17.750,56.000,89238.930,1152.370,1409.848,380.646,672.600,333.313,400.199,80712.000,31664.710,44021.929,155.873,999,1.640,6.000,99,9999,99999,9,999999999,0.000,0.999,0,0,999,0.000,0
1,27,2019,16,0,,26.840,17.700,57.000,89238.930,922.688,1409.848,380.152,506.580,291.376,315.961,60789.600,27680.676,34755.733,153.734,999,0.780,7.000,99,9999,99999,9,999999999,0.000,0.999,0,0,999,0.000,0
1,27,2019,17,0,,26.410,17.600,58.000,89238.930,641.222,1409.848,377.625,407.590,570.304,148.497,48910.800,54178.841,16334.667,104.044,999,0.530,6.000,99,9999,99999,9,999999999,0.000,0.999,0,0,999,0.000,0
1,27,2019,18,0,,25.280,17.320,61.000,89238.930,327.559,1409.848,371.279,107.150,70.609,90.827,12858.000,6707.868,9990.949,125.060,999,0.120,8.000,99,9999,99999,9,999999999,0.000,0.999,0,0,999,0.000,0
1,27,2019,19,0,,24.140,17.030,64.000,89238.930,11.850,1409.848,364.786,31.400,0.000,31.400,3768.000,0.000,3454.000,1252563.658,999,0.090,8.000,99,9999,99999,9,999999999,0.000,0.999,0,0,999,0.000,0
1,27,2019,20,0,,23.480,16.860,66.000,89238.930,0.000,1409.848,361.209,0.000,0.000,0.000,0.000,0.000,0.000,-0.000,999,0.090,8.000,99,9999,99999,9,999999999,0.000,0.999,0,0,999,0.000,0
1,27,2019,21,0,,22.810,16.690,68.000,89238.930,0.000,1409.848,357.525,0.000,0.000,0.000,0.000,0.000,0.000,-0.000,999,0.090,8.000,99,9999,99999,9,999999999,0.000,0.999,0,0,999,0.000,0
1,27,2019,22,0,,22.150,16.510,70.000,89238.930,0.000,1409.848,353.895,0.000,0.000,0.000,0.000,0.000,0.000,-0.000,999,0.090,8.000,99,9999,99999,9,999999999,0.000,0.999,0,0,999,0.000,0
1,27,2019,23,0,,21.490,16.340,72.000,89238.930,0.000,1409.848,350.245,0.000,0.000,0.000,0.000,0.000,0.000,-0.000,999,0.090,8.000,99,9999,99999,9,999999999,0.000,0.999,0,0,999,0.000,0
1,27,2019,24,0,,20.830,18.010,85.000,89238.930,0.000,1409.848,353.507,0.000,0.000,0.000,0.000,0.000,0.000,-0.000,999,0.210,8.000,99,9999,99999,9,999999999,0.490,0.999,0,0,999,0.490,99
1,28,2019,1,0,,20.500,17.930,90.000,89238.930,0.000,1409.848,353.835,0.000,0.000,0.000,0.000,0.000,0.000,-0.000,999,0.210,8.000,99,9999,99999,9,999999999,1.240,0.999,0,0,999,1.240,99
1,28,2019,2,0,,20.170,17.850,87.000,89238.930,0.000,1409.848,349.581,0.000,0.000,0.000,0.000,0.000,0.000,-0.000,999,0.210,8.000,99,9999,99999,9,999999999,0.870,0.999,0,0,999,0.870,99
1,28,2019,3,0,,19.840,17.770,88.000,89238.930,0.000,1409.848,347.618,0.000,0.000,0.000,0.000,0.000,0.000,-0.000,999,0.210,8.000,99,9999,99999,9,999999999,0.140,0.999,0,0,999,0.140,99
1,28,2019,4,0,,19.500,17.680,89.000,89238.930,0.000,1409.496,345.580,0.000,0.000,0.000,0.000,0.000,0.000,-0.000,999,0.210,8.000,99,9999,99999,9,999999999,0.080,0.999,0,0,999,0.080,99
1,28,2019,5,0,,19.210,17.610,90.000,89238.930,0.000,1409.496,343.922,0.000,0.000,0.000,0.000,0.000,0.000,-0.000,999,0.210,8.000,99,9999,99999,9,999999999,0.180,0.999,0,0,999,0.180,99
1,28,2019,6,0,,18.990,17.560,91.000,89238.930,5.472,1409.496,342.794,0.000,0.000,0.000,0.000,0.000,0.000,-0.000,999,0.210,8.000,99,9999,99999,9,999999999,0.100,0.999,0,0,999,0.100,99
1,28,2019,7,0,,18.770,17.500,92.000,89238.930,320.064,1409.496,341.662,29.210,0.000,29.210,3505.200,0.000,3213.100,41.161,999,0.210,8.000,99,9999,99999,9,999999999,0.050,0.999,0,0,999,0.050,99
1,28,2019,8,0,,19.970,17.800,88.000,89238.930,634.193,1409.496,348.615,200.970,44.370,181.029,24116.400,4215.123,19913.201,128.215,999,0.210,7.000,99,9999,99999,9,999999999,0.020,0.999,0,0,999,0.020,99
1,28,2019,9,0,,20.920,18.030,85.000,89238.930,916.607,1409.496,354.205,387.680,87.716,330.660,46521.600,8333.060,36372.614,161.915,999,0.210,6.000,99,9999,99999,9,999999999,0.010,0.999,0,0,999,0.010,99
1,28,2019,10,0,,21.830,18.250,78.000,89238.930,1147.610,1409.496,356.912,552.650,167.263,416.485,66318.000,15889.986,45813.355,162.849,999,0.210,6.000,99,9999,99999,9,999999999,0.000,0.999,0,0,999,0.000,0
1,28,2019,11,0,,22.630,18.450,76.000,89238.930,1311.351,1409.496,361.835,680.620,117.466,571.338,81674.400,11159.254,62847.229,195.483,999,0.210,5.000,99,9999,99999,9,999999999,0.000,0.999,0,0,999,0.000,0
1,28,2019,12,0,,23.310,18.610,74.000,89238.930,1396.626,1409.496,365.813,761.640,135.980,626.902,91396.800,12918.114,68959.247,201.389,999,0.210,5.000,99,9999,99999,9,999999999,0.000,0.999,0,0,999,0.000,0
1,28,2019,13,0,,23.840,18.730,72.000,89238.930,1397.594,1409.496,368.582,789.740,156.883,634.182,94768.800,14903.890,69760.067,203.587,999,0.210,5.000,99,9999,99999,9,999999999,0.000,0.999,0,0,999,0.000,0
1,28,2019,14,0,,24.200,18.820,71.000,89238.930,1314.174,1409.496,370.714,762.880,329.275,455.887,91545.600,31281.154,50147.519,155.646,999,0.610,5.000,99,9999,99999,9,999999999,0.000,0.999,0,0,999,0.000,0
1,28,2019,15,0,,24.390,18.860,71.000,89238.930,1152.044,1409.496,372.234,682.980,366.418,383.534,81957.600,34809.668,42188.759,149.387,999,0.380,5.000,99,9999,99999,9,999999999,0.000,0.999,0,0,999,0.000,0
1,28,2019,16,0,,24.410,18.860,75.000,89238.930,922.269,1409.496,375.322,555.920,430.853,274.112,66710.400,40931.065,30152.355,133.400,999,0.570,6.000,99,9999,99999,9,999999999,0.010,0.999,0,0,999,0.010,99
1,28,2019,17,0,,24.170,18.810,75.000,89238.930,640.584,1409.496,373.387,391.530,543.986,144.578,46983.600,51678.669,15903.566,101.374,999,0.380,6.000,99,9999,99999,9,999999999,0.040,0.999,0,0,999,0.040,99
1,28,2019,18,0,,23.690,18.700,77.000,89238.930,326.597,1409.496,370.931,204.920,567.353,74.117,24590.400,53898.581,8152.890,102.331,999,0.220,7.000,99,9999,99999,9,999999999,0.290,0.999,0,0,999,0.290,99
1,28,2019,19,0,,23.060,18.550,86.000,89238.930,10.668,1409.496,371.733,31.710,0.000,0.000,3805.200,0.000,0.000,-0.000,999,0.210,8.000,99,9999,99999,9,999999999,25.140,0.999,0,0,999,25.140,99
1,28,2019,20,0,,22.580,18.430,84.000,89238.930,0.000,1409.496,366.647,0.000,0.000,0.000,0.000,0.000,0.000,-0.000,999,0.210,8.000,99,9999,99999,9,999999999,2.100,0.999,0,0,999,2.100,99
1,28,2019,21,0,,22.100,18.320,81.000,89238.930,0.000,1409.496,360.959,0.000,0.000,0.000,0.000,0.000,0.000,-0.000,999,0.210,8.000,99,9999,99999,9,999999999,0.380,0.999,0,0,999,0.380,99
1,28,2019,22,0,,21.620,18.200,83.000,89238.930,0.000,1409.496,358.447,0.000,0.000,0.000,0.000,0.000,0.000,-0.000,999,0.210,8.000,99,9999,99999,9,999999999,0.640,0.999,0,0,999,0.640,99
1,28,2019,23,0,,21.140,18.090,84.000,89238.930,0.000,1409.496,355.314,0.000,0.000,0.000,0.000,0.000,0.000,-0.000,999,0.210,8.000,99,9999,99999,9,999999999,0.230,0.999,0,0,999,0.230,99
1,28,2019,24,0,,20.660,18.620,88.000,89238.930,0.000,1409.496,353.941,0.000,0.000,0.000,0.000,0.000,0.000,-0.000,999,0.100,8.000,99,9999,99999,9,999999999,0.150,0.999,0,0,999,0.150,99
1,29,2019,1,0,,20.420,18.560,89.000,89238.930,0.000,1409.496,352.650,0.000,0.000,0.000,0.000,0.000,0.000,-0.000,999,0.100,8.000,99,9999,99999,9,999999999,0.330,0.999,0,0,999,0.330,99
1,29,2019,2,0,,20.180,18.510,94.000,89238.930,0.000,1409.496,353.545,0.000,0.000,0.000,0.000,0.000,0.000,-0.000,999,0.100,8.000,99,9999,99999,9,999999999,1.090,0.999,0,0,999,1.090,99
1,29,2019,3,0,,19.940,18.450,91.000,89238.930,0.000,1409.496,350.057,0.000,0.000,0.000,0.000,0.000,0.000,-0.000,999,0.100,8.000,99,9999,99999,9,999999999,0.200,0.999,0,0,999,0.200,99
1,29,2019,4,0,,19.700,18.400,92.000,89238.930,0.000,1409.131,348.755,0.000,0.000,0.000,0.000,0.000,0.000,-0.000,999,0.100,8.000,99,9999,99999,9,999999999,0.050,0.999,0,0,999,0.050,99
1,29,2019,5,0,,19.480,18.350,92.000,89238.930,0.000,1409.131,347.067,0.000,0.000,0.000,0.000,0.000,0.000,-0.000,999,0.100,8.000,99,9999,99999,9,999999999,0.120,0.999,0,0,999,0.120,99
1,29,2019,6,0,,19.330,18.310,93.000,89238.930,2.548,1409.131,346.454,0.000,0.000,0.000,0.000,0.000,0.000,-0.000,999,0.100,8.000,99,9999,99999,9,999999999,0.070,0.999,0,0,999,0.070,99
1,29,2019,7,0,,19.170,18.280,94.000,89238.930,317.003,1409.131,345.760,22.560,0.000,22.560,2707.200,0.000,2481.600,32.092,999,0.100,8.000,99,9999,99999,9,999999999,0.090,0.999,0,0,999,0.090,99
1,29,2019,8,0,,20.350,18.550,89.000,89238.930,631.585,1409.131,352.109,160.870,10.560,156.142,19304.400,1003.239,17175.645,111.018,999,0.100,8.000,99,9999,99999,9,999999999,0.010,0.999,0,0,999,0.010,99
1,29,2019,9,0,,21.290,18.760,82.000,89238.930,914.484,1409.131,355.257,311.810,37.629,287.400,37417.200,3574.723,31613.995,141.022,999,0.100,8.000,99,9999,99999,9,999999999,0.000,0.999,0,0,999,0.000,0
1,29,2019,10,0,,22.190,18.960,79.000,89238.930,1145.964,1409.131,360.377,445.250,50.872,403.885,53430.000,4832.847,44427.340,158.108,999,0.100,7.000,99,9999,99999,9,999999999,0.000,0.999,0,0,999,0.000,0
1,29,2019,11,0,,22.990,19.140,77.000,89238.930,1310.140,1409.131,365.354,548.820,49.402,502.891,65858.400,4693.145,55318.011,172.178,999,0.100,7.000,99,9999,99999,9,999999999,0.000,0.999,0,0,999,0.000,0
1,29,2019,12,0,,23.670,19.290,75.000,89238.930,1395.776,1409.131,369.380,614.450,56.794,558.195,73734.000,5395.426,61401.404,179.380,999,0.180,7.000,99,9999,99999,9,999999999,0.000,0.999,0,0,999,0.000,0
1,29,2019,13,0,,24.200,19.410,73.000,89238.930,1397.009,1409.131,372.188,637.300,65.530,572.334,76476.000,6225.395,62956.693,183.761,999,0.340,7.000,99,9999,99999,9,999999999,0.000,0.999,0,0,999,0.000,0
1,29,2019,14,0,,24.560,19.480,72.000,89238.930,1313.736,1409.131,374.346,615.720,77.417,543.547,73886.400,7354.634,59790.164,185.588,999,1.220,7.000,99,9999,99999,9,999999999,0.000,0.999,0,0,999,0.000,0
1,29,2019,15,0,,24.740,19.520,76.000,89238.930,1151.627,1409.131,378.711,551.250,115.509,456.863,66150.000,10973.335,50254.931,177.967,999,1.240,7.000,99,9999,99999,9,999999999,0.020,0.999,0,0,999,0.020,99
1,29,2019,16,0,,24.760,19.530,76.000,89238.930,921.744,1409.131,378.874,448.630,122.105,368.790,53835.600,11599.929,40566.901,179.531,999,0.870,7.000,99,9999,99999,9,999999999,0.030,0.999,0,0,999,0.030,99
1,29,2019,17,0,,24.530,19.480,76.000,89238.930,639.833,1409.131,377.005,315.810,245.035,204.674,37897.200,23278.361,22514.115,143.643,999,0.490,8.000,99,9999,99999,9,999999999,0.260,0.999,0,0,999,0.260,99
1,29,2019,18,0,,24.050,19.370,86.000,89238.930,325.518,1409.131,379.775,165.000,446.104,62.468,19800.000,42379.840,6871.465,86.513,999,0.250,8.000,99,9999,99999,9,999999999,22.000,0.999,0,0,999,22.000,99
1,29,2019,19,0,,23.420,19.230,84.000,89238.930,9.390,1409.131,373.385,25.190,0.000,0.000,3022.800,0.000,0.000,-0.000,999,0.100,8.000,99,9999,99999,9,999999999,1.840,0.999,0,0,999,1.840,99
1,29,2019,20,0,,22.830,19.100,81.000,89238.930,0.000,1409.131,366.732,0.000,0.000,0.000,0.000,0.000,0.000,-0.000,999,0.100,8.000,99,9999,99999,9,999999999,0.760,0.999,0,0,999,0.760,99
1,29,2019,21,0,,22.240,18.970,83.000,89238.930,0.000,1409.131,363.324,0.000,0.000,0.000,0.000,0.000,0.000,-0.000,999,0.100,8.000,99,9999,99999,9,999999999,0.560,0.999,0,0,999,0.560,99
1,29,2019,22,0,,21.650,18.840,85.000,89238.930,0.000,1409.131,359.904,0.000,0.000,0.000,0.000,0.000,0.000,-0.000,999,0.100,8.000,99,9999,99999,9,999999999,0.430,0.999,0,0,999,0.430,99
1,29,2019,23,0,,21.060,18.710,87.000,89238.930,0.000,1409.131,356.475,0.000,0.000,0.000,0.000,0.000,0.000,-0.000,999,0.100,8.000,99,9999,99999,9,999999999,0.010,0.999,0,0,999,0.010,99
1,29,2019,24,0,,20.470,18.070,91.000,89238.930,0.000,1409.131,354.160,0.000,0.000,0.000,0.000,0.000,0.000,-0.000,999,4.060,8.000,99,9999,99999,9,999999999,0.010,0.999,0,0,999,0.010,99
1,30,2019,1,0,,20.170,18.000,87.000,89238.930,0.000,1409.131,349.581,0.000,0.000,0.000,0.000,0.000,0.000,-0.000,999,6.220,8.000,99,9999,99999,9,999999999,0.000,0.999,0,0,999,0.000,0
1,30,2019,2,0,,19.880,17.940,88.000,89238.930,0.000,1409.131,347.925,0.000,0.000,0.000,0.000,0.000,0.000,-0.000,999,6.630,8.000,99,9999,99999,9,999999999,0.000,0.999,0,0,999,0.000,0
1,30,2019,3,0,,19.580,17.870,89.000,89238.930,0.000,1409.131,346.190,0.000,0.000,0.000,0.000,0.000,0.000,-0.000,999,3.900,8.000,99,9999,99999,9,999999999,0.000,0.999,0,0,999,0.000,0
1,30,2019,4,0,,19.290,17.800,91.000,89238.930,0.000,1408.752,345.075,0.000,0.000,0.000,0.000,0.000,0.000,-0.000,999,0.940,8.000,99,9999,99999,9,999999999,0.000,0.999,0,0,999,0.000,0
1,30,2019,5,0,,19.030,17.750,92.000,89238.930,0.000,1408.752,343.634,0.000,0.000,0.000,0.000,0.000,0.000,-0.000,999,0.660,8.000,99,9999,99999,9,999999999,0.000,0.999,0,0,999,0.000,0
1,30,2019,6,0,,18.830,17.700,93.000,89238.930,0.000,1408.752,342.645,0.000,0.000,0.000,0.000,0.000,0.000,-0.000,999,0.660,8.000,99,9999,99999,9,999999999,0.000,0.999,0,0,999,0.000,0
1,30,2019,7,0,,18.640,17.660,94.000,89238.930,313.962,1408.752,341.727,16.820,0.000,16.820,2018.400,0.000,1850.200,24.155,999,0.660,8.000,99,9999,99999,9,999999999,0.000,0.999,0,0,999,0.000,0
1,30,2019,8,0,,19.710,17.900,89.000,89238.930,628.991,1408.752,347.184,124.410,0.000,124.410,14929.200,0.000,13685.100,88.798,999,0.660,8.000,99,9999,99999,9,999999999,0.000,0.999,0,0,999,0.000,0
1,30,2019,9,0,,20.570,18.090,85.000,89238.930,912.367,1408.752,351.497,242.280,14.176,233.103,29073.600,1346.753,25641.278,114.614,999,0.660,8.000,99,9999,99999,9,999999999,0.000,0.999,0,0,999,0.000,0
1,30,2019,10,0,,21.400,18.280,82.000,89238.930,1144.311,1408.752,356.112,346.560,21.368,329.206,41587.200,2029.950,36212.635,129.025,999,0.660,8.000,99,9999,99999,9,999999999,0.000,0.999,0,0,999,0.000,0
1,30,2019,11,0,,22.150,18.440,84.000,89238.930,1308.905,1408.752,363.234,427.530,35.223,394.805,51303.600,3346.180,43428.554,135.263,999,0.660,8.000,99,9999,99999,9,999999999,0.030,0.999,0,0,999,0.030,99
1,30,2019,12,0,,22.770,18.570,77.000,89238.930,1394.885,1408.752,363.615,478.890,38.790,440.482,57466.800,3685.038,48453.039,141.605,999,0.660,8.000,99,9999,99999,9,999999999,0.000,0.999,0,0,999,0.000,0
1,30,2019,13,0,,23.260,18.680,75.000,89238.930,1396.362,1408.752,366.118,496.840,43.263,453.958,59620.800,4109.959,49935.378,145.782,999,1.310,8.000,99,9999,99999,9,999999999,0.000,0.999,0,0,999,0.000,0
1,30,2019,14,0,,23.590,18.750,79.000,89238.930,1313.219,1408.752,371.489,480.080,49.407,434.025,57609.600,4693.709,47742.758,148.211,999,1.210,8.000,99,9999,99999,9,999999999,0.010,0.999,0,0,999,0.010,99
1,30,2019,15,0,,23.760,18.790,73.000,89238.930,1151.116,1408.752,368.672,429.810,43.455,394.308,51577.200,4128.178,43373.854,153.626,999,0.900,8.000,99,9999,99999,9,999999999,0.000,0.999,0,0,999,0.000,0
1,30,2019,16,0,,23.780,18.790,73.000,89238.930,921.114,1408.752,368.831,349.730,37.704,325.087,41967.600,3581.916,35759.530,158.322,999,2.780,8.000,99,9999,99999,9,999999999,0.000,0.999,0,0,999,0.000,0
1,30,2019,17,0,,23.560,18.740,74.000,89238.930,638.967,1408.752,367.796,246.050,83.263,208.327,29526.000,7909.966,22915.979,146.366,999,1.220,8.000,99,9999,99999,9,999999999,0.000,0.999,0,0,999,0.000,0
1,30,2019,18,0,,23.130,18.650,80.000,89238.930,324.320,1408.752,368.471,128.310,144.432,95.228,15397.200,13721.072,10475.099,132.340,999,0.760,8.000,99,9999,99999,9,999999999,0.070,0.999,0,0,999,0.070,99
1,30,2019,19,0,,22.540,18.520,83.000,89238.930,8.016,1408.752,365.702,19.290,0.000,0.000,2314.800,0.000,0.000,-0.000,999,0.660,8.000,99,9999,99999,9,999999999,0.010,0.999,0,0,999,0.010,99
1,30,2019,20,0,,21.910,18.390,85.000,89238.930,0.000,1408.752,361.951,0.000,0.000,0.000,0.000,0.000,0.000,-0.000,999,0.660,8.000,99,9999,99999,9,999999999,0.120,0.999,0,0,999,0.120,99
1,30,2019,21,0,,21.270,18.250,92.000,89238.930,0.000,1408.752,360.987,0.000,0.000,0.000,0.000,0.000,0.000,-0.000,999,0.660,8.000,99,9999,99999,9,999999999,1.680,0.999,0,0,999,1.680,99
1,30,2019,22,0,,20.630,18.100,90.000,89238.930,0.000,1408.752,354.846,0.000,0.000,0.000,0.000,0.000,0.000,-0.000,999,0.660,8.000,99,9999,99999,9,999999999,0.020,0.999,0,0,999,0.020,99
1,30,2019,23,0,,19.990,17.960,93.000,89238.930,0.000,1408.752,351.533,0.000,0.000,0.000,0.000,0.000,0.000,-0.000,999,0.660,8.000,99,9999,99999,9,999999999,0.040,0.999,0,0,999,0.040,99
1,30,2019,24,0,,19.350,17.140,91.000,89238.930,0.000,1408.752,345.533,0.000,0.000,0.000,0.000,0.000,0.000,-0.000,999,0.060,8.000,99,9999,99999,9,999999999,0.020,0.999,0,0,999,0.020,99
1,31,2019,1,0,,19.040,17.020,92.000,89238.930,0.000,1408.752,343.710,0.000,0.000,0.000,0.000,0.000,0.000,-0.000,999,0.060,8.000,99,9999,99999,9,999999999,0.010,0.999,0,0,999,0.010,99
1,31,2019,2,0,,18.720,16.890,93.000,89238.930,0.000,1408.752,341.811,0.000,0.000,0.000,0.000,0.000,0.000,-0.000,999,0.060,8.000,99,9999,99999,9,999999999,0.010,0.999,0,0,999,0.010,99
1,31,2019,3,0,,18.400,16.760,89.000,89238.930,0.000,1408.752,337.269,0.000,0.000,0.000,0.000,0.000,0.000,-0.000,999,0.060,8.000,99,9999,99999,9,999999999,0.000,0.999,0,0,999,0.000,0
1,31,2019,4,0,,18.080,16.630,90.000,89238.930,0.000,1408.360,335.416,0.000,0.000,0.000,0.000,0.000,0.000,-0.000,999,0.060,8.000,99,9999,99999,9,999999999,0.000,0.999,0,0,999,0.000,0
1,31,2019,5,0,,17.800,16.520,91.000,89238.930,0.000,1408.360,333.860,0.000,0.000,0.000,0.000,0.000,0.000,-0.000,999,0.060,8.000,99,9999,99999,9,999999999,0.000,0.999,0,0,999,0.000,0
1,31,2019,6,0,,17.590,16.430,92.000,89238.930,0.000,1408.360,332.821,0.000,0.000,0.000,0.000,0.000,0.000,-0.000,999,0.060,8.000,99,9999,99999,9,999999999,0.000,0.999,0,0,999,0.000,0
1,31,2019,7,0,,17.380,16.350,93.000,89238.930,310.942,1408.360,331.779,20.200,0.000,20.200,2424.000,0.000,2222.000,29.285,999,0.080,8.000,99,9999,99999,9,999999999,0.000,0.999,0,0,999,0.000,0
1,31,2019,8,0,,18.960,16.990,87.000,89238.930,626.412,1408.360,340.374,155.060,7.622,151.674,18607.200,724.132,16684.106,108.675,999,0.060,8.000,99,9999,99999,9,999999999,0.000,0.999,0,0,999,0.000,0
1,31,2019,9,0,,20.250,17.490,83.000,89238.930,910.254,1408.360,347.850,303.430,34.369,281.225,36411.600,3265.095,30934.792,138.559,999,0.060,8.000,99,9999,99999,9,999999999,0.000,0.999,0,0,999,0.000,0
1,31,2019,10,0,,21.490,17.970,80.000,89238.930,1142.648,1408.360,355.557,434.760,46.958,396.667,52171.200,4461.000,43633.409,155.648,999,0.130,8.000,99,9999,99999,9,999999999,0.000,0.999,0,0,999,0.000,0
1,31,2019,11,0,,22.610,18.380,76.000,89238.930,1307.644,1408.360,361.678,536.780,45.652,494.394,64413.600,4336.981,54383.372,169.499,999,0.200,7.000,99,9999,99999,9,999999999,0.000,0.999,0,0,999,0.000,0
1,31,2019,12,0,,23.540,18.720,74.000,89238.930,1393.950,1408.360,367.637,601.530,52.452,549.615,72183.600,4982.948,60457.641,176.757,999,0.980,7.000,99,9999,99999,9,999999999,0.000,0.999,0,0,999,0.000,0
1,31,2019,13,0,,24.270,18.980,72.000,89238.930,1395.654,1408.360,372.016,624.240,60.488,564.298,74908.800,5746.355,62072.789,181.258,999,1.770,7.000,99,9999,99999,9,999999999,0.000,0.999,0,0,999,0.000,0
1,31,2019,14,0,,24.770,19.160,70.000,89238.930,1312.623,1408.360,374.529,603.260,71.470,536.651,72391.200,6789.657,59031.637,183.288,999,0.860,7.000,99,9999,99999,9,999999999,0.000,0.999,0,0,999,0.000,0
1,31,2019,15,0,,25.030,19.250,70.000,89238.930,1150.510,1408.360,376.626,540.090,106.769,452.882,64810.800,10143.015,49817.018,176.491,999,0.800,7.000,99,9999,99999,9,999999999,0.000,0.999,0,0,999,0.000,0
1,31,2019,16,0,,25.060,19.260,70.000,89238.930,920.376,1408.360,376.869,439.370,113.180,365.435,52724.400,10752.147,40197.806,178.065,999,0.250,8.000,99,9999,99999,9,999999999,0.000,0.999,0,0,999,0.000,0
1,31,2019,17,0,,24.730,19.140,76.000,89238.930,637.987,1408.360,378.630,308.910,228.403,205.560,37069.200,21698.306,22611.645,144.605,999,0.190,8.000,99,9999,99999,9,999999999,0.070,0.999,0,0,999,0.070,99
1,31,2019,18,0,,23.906,18.846,76.000,89238.930,323.005,1408.360,371.970,186.562,500.539,72.353,22387.440,47551.193,7958.798,100.935,999,0.146,8.000,99,9999,99999,9,999999999,0.022,0.999,0,0,999,0.022,99
1,31,2019,19,0,,23.232,18.602,78.800,89238.930,6.548,1408.360,368.489,98.688,0.000,0.000,11842.560,0.000,0.000,-0.000,999,0.108,8.000,99,9999,99999,9,999999999,0.046,0.999,0,0,999,0.046,99
1,31,2019,20,0,,22.474,18.326,81.800,89238.930,0.000,1408.360,364.419,36.906,0.000,0.000,4428.720,0.000,0.000,-0.000,999,0.082,8.000,99,9999,99999,9,999999999,0.368,0.999,0,0,999,0.368,99
1,31,2019,21,0,,21.694,18.038,84.200,89238.930,0.000,1408.360,359.764,4.754,0.000,0.000,570.480,0.000,0.000,-0.000,999,0.060,8.000,99,9999,99999,9,999999999,0.370,0.999,0,0,999,0.370,99
1,31,2019,22,0,,20.890,18.026,86.400,89238.930,0.000,1408.360,354.799,0.000,0.000,0.000,0.000,0.000,0.000,-0.000,999,1.148,8.000,99,9999,99999,9,999999999,0.504,0.999,0,0,999,0.504,99
1,31,2019,23,0,,20.212,18.064,89.200,89238.930,0.000,1408.360,351.155,0.000,0.000,0.000,0.000,0.000,0.000,-0.000,999,2.322,8.000,99,9999,99999,9,999999999,0.608,0.999,0,0,999,0.608,99
1,31,2017,24,0,,19.662,18.150,91.200,89238.930,0.000,1408.360,348.029,0.000,0.000,0.000,0.000,0.000,0.000,-0.000,999,3.434,8.000,99,9999,99999,9,999999999,0.912,0.999,0,0,999,0.912,99
2,1,2017,1,0,,19.238,18.286,92.600,89238.930,0.000,1408.360,345.538,0.000,0.000,0.000,0.000,0.000,0.000,-0.000,999,3.932,8.000,99,9999,99999,9,999999999,3.094,0.999,0,0,999,3.094,99
2,1,2017,2,0,,18.942,18.474,93.800,89238.930,0.000,1408.360,343.916,0.000,0.000,0.000,0.000,0.000,0.000,-0.000,999,4.210,8.000,99,9999,99999,9,999999999,3.678,0.999,0,0,999,3.678,99
2,1,2017,3,0,,18.822,18.440,94.000,89238.930,0.000,1408.360,343.108,0.000,0.000,0.000,0.000,0.000,0.000,-0.000,999,3.368,8.000,99,9999,99999,9,999999999,3.568,0.999,0,0,999,3.568,99
2,1,2017,4,0,,18.712,18.408,95.000,89238.930,0.000,1407.955,342.791,0.000,0.000,0.000,0.000,0.000,0.000,-0.000,999,2.596,8.000,99,9999,99999,9,999999999,3.680,0.999,0,0,999,3.680,99
2,1,2017,5,0,,18.608,18.380,96.000,89238.930,0.000,1407.955,342.514,1.724,0.000,0.000,206.880,0.000,0.000,-0.000,999,2.330,8.000,99,9999,99999,9,999999999,4.456,0.999,0,0,999,4.456,99
2,1,2017,6,0,,18.510,18.350,96.000,89238.930,0.000,1407.955,341.770,0.000,0.000,0.000,0.000,0.000,0.000,-0.000,999,2.070,8.000,99,9999,99999,9,999999999,1.080,0.999,0,0,999,1.080,99
2,1,2017,7,0,,18.420,18.330,99.000,89238.930,306.524,1407.955,342.591,8.620,0.000,8.620,1034.400,0.000,948.200,12.675,999,4.290,8.000,99,9999,99999,9,999999999,5.520,0.999,0,0,999,5.520,99
2,1,2017,8,0,,19.240,18.560,94.000,89238.930,622.684,1407.955,346.295,70.130,0.000,70.130,8415.600,0.000,7714.300,50.535,999,2.550,8.000,99,9999,99999,9,999999999,2.430,0.999,0,0,999,2.430,99
2,1,2017,9,0,,19.930,18.750,95.000,89238.930,907.242,1407.955,352.138,138.200,0.000,138.200,16584.000,0.000,15202.000,68.297,999,2.200,8.000,99,9999,99999,9,999999999,20.350,0.999,0,0,999,20.350,99
2,1,2017,10,0,,20.580,18.930,93.000,89238.930,1140.315,1407.955,356.121,198.510,4.918,194.527,23821.200,467.229,21398.005,76.465,999,1.310,8.000,99,9999,99999,9,999999999,215.780,0.999,0,0,999,215.780,99
2,1,2017,11,0,,21.170,19.090,86.000,89238.930,1305.903,1407.955,356.744,245.390,6.657,239.216,29446.800,632.374,26313.783,82.099,999,1.760,8.000,99,9999,99999,9,999999999,0.860,0.999,0,0,999,0.860,99
2,1,2017,12,0,,21.660,19.220,84.000,89238.930,1392.674,1407.955,359.375,275.170,7.649,267.604,33020.400,726.643,29436.461,86.116,999,1.290,8.000,99,9999,99999,9,999999999,0.070,0.999,0,0,999,0.070,99
2,1,2017,13,0,,22.050,19.320,83.000,89238.930,1394.684,1407.955,361.824,285.670,7.856,277.888,34280.400,746.348,30567.658,89.297,999,1.290,8.000,99,9999,99999,9,999999999,0.290,0.999,0,0,999,0.290,99
2,1,2017,14,0,,22.310,19.390,86.000,89238.930,1311.778,1407.955,365.728,276.110,7.403,269.213,33133.200,703.306,29613.408,91.980,999,1.290,8.000,99,9999,99999,9,999999999,1.330,0.999,0,0,999,1.330,99
2,1,2017,15,0,,22.450,19.430,83.000,89238.930,1149.600,1407.955,364.988,247.180,6.859,241.581,29661.600,651.560,26573.889,94.193,999,1.290,8.000,99,9999,99999,9,999999999,0.390,0.999,0,0,999,0.390,99
2,1,2017,16,0,,22.470,19.440,82.000,89238.930,919.218,1407.955,364.515,201.010,4.588,198.016,24121.200,435.881,21781.722,96.581,999,1.290,8.000,99,9999,99999,9,999999999,0.200,0.999,0,0,999,0.200,99
2,1,2017,17,0,,22.290,19.390,83.000,89238.930,636.413,1407.955,363.720,141.180,0.000,141.180,16941.600,0.000,15529.800,99.533,999,1.290,8.000,99,9999,99999,9,999999999,0.010,0.999,0,0,999,0.010,99
2,1,2017,18,0,,21.950,19.300,84.000,89238.930,320.884,1407.955,361.655,73.220,0.000,73.220,8786.400,0.000,8054.200,102.797,999,1.290,8.000,99,9999,99999,9,999999999,0.030,0.999,0,0,999,0.030,99
2,1,2017,19,0,,21.490,19.170,88.000,89238.930,4.201,1407.955,360.431,10.540,0.000,0.000,1264.800,0.000,0.000,-0.000,999,1.290,8.000,99,9999,99999,9,999999999,4.450,0.999,0,0,999,4.450,99
2,1,2017,20,0,,21.250,19.110,88.000,89238.930,0.000,1407.955,358.545,0.000,0.000,0.000,0.000,0.000,0.000,-0.000,999,1.290,8.000,99,9999,99999,9,999999999,2.000,0.999,0,0,999,2.000,99
2,1,2017,21,0,,21.010,19.040,89.000,89238.930,0.000,1407.955,357.243,0.000,0.000,0.000,0.000,0.000,0.000,-0.000,999,1.290,8.000,99,9999,99999,9,999999999,3.620,0.999,0,0,999,3.620,99
2,1,2017,22,0,,20.770,18.980,93.000,89238.930,0.000,1407.955,357.608,0.000,0.000,0.000,0.000,0.000,0.000,-0.000,999,1.290,8.000,99,9999,99999,9,999999999,9.100,0.999,0,0,999,9.100,99
2,1,2017,23,0,,20.530,18.910,93.000,89238.930,0.000,1407.955,355.730,0.000,0.000,0.000,0.000,0.000,0.000,-0.000,999,1.290,8.000,99,9999,99999,9,999999999,6.980,0.999,0,0,999,6.980,99
2,1,2017,24,0,,20.290,19.610,90.000,89238.930,0.000,1407.955,352.206,0.000,0.000,0.000,0.000,0.000,0.000,-0.000,999,0.210,8.000,99,9999,99999,9,999999999,0.930,0.999,0,0,999,0.930,99
2,2,2017,1,0,,20.170,19.580,90.000,89238.930,0.000,1407.955,351.278,0.000,0.000,0.000,0.000,0.000,0.000,-0.000,999,0.210,8.000,99,9999,99999,9,999999999,0.610,0.999,0,0,999,0.610,99
2,2,2017,2,0,,20.050,19.560,94.000,89238.930,0.000,1407.955,352.536,0.000,0.000,0.000,0.000,0.000,0.000,-0.000,999,0.240,8.000,99,9999,99999,9,999999999,1.380,0.999,0,0,999,1.380,99
2,2,2017,3,0,,19.930,19.530,98.000,89238.930,0.000,1407.955,353.705,0.000,0.000,0.000,0.000,0.000,0.000,-0.000,999,0.460,8.000,99,9999,99999,9,999999999,5.150,0.999,0,0,999,5.150,99
2,2,2017,4,0,,19.810,19.500,98.000,89238.930,0.000,1407.537,352.771,0.000,0.000,0.000,0.000,0.000,0.000,-0.000,999,0.950,8.000,99,9999,99999,9,999999999,11.530,0.999,0,0,999,11.530,99
2,2,2017,5,0,,19.700,19.480,95.000,89238.930,0.000,1407.537,350.358,0.000,0.000,0.000,0.000,0.000,0.000,-0.000,999,0.780,8.000,99,9999,99999,9,999999999,2.520,0.999,0,0,999,2.520,99
2,2,2017,6,0,,19.620,19.460,95.000,89238.930,0.000,1407.537,349.740,0.000,0.000,0.000,0.000,0.000,0.000,-0.000,999,0.630,8.000,99,9999,99999,9,999999999,3.130,0.999,0,0,999,3.130,99
2,2,2017,7,0,,19.540,19.450,99.000,89238.930,303.567,1407.537,351.187,12.500,0.000,12.500,1500.000,0.000,1375.000,18.557,999,0.540,8.000,99,9999,99999,9,999999999,7.130,0.999,0,0,999,7.130,99
2,2,2017,8,0,,20.510,19.660,92.000,89238.930,620.152,1407.537,355.025,105.790,0.000,105.790,12694.800,0.000,11636.900,76.521,999,0.820,8.000,99,9999,99999,9,999999999,2.050,0.999,0,0,999,2.050,99
2,2,2017,9,0,,21.320,19.830,86.000,89238.930,905.149,1407.537,357.917,209.480,8.570,203.971,25137.600,814.185,22436.801,101.004,999,0.630,8.000,99,9999,99999,9,999999999,0.490,0.999,0,0,999,0.490,99
2,2,2017,10,0,,22.110,20.000,84.000,89238.930,1138.636,1407.537,362.918,301.390,15.226,289.075,36166.800,1446.454,31798.237,113.764,999,0.880,8.000,99,9999,99999,9,999999999,0.380,0.999,0,0,999,0.380,99
2,2,2017,11,0,,22.810,20.150,79.000,89238.930,1304.583,1407.537,365.266,372.860,25.223,349.483,44743.200,2396.211,38443.109,120.029,999,0.820,8.000,99,9999,99999,9,999999999,0.000,0.999,0,0,999,0.000,0
2,2,2017,12,0,,23.400,20.270,80.000,89238.930,1391.632,1407.537,370.631,418.300,27.904,390.711,50196.000,2650.890,42978.254,125.790,999,0.640,8.000,99,9999,99999,9,999999999,0.020,0.999,0,0,999,0.020,99
2,2,2017,13,0,,23.860,20.370,79.000,89238.930,1393.821,1407.537,373.662,434.350,30.111,404.533,52122.000,2860.522,44498.613,130.035,999,0.600,8.000,99,9999,99999,9,999999999,0.070,0.999,0,0,999,0.070,99
2,2,2017,14,0,,24.180,20.430,78.000,89238.930,1310.982,1407.537,375.565,419.850,32.740,389.358,50382.000,3110.265,42829.340,133.070,999,0.590,8.000,99,9999,99999,9,999999999,0.760,0.999,0,0,999,0.760,99
2,2,2017,15,0,,24.340,20.470,81.000,89238.930,1148.755,1407.537,378.899,375.830,36.794,345.805,45099.600,3495.462,38038.540,134.889,999,0.770,8.000,99,9999,99999,9,999999999,1.130,0.999,0,0,999,1.130,99
2,2,2017,16,0,,24.360,20.470,81.000,89238.930,918.211,1407.537,379.063,305.530,21.968,291.205,36663.600,2086.953,32032.533,142.147,999,0.310,8.000,99,9999,99999,9,999999999,3.950,0.999,0,0,999,3.950,99
2,2,2017,17,0,,24.160,20.430,85.000,89238.930,635.142,1407.537,380.041,214.420,56.293,189.047,25730.400,5347.847,20795.180,133.507,999,0.210,8.000,99,9999,99999,9,999999999,122.250,0.999,0,0,999,122.250,99
2,2,2017,18,0,,23.750,20.340,83.000,89238.930,319.272,1407.537,375.415,110.930,81.960,92.437,13311.600,7786.157,10168.025,130.400,999,0.210,8.000,99,9999,99999,9,999999999,1.680,0.999,0,0,999,1.680,99
2,2,2017,19,0,,23.200,20.230,81.000,89238.930,2.501,1407.537,369.685,15.650,0.000,0.000,1878.000,0.000,0.000,-0.000,999,0.210,8.000,99,9999,99999,9,999999999,0.300,0.999,0,0,999,0.300,99
2,2,2017,20,0,,22.500,20.080,83.000,89238.930,0.000,1407.537,365.384,0.000,0.000,0.000,0.000,0.000,0.000,-0.000,999,0.260,8.000,99,9999,99999,9,999999999,0.110,0.999,0,0,999,0.110,99
2,2,2017,21,0,,21.810,19.940,85.000,89238.930,0.000,1407.537,361.163,0.000,0.000,0.000,0.000,0.000,0.000,-0.000,999,0.520,8.000,99,9999,99999,9,999999999,0.040,0.999,0,0,999,0.040,99
2,2,2017,22,0,,21.120,19.790,87.000,89238.930,0.000,1407.537,356.943,0.000,0.000,0.000,0.000,0.000,0.000,-0.000,999,0.300,8.000,99,9999,99999,9,999999999,0.220,0.999,0,0,999,0.220,99
2,2,2017,23,0,,20.420,19.640,89.000,89238.930,0.000,1407.537,352.650,0.000,0.000,0.000,0.000,0.000,0.000,-0.000,999,0.440,8.000,99,9999,99999,9,999999999,0.160,0.999,0,0,999,0.160,99
2,2,2017,24,0,,19.730,17.840,87.000,89238.930,0.000,1407.537,346.211,0.000,0.000,0.000,0.000,0.000,0.000,-0.000,999,0.090,8.000,99,9999,99999,9,999999999,0.290,0.999,0,0,999,0.290,99
2,3,2017,1,0,,19.380,17.630,87.000,89238.930,0.000,1407.537,343.548,0.000,0.000,0.000,0.000,0.000,0.000,-0.000,999,0.090,8.000,99,9999,99999,9,999999999,0.080,0.999,0,0,999,0.080,99
2,3,2017,2,0,,19.030,17.420,88.000,89238.930,0.000,1407.537,341.458,0.000,0.000,0.000,0.000,0.000,0.000,-0.000,999,0.090,8.000,99,9999,99999,9,999999999,0.490,0.999,0,0,999,0.490,99
2,3,2017,3,0,,18.690,17.220,88.000,89238.930,0.000,1407.537,338.898,0.000,0.000,0.000,0.000,0.000,0.000,-0.000,999,0.090,8.000,99,9999,99999,9,999999999,0.680,0.999,0,0,999,0.680,99
2,3,2017,4,0,,18.340,17.000,89.000,89238.930,0.000,1407.107,336.821,0.000,0.000,0.000,0.000,0.000,0.000,-0.000,999,0.090,8.000,99,9999,99999,9,999999999,0.190,0.999,0,0,999,0.190,99
2,3,2017,5,0,,18.030,16.810,93.000,89238.930,0.000,1407.107,336.616,0.000,0.000,0.000,0.000,0.000,0.000,-0.000,999,0.090,8.000,99,9999,99999,9,999999999,1.100,0.999,0,0,999,1.100,99
2,3,2017,6,0,,17.800,16.670,90.000,89238.930,0.000,1407.107,333.333,0.000,0.000,0.000,0.000,0.000,0.000,-0.000,999,0.090,8.000,99,9999,99999,9,999999999,0.020,0.999,0,0,999,0.020,99
2,3,2017,7,0,,17.570,16.520,90.000,89238.930,300.638,1407.107,331.630,17.810,0.000,17.810,2137.200,0.000,1959.100,26.692,999,0.180,8.000,99,9999,99999,9,999999999,0.010,0.999,0,0,999,0.010,99
2,3,2017,8,0,,19.190,17.520,88.000,89238.930,617.640,1407.107,342.668,157.040,10.011,152.651,18844.800,951.068,16791.611,110.834,999,0.180,8.000,99,9999,99999,9,999999999,0.070,0.999,0,0,999,0.070,99
2,3,2017,9,0,,20.590,18.340,85.000,89238.930,903.064,1407.107,351.651,312.460,40.180,286.684,37495.200,3817.094,31535.221,142.247,999,0.530,8.000,99,9999,99999,9,999999999,0.230,0.999,0,0,999,0.230,99
2,3,2017,10,0,,21.920,19.080,80.000,89238.930,1136.948,1407.107,358.908,450.300,55.068,405.812,54036.000,5231.449,44639.309,159.893,999,0.760,7.000,99,9999,99999,9,999999999,0.000,0.999,0,0,999,0.000,0
2,3,2017,11,0,,23.120,19.720,78.000,89238.930,1303.235,1407.107,367.061,557.510,53.802,507.682,66901.200,5111.214,55845.001,174.489,999,1.270,7.000,99,9999,99999,9,999999999,0.000,0.999,0,0,999,0.000,0
2,3,2017,12,0,,24.130,20.240,76.000,89238.930,1390.543,1407.107,373.771,625.720,62.088,564.364,75086.400,5898.315,62080.017,181.784,999,0.820,7.000,99,9999,99999,9,999999999,0.000,0.999,0,0,999,0.000,0
2,3,2017,13,0,,24.920,20.640,75.000,89238.930,1392.891,1407.107,379.460,649.870,71.810,578.786,77984.400,6821.947,63666.457,186.115,999,1.240,7.000,99,9999,99999,9,999999999,0.000,0.999,0,0,999,0.000,0
2,3,2017,14,0,,25.450,20.900,78.000,89238.930,1310.101,1407.107,385.953,628.200,84.941,549.118,75384.000,8069.395,60403.024,187.741,999,1.210,7.000,99,9999,99999,9,999999999,0.020,0.999,0,0,999,0.020,99
2,3,2017,15,0,,25.740,21.050,77.000,89238.930,1147.809,1407.107,387.640,562.280,126.786,458.873,67473.600,12044.717,50475.990,179.087,999,1.840,7.000,99,9999,99999,9,999999999,0.010,0.999,0,0,999,0.010,99
2,3,2017,16,0,,25.770,21.060,77.000,89238.930,917.092,1407.107,387.889,456.950,133.982,369.661,54834.000,12728.268,40662.726,180.610,999,1.430,7.000,99,9999,99999,9,999999999,0.040,0.999,0,0,999,0.040,99
2,3,2017,17,0,,25.420,20.890,78.000,89238.930,633.753,1407.107,385.705,320.410,268.637,199.556,38449.200,25520.529,21951.168,141.195,999,1.010,8.000,99,9999,99999,9,999999999,0.150,0.999,0,0,999,0.150,99
2,3,2017,18,0,,24.720,20.540,79.000,89238.930,317.540,1407.107,380.648,165.310,487.137,55.961,19837.200,46278.057,6155.685,79.354,999,0.430,8.000,99,9999,99999,9,999999999,0.120,0.999,0,0,999,0.120,99
2,3,2017,19,0,,23.790,20.070,80.000,89238.930,0.709,1407.107,373.768,22.830,0.000,0.000,2739.600,0.000,0.000,-0.000,999,0.260,8.000,99,9999,99999,9,999999999,0.100,0.999,0,0,999,0.100,99
2,3,2017,20,0,,23.030,19.670,81.000,89238.930,0.000,1407.107,368.326,0.000,0.000,0.000,0.000,0.000,0.000,-0.000,999,0.190,8.000,99,9999,99999,9,999999999,0.030,0.999,0,0,999,0.030,99
2,3,2017,21,0,,22.280,19.270,83.000,89238.930,0.000,1407.107,363.641,0.000,0.000,0.000,0.000,0.000,0.000,-0.000,999,0.090,8.000,99,9999,99999,9,999999999,0.050,0.999,0,0,999,0.050,99
2,3,2017,22,0,,21.520,18.860,84.000,89238.930,0.000,1407.107,358.278,0.000,0.000,0.000,0.000,0.000,0.000,-0.000,999,0.090,8.000,99,9999,99999,9,999999999,0.370,0.999,0,0,999,0.370,99
2,3,2017,23,0,,20.770,18.440,92.000,89238.930,0.000,1407.107,357.056,0.000,0.000,0.000,0.000,0.000,0.000,-0.000,999,0.110,8.000,99,9999,99999,9,999999999,11.930,0.999,0,0,999,11.930,99
2,3,2017,24,0,,20.020,17.910,88.000,89238.930,0.000,1407.107,348.999,0.000,0.000,0.000,0.000,0.000,0.000,-0.000,999,0.060,8.000,99,9999,99999,9,999999999,0.140,0.999,0,0,999,0.140,99
2,4,2017,1,0,,19.640,17.860,90.000,89238.930,0.000,1407.107,347.202,0.000,0.000,0.000,0.000,0.000,0.000,-0.000,999,0.110,8.000,99,9999,99999,9,999999999,0.180,0.999,0,0,999,0.180,99
2,4,2017,2,0,,19.260,17.810,92.000,89238.930,0.000,1407.107,345.385,0.000,0.000,0.000,0.000,0.000,0.000,-0.000,999,0.160,8.000,99,9999,99999,9,999999999,0.050,0.999,0,0,999,0.050,99
2,4,2017,3,0,,18.890,17.750,93.000,89238.930,0.000,1407.107,343.100,0.000,0.000,0.000,0.000,0.000,0.000,-0.000,999,0.180,8.000,99,9999,99999,9,999999999,0.020,0.999,0,0,999,0.020,99
2,4,2017,4,0,,18.510,17.700,95.000,89238.930,0.000,1406.664,341.259,0.000,0.000,0.000,0.000,0.000,0.000,-0.000,999,0.230,8.000,99,9999,99999,9,999999999,0.330,0.999,0,0,999,0.330,99
2,4,2017,5,0,,18.170,17.650,97.000,89238.930,0.000,1406.664,339.703,0.000,0.000,0.000,0.000,0.000,0.000,-0.000,999,0.170,8.000,99,9999,99999,9,999999999,0.060,0.999,0,0,999,0.060,99
2,4,2017,6,0,,17.930,17.620,98.000,89238.930,0.000,1406.664,338.391,0.000,0.000,0.000,0.000,0.000,0.000,-0.000,999,0.120,8.000,99,9999,99999,9,999999999,0.010,0.999,0,0,999,0.010,99
2,4,2017,7,0,,17.680,17.580,99.000,89238.930,297.738,1406.664,337.001,17.770,0.000,17.770,2132.400,0.000,1954.700,26.886,999,0.090,8.000,99,9999,99999,9,999999999,0.070,0.999,0,0,999,0.070,99
2,4,2017,8,0,,19.480,17.840,91.000,89238.930,615.148,1406.664,346.526,163.330,14.875,156.833,19599.600,1413.139,17251.628,114.297,999,0.220,8.000,99,9999,99999,9,999999999,0.010,0.999,0,0,999,0.010,99
2,4,2017,9,0,,21.050,18.060,80.000,89238.930,900.985,1406.664,352.152,326.540,48.727,295.343,39184.800,4629.039,32487.743,146.836,999,0.220,7.000,99,9999,99999,9,999999999,0.000,0.999,0,0,999,0.000,0
2,4,2017,10,0,,22.560,18.270,74.000,89238.930,1135.250,1406.664,359.911,471.360,65.706,418.340,56563.200,6242.100,46017.397,165.024,999,0.320,7.000,99,9999,99999,9,999999999,0.000,0.999,0,0,999,0.000,0
2,4,2017,11,0,,23.920,18.460,69.000,89238.930,1301.858,1406.664,366.981,584.040,65.150,523.747,70084.800,6189.270,57612.156,180.144,999,0.670,7.000,99,9999,99999,9,999999999,0.000,0.999,0,0,999,0.000,0
2,4,2017,12,0,,25.060,18.610,65.000,89238.930,1389.405,1406.664,372.900,655.750,75.396,581.279,78690.000,7162.633,63940.745,187.327,999,0.970,7.000,99,9999,99999,9,999999999,0.000,0.999,0,0,999,0.000,0
2,4,2017,13,0,,25.950,18.730,67.000,89238.930,1391.892,1406.664,381.722,681.200,87.327,594.791,81744.000,8296.024,65427.010,191.338,999,1.170,7.000,99,9999,99999,9,999999999,0.010,0.999,0,0,999,0.010,99
2,4,2017,14,0,,26.560,18.810,61.000,89238.930,1309.134,1406.664,381.573,658.520,103.219,562.462,79022.400,9805.786,61870.839,192.384,999,1.620,7.000,99,9999,99999,9,999999999,0.000,0.999,0,0,999,0.000,0
2,4,2017,15,0,,26.880,18.860,65.000,89238.930,1146.763,1406.664,387.682,589.340,153.550,464.179,70720.800,14587.247,51059.708,181.266,999,1.550,7.000,99,9999,99999,9,999999999,0.020,0.999,0,0,999,0.020,99
2,4,2017,16,0,,26.910,18.860,64.000,89238.930,915.860,1406.664,387.071,478.760,161.213,373.838,57451.200,15315.253,41122.188,182.839,999,1.360,7.000,99,9999,99999,9,999999999,0.030,0.999,0,0,999,0.030,99
2,4,2017,17,0,,26.520,18.810,61.000,89238.930,632.246,1406.664,381.248,335.380,334.790,185.077,40245.600,31805.065,20358.484,131.222,999,1.500,7.000,99,9999,99999,9,999999999,0.000,0.999,0,0,999,0.000,0
2,4,2017,18,0,,25.730,18.700,68.000,89238.930,315.689,1406.664,380.737,172.550,466.668,68.380,20706.000,44333.443,7521.775,97.508,999,0.860,8.000,99,9999,99999,9,999999999,0.550,0.999,0,0,999,0.550,99
2,4,2017,19,0,,24.680,18.560,80.000,89238.930,0.000,1406.664,381.005,23.270,0.000,0.000,2792.400,0.000,0.000,-0.000,999,0.280,8.000,99,9999,99999,9,999999999,6.040,0.999,0,0,999,6.040,99
2,4,2017,20,0,,23.880,18.450,74.000,89238.930,0.000,1406.664,370.348,0.000,0.000,0.000,0.000,0.000,0.000,-0.000,999,0.150,8.000,99,9999,99999,9,999999999,0.090,0.999,0,0,999,0.090,99
2,4,2017,21,0,,23.090,18.340,76.000,89238.930,0.000,1406.664,365.464,0.000,0.000,0.000,0.000,0.000,0.000,-0.000,999,0.060,8.000,99,9999,99999,9,999999999,0.240,0.999,0,0,999,0.240,99
2,4,2017,22,0,,22.300,18.230,79.000,89238.930,0.000,1406.664,361.241,0.000,0.000,0.000,0.000,0.000,0.000,-0.000,999,0.080,8.000,99,9999,99999,9,999999999,0.040,0.999,0,0,999,0.040,99
2,4,2017,23,0,,21.510,18.120,82.000,89238.930,0.000,1406.664,356.969,0.000,0.000,0.000,0.000,0.000,0.000,-0.000,999,0.060,8.000,99,9999,99999,9,999999999,0.110,0.999,0,0,999,0.110,99
2,4,2017,24,0,,20.710,16.240,78.000,89238.930,0.000,1406.664,348.276,0.000,0.000,0.000,0.000,0.000,0.000,-0.000,999,0.190,8.000,99,9999,99999,9,999999999,0.060,0.999,0,0,999,0.060,99
2,5,2017,1,0,,20.320,16.340,80.000,89238.930,0.000,1406.664,346.558,0.000,0.000,0.000,0.000,0.000,0.000,-0.000,999,0.190,8.000,99,9999,99999,9,999999999,0.050,0.999,0,0,999,0.050,99
2,5,2017,2,0,,19.920,16.450,83.000,89238.930,0.000,1406.664,345.334,0.000,0.000,0.000,0.000,0.000,0.000,-0.000,999,0.190,8.000,99,9999,99999,9,999999999,0.020,0.999,0,0,999,0.020,99
2,5,2017,3,0,,19.520,16.560,85.000,89238.930,0.000,1406.664,343.469,0.000,0.000,0.000,0.000,0.000,0.000,-0.000,999,0.190,8.000,99,9999,99999,9,999999999,0.020,0.999,0,0,999,0.020,99
2,5,2017,4,0,,19.130,16.670,87.000,89238.930,0.000,1406.209,341.656,0.000,0.000,0.000,0.000,0.000,0.000,-0.000,999,0.190,8.000,99,9999,99999,9,999999999,0.030,0.999,0,0,999,0.030,99
2,5,2017,5,0,,18.780,16.760,90.000,89238.930,0.000,1406.209,340.666,0.000,0.000,0.000,0.000,0.000,0.000,-0.000,999,0.190,8.000,99,9999,99999,9,999999999,0.010,0.999,0,0,999,0.010,99
2,5,2017,6,0,,18.520,16.830,91.000,89238.930,0.000,1406.209,339.244,0.000,0.000,0.000,0.000,0.000,0.000,-0.000,999,0.190,8.000,99,9999,99999,9,999999999,0.010,0.999,0,0,999,0.010,99
2,5,2017,7,0,,18.250,16.900,88.000,89238.930,294.867,1406.209,335.606,28.040,0.000,28.040,3364.800,0.000,3084.400,42.828,999,0.190,8.000,99,9999,99999,9,999999999,0.000,0.999,0,0,999,0.000,0
2,5,2017,8,0,,19.610,16.540,84.000,89238.930,612.676,1406.209,343.570,192.740,24.579,182.044,23128.800,2335.007,20024.886,133.164,999,0.190,7.000,99,9999,99999,9,999999999,0.010,0.999,0,0,999,0.010,99
2,5,2017,9,0,,20.480,16.300,79.000,89238.930,898.913,1406.209,347.154,324.950,64.600,283.672,38994.000,6137.011,31203.940,141.313,999,0.270,7.000,99,9999,99999,9,999999999,0.010,0.999,0,0,999,0.010,99
2,5,2017,10,0,,21.370,16.050,70.000,89238.930,1133.542,1406.209,347.925,472.120,79.423,408.107,56654.400,7545.211,44891.792,161.178,999,0.300,7.000,99,9999,99999,9,999999999,0.000,0.999,0,0,999,0.000,0
2,5,2017,11,0,,22.300,15.790,65.000,89238.930,1300.452,1406.209,351.314,632.930,143.706,500.038,75951.600,13652.111,55004.168,172.119,999,0.520,6.000,99,9999,99999,9,999999999,0.000,0.999,0,0,999,0.000,0
2,5,2017,12,0,,23.130,15.560,61.000,89238.930,1388.217,1406.209,354.471,732.570,119.066,615.028,87908.400,11311.259,67653.126,198.308,999,0.940,6.000,99,9999,99999,9,999999999,0.000,0.999,0,0,999,0.000,0
2,5,2017,13,0,,23.710,15.390,59.000,89238.930,1390.824,1406.209,357.241,733.610,187.897,547.769,88033.200,17850.260,60254.629,176.290,999,1.960,6.000,99,9999,99999,9,999999999,0.000,0.999,0,0,999,0.000,0
2,5,2017,14,0,,24.360,15.200,56.000,89238.930,1308.079,1406.209,359.593,867.920,440.164,458.491,104150.400,41815.556,50434.001,156.898,999,2.020,3.000,99,9999,99999,9,999999999,0.000,0.999,0,0,999,0.000,0
2,5,2017,15,0,,24.800,15.070,54.000,89238.930,1145.614,1406.209,361.131,821.170,601.704,331.045,98540.400,57161.871,36414.984,129.364,999,1.970,2.000,99,9999,99999,9,999999999,0.000,0.999,0,0,999,0.000,0
2,5,2017,16,0,,25.020,15.010,53.000,89238.930,914.516,1406.209,361.874,713.910,615.356,313.878,85669.200,58458.830,34526.625,153.689,999,1.080,0.000,99,9999,99999,9,999999999,0.000,0.999,0,0,999,0.000,0
2,5,2017,17,0,,24.780,15.080,54.000,89238.930,630.620,1406.209,360.976,424.130,577.498,165.449,50895.600,54862.344,18199.372,117.571,999,0.350,5.000,99,9999,99999,9,999999999,0.000,0.999,0,0,999,0.000,0
2,5,2017,18,0,,24.290,15.220,56.000,89238.930,313.720,1406.209,359.051,260.520,628.313,121.106,31262.400,59689.751,13321.669,173.735,999,0.190,5.000,99,9999,99999,9,999999999,0.000,0.999,0,0,999,0.000,0
2,5,2017,19,0,,23.550,15.440,64.000,89238.930,0.000,1406.209,360.169,53.520,0.000,0.000,6422.400,0.000,0.000,-0.000,999,0.190,7.000,99,9999,99999,9,999999999,0.040,0.999,0,0,999,0.040,99
2,5,2017,20,0,,22.950,15.610,67.000,89238.930,0.000,1406.209,357.854,0.000,0.000,0.000,0.000,0.000,0.000,-0.000,999,0.190,7.000,99,9999,99999,9,999999999,0.200,0.999,0,0,999,0.200,99
2,5,2017,21,0,,22.340,15.780,74.000,89238.930,0.000,1406.209,358.194,0.000,0.000,0.000,0.000,0.000,0.000,-0.000,999,0.190,7.000,99,9999,99999,9,999999999,2.360,0.999,0,0,999,2.360,99
2,5,2017,22,0,,21.740,15.950,73.000,89238.930,0.000,1406.209,352.856,0.000,0.000,0.000,0.000,0.000,0.000,-0.000,999,0.190,7.000,99,9999,99999,9,999999999,0.080,0.999,0,0,999,0.080,99
2,5,2017,23,0,,21.130,16.120,76.000,89238.930,0.000,1406.209,350.193,0.000,0.000,0.000,0.000,0.000,0.000,-0.000,999,0.190,7.000,99,9999,99999,9,999999999,0.120,0.999,0,0,999,0.120,99
2,5,2017,24,0,,20.530,17.810,82.000,89238.930,0.000,1406.209,349.390,0.000,0.000,0.000,0.000,0.000,0.000,-0.000,999,0.050,7.000,99,9999,99999,9,999999999,0.220,0.999,0,0,999,0.220,99
2,6,2017,1,0,,20.230,17.790,92.000,89238.930,0.000,1406.209,352.848,0.000,0.000,0.000,0.000,0.000,0.000,-0.000,999,0.050,8.000,99,9999,99999,9,999999999,6.460,0.999,0,0,999,6.460,99
2,6,2017,2,0,,19.920,17.760,85.000,89238.930,0.000,1406.209,346.510,0.000,0.000,0.000,0.000,0.000,0.000,-0.000,999,0.050,8.000,99,9999,99999,9,999999999,0.520,0.999,0,0,999,0.520,99
2,6,2017,3,0,,19.620,17.740,86.000,89238.930,0.000,1406.209,344.803,0.000,0.000,0.000,0.000,0.000,0.000,-0.000,999,0.050,8.000,99,9999,99999,9,999999999,0.340,0.999,0,0,999,0.340,99
2,6,2017,4,0,,19.320,17.720,87.000,89238.930,0.000,1405.741,343.093,0.000,0.000,0.000,0.000,0.000,0.000,-0.000,999,0.070,8.000,99,9999,99999,9,999999999,0.420,0.999,0,0,999,0.420,99
2,6,2017,5,0,,19.050,17.700,89.000,89238.930,0.000,1405.741,342.161,0.000,0.000,0.000,0.000,0.000,0.000,-0.000,999,0.050,8.000,99,9999,99999,9,999999999,0.040,0.999,0,0,999,0.040,99
2,6,2017,6,0,,18.850,17.690,94.000,89238.930,0.000,1405.741,343.321,0.000,0.000,0.000,0.000,0.000,0.000,-0.000,999,0.100,8.000,99,9999,99999,9,999999999,1.750,0.999,0,0,999,1.750,99
2,6,2017,7,0,,18.650,17.680,90.000,89238.930,292.027,1405.741,339.686,13.150,0.000,13.150,1578.000,0.000,1446.500,20.276,999,0.180,8.000,99,9999,99999,9,999999999,0.940,0.999,0,0,999,0.940,99
2,6,2017,8,0,,19.350,17.720,87.000,89238.930,610.224,1405.741,343.321,131.770,0.000,131.770,15812.400,0.000,14494.700,96.745,999,0.220,8.000,99,9999,99999,9,999999999,0.170,0.999,0,0,999,0.170,99
2,6,2017,9,0,,19.960,17.770,85.000,89238.930,896.847,1405.741,346.815,265.970,21.502,252.258,31916.400,2042.677,27748.371,125.912,999,0.210,8.000,99,9999,99999,9,999999999,0.130,0.999,0,0,999,0.130,99
2,6,2017,10,0,,20.560,17.810,82.000,89238.930,1131.822,1405.741,349.621,385.160,31.144,360.089,46219.200,2958.688,39609.742,142.382,999,0.330,8.000,99,9999,99999,9,999999999,0.060,0.999,0,0,999,0.060,99
2,6,2017,11,0,,21.090,17.840,76.000,89238.930,1299.015,1405.741,349.887,477.950,51.620,430.251,57354.000,4903.936,47327.623,148.213,999,0.600,8.000,99,9999,99999,9,999999999,0.000,0.999,0,0,999,0.000,0
2,6,2017,12,0,,21.540,17.880,79.000,89238.930,1386.978,1405.741,355.306,537.050,58.882,478.955,64446.000,5593.760,52685.018,154.520,999,0.640,8.000,99,9999,99999,9,999999999,0.020,0.999,0,0,999,0.020,99
2,6,2017,13,0,,21.890,17.900,77.000,89238.930,1389.686,1405.741,356.721,558.080,66.175,492.662,66969.600,6286.583,54192.783,158.632,999,1.270,8.000,99,9999,99999,9,999999999,0.010,0.999,0,0,999,0.010,99
2,6,2017,14,0,,22.130,17.920,76.000,89238.930,1306.936,1405.741,357.922,539.520,87.972,457.735,64742.400,8357.378,50350.812,156.724,999,1.780,8.000,99,9999,99999,9,999999999,0.090,0.999,0,0,999,0.090,99
2,6,2017,15,0,,22.260,17.930,76.000,89238.930,1144.362,1405.741,358.936,482.690,69.421,426.185,57922.800,6595.031,46880.357,166.669,999,1.880,8.000,99,9999,99999,9,999999999,0.270,0.999,0,0,999,0.270,99
2,6,2017,16,0,,22.270,17.930,76.000,89238.930,913.059,1405.741,359.014,391.780,74.087,343.678,47013.600,7038.238,37804.626,168.494,999,1.910,8.000,99,9999,99999,9,999999999,0.770,0.999,0,0,999,0.770,99
2,6,2017,17,0,,22.120,17.920,76.000,89238.930,628.876,1405.741,357.844,273.880,139.887,211.373,32865.600,13289.244,23251.020,150.573,999,1.210,8.000,99,9999,99999,9,999999999,0.630,0.999,0,0,999,0.630,99
2,6,2017,18,0,,21.810,17.890,82.000,89238.930,311.633,1405.741,359.314,140.010,304.775,72.817,16801.200,28953.668,8009.859,105.133,999,0.670,8.000,99,9999,99999,9,999999999,1.410,0.999,0,0,999,1.410,99
2,6,2017,19,0,,21.390,17.870,83.000,89238.930,0.000,1405.741,356.651,17.920,0.000,0.000,2150.400,0.000,0.000,-0.000,999,0.280,8.000,99,9999,99999,9,999999999,1.150,0.999,0,0,999,1.150,99
2,6,2017,20,0,,21.110,17.850,84.000,89238.930,0.000,1405.741,355.081,0.000,0.000,0.000,0.000,0.000,0.000,-0.000,999,0.120,8.000,99,9999,99999,9,999999999,4.000,0.999,0,0,999,4.000,99
2,6,2017,21,0,,20.820,17.830,89.000,89238.930,0.000,1405.741,355.759,0.000,0.000,0.000,0.000,0.000,0.000,-0.000,999,0.170,8.000,99,9999,99999,9,999999999,68.490,0.999,0,0,999,68.490,99
2,6,2017,22,0,,20.540,17.810,86.000,89238.930,0.000,1405.741,351.853,0.000,0.000,0.000,0.000,0.000,0.000,-0.000,999,0.240,8.000,99,9999,99999,9,999999999,2.210,0.999,0,0,999,2.210,99
2,6,2017,23,0,,20.250,17.790,88.000,89238.930,0.000,1405.741,350.769,0.000,0.000,0.000,0.000,0.000,0.000,-0.000,999,0.090,8.000,99,9999,99999,9,999999999,2.890,0.999,0,0,999,2.890,99
2,6,2017,24,0,,19.970,19.180,90.000,89238.930,0.000,1405.741,349.736,0.000,0.000,0.000,0.000,0.000,0.000,-0.000,999,1.420,8.000,99,9999,99999,9,999999999,0.590,0.999,0,0,999,0.590,99
2,7,2017,1,0,,19.830,19.150,94.000,89238.930,0.000,1405.741,350.832,0.000,0.000,0.000,0.000,0.000,0.000,-0.000,999,1.620,8.000,99,9999,99999,9,999999999,1.680,0.999,0,0,999,1.680,99
2,7,2017,2,0,,19.680,19.120,99.000,89238.930,0.000,1405.741,352.273,0.000,0.000,0.000,0.000,0.000,0.000,-0.000,999,2.080,8.000,99,9999,99999,9,999999999,28.720,0.999,0,0,999,28.720,99
2,7,2017,3,0,,19.540,19.090,95.000,89238.930,0.000,1405.741,349.124,0.000,0.000,0.000,0.000,0.000,0.000,-0.000,999,2.570,8.000,99,9999,99999,9,999999999,2.710,0.999,0,0,999,2.710,99
2,7,2017,4,0,,19.400,19.060,92.000,89238.930,0.000,1405.261,346.455,0.000,0.000,0.000,0.000,0.000,0.000,-0.000,999,2.970,8.000,99,9999,99999,9,999999999,0.930,0.999,0,0,999,0.930,99
2,7,2017,5,0,,19.270,19.030,93.000,89238.930,0.000,1405.261,345.995,0.000,0.000,0.000,0.000,0.000,0.000,-0.000,999,2.980,8.000,99,9999,99999,9,999999999,0.030,0.999,0,0,999,0.030,99
2,7,2017,6,0,,19.180,19.010,89.000,89238.930,0.000,1405.261,343.146,0.000,0.000,0.000,0.000,0.000,0.000,-0.000,999,2.850,8.000,99,9999,99999,9,999999999,0.000,0.999,0,0,999,0.000,0
2,7,2017,7,0,,19.080,18.990,93.000,89238.930,289.217,1405.261,344.545,32.250,0.000,32.250,3870.000,0.000,3547.500,50.199,999,4.060,8.000,99,9999,99999,9,999999999,0.480,0.999,0,0,999,0.480,99
2,7,2017,8,0,,21.230,19.450,86.000,89238.930,607.793,1405.261,357.213,173.600,25.263,162.687,20832.000,2399.943,17895.623,119.883,999,2.670,8.000,99,9999,99999,9,999999999,0.320,0.999,0,0,999,0.320,99
2,7,2017,9,0,,21.880,19.590,83.000,89238.930,894.787,1405.261,360.486,195.650,29.307,176.997,23478.000,2784.173,19469.673,88.520,999,2.880,8.000,99,9999,99999,9,999999999,0.110,0.999,0,0,999,0.110,99
2,7,2017,10,0,,23.170,19.870,79.000,89238.930,1130.091,1405.261,368.128,382.770,37.341,352.745,45932.400,3547.427,38802.000,139.645,999,3.000,8.000,99,9999,99999,9,999999999,0.050,0.999,0,0,999,0.050,99
2,7,2017,11,0,,24.000,20.040,73.000,89238.930,1297.546,1405.261,370.587,393.230,23.777,371.276,47187.600,2258.855,40840.389,127.998,999,2.390,8.000,99,9999,99999,9,999999999,0.000,0.999,0,0,999,0.000,0
2,7,2017,12,0,,23.830,20.000,77.000,89238.930,1385.687,1405.261,372.054,188.940,8.854,180.209,22672.800,841.126,19823.039,58.173,999,2.150,8.000,99,9999,99999,9,999999999,0.090,0.999,0,0,999,0.090,99
2,7,2017,13,0,,24.210,20.080,76.000,89238.930,1388.476,1405.261,374.416,354.380,20.481,334.144,42525.600,1945.705,36755.805,107.648,999,1.630,8.000,99,9999,99999,9,999999999,0.220,0.999,0,0,999,0.220,99
2,7,2017,14,0,,24.380,20.120,76.000,89238.930,1305.704,1405.261,375.790,308.850,14.855,295.048,37062.000,1411.233,32455.278,101.082,999,2.800,8.000,99,9999,99999,9,999999999,0.140,0.999,0,0,999,0.140,99
2,7,2017,15,0,,25.110,20.270,74.000,89238.930,1143.007,1405.261,380.280,569.620,213.511,395.981,68354.400,20283.587,43557.891,154.988,999,1.350,7.000,99,9999,99999,9,999999999,0.010,0.999,0,0,999,0.010,99
2,7,2017,16,0,,25.520,20.350,73.000,89238.930,911.489,1405.261,382.891,487.540,277.783,307.436,58504.800,26389.357,33817.922,150.933,999,0.730,7.000,99,9999,99999,9,999999999,0.040,0.999,0,0,999,0.040,99
2,7,2017,17,0,,24.990,20.240,74.000,89238.930,627.014,1405.261,379.302,142.820,0.979,142.384,17138.400,93.000,15662.209,101.695,999,0.750,8.000,99,9999,99999,9,999999999,0.070,0.999,0,0,999,0.070,99
2,7,2017,18,0,,24.380,20.120,76.000,89238.930,309.429,1405.261,375.790,87.530,25.472,81.952,10503.600,2419.833,9014.775,119.134,999,0.410,8.000,99,9999,99999,9,999999999,0.270,0.999,0,0,999,0.270,99
2,7,2017,19,0,,23.660,19.970,78.000,89238.930,0.000,1405.261,371.375,14.250,0.000,0.000,1710.000,0.000,0.000,-0.000,999,0.400,8.000,99,9999,99999,9,999999999,0.180,0.999,0,0,999,0.180,99
2,7,2017,20,0,,22.830,19.790,80.000,89238.930,0.000,1405.261,366.082,0.000,0.000,0.000,0.000,0.000,0.000,-0.000,999,0.400,8.000,99,9999,99999,9,999999999,0.020,0.999,0,0,999,0.020,99
2,7,2017,21,0,,22.000,19.620,83.000,89238.930,0.000,1405.261,361.430,0.000,0.000,0.000,0.000,0.000,0.000,-0.000,999,0.400,8.000,99,9999,99999,9,999999999,0.390,0.999,0,0,999,0.390,99
2,7,2017,22,0,,21.170,19.440,90.000,89238.930,0.000,1405.261,359.069,0.000,0.000,0.000,0.000,0.000,0.000,-0.000,999,0.400,8.000,99,9999,99999,9,999999999,1.210,0.999,0,0,999,1.210,99
2,7,2017,23,0,,20.340,19.260,89.000,89238.930,0.000,1405.261,352.031,0.000,0.000,0.000,0.000,0.000,0.000,-0.000,999,0.400,8.000,99,9999,99999,9,999999999,0.730,0.999,0,0,999,0.730,99
2,7,2017,24,0,,19.510,17.860,89.000,89238.930,0.000,1405.261,345.656,0.000,0.000,0.000,0.000,0.000,0.000,-0.000,999,0.390,8.000,99,9999,99999,9,999999999,0.160,0.999,0,0,999,0.160,99
2,8,2017,1,0,,19.100,17.700,90.000,89238.930,0.000,1405.261,343.087,0.000,0.000,0.000,0.000,0.000,0.000,-0.000,999,0.390,8.000,99,9999,99999,9,999999999,0.120,0.999,0,0,999,0.120,99
2,8,2017,2,0,,18.680,17.540,99.000,89238.930,0.000,1405.261,344.572,0.000,0.000,0.000,0.000,0.000,0.000,-0.000,999,0.390,8.000,99,9999,99999,9,999999999,5.290,0.999,0,0,999,5.290,99
2,8,2017,3,0,,18.270,17.380,92.000,89238.930,0.000,1405.261,337.894,0.000,0.000,0.000,0.000,0.000,0.000,-0.000,999,0.390,8.000,99,9999,99999,9,999999999,0.480,0.999,0,0,999,0.480,99
2,8,2017,4,0,,17.860,17.210,93.000,89238.930,0.000,1404.770,335.346,0.000,0.000,0.000,0.000,0.000,0.000,-0.000,999,0.390,8.000,99,9999,99999,9,999999999,0.100,0.999,0,0,999,0.100,99
2,8,2017,5,0,,17.490,17.070,94.000,89238.930,0.000,1404.770,333.102,0.000,0.000,0.000,0.000,0.000,0.000,-0.000,999,0.390,8.000,99,9999,99999,9,999999999,0.020,0.999,0,0,999,0.020,99
2,8,2017,6,0,,17.210,16.950,95.000,89238.930,0.000,1404.770,331.529,0.000,0.000,0.000,0.000,0.000,0.000,-0.000,999,0.390,8.000,99,9999,99999,9,999999999,0.030,0.999,0,0,999,0.030,99
2,8,2017,7,0,,16.940,16.840,96.000,89238.930,286.438,1404.770,330.028,24.410,0.000,24.410,2929.200,0.000,2685.100,38.356,999,0.390,8.000,99,9999,99999,9,999999999,0.020,0.999,0,0,999,0.020,99
2,8,2017,8,0,,19.000,17.660,90.000,89238.930,605.381,1404.770,342.329,171.450,23.873,161.175,20574.000,2267.934,17729.269,119.201,999,0.390,8.000,99,9999,99999,9,999999999,0.010,0.999,0,0,999,0.010,99
2,8,2017,9,0,,20.760,18.330,85.000,89238.930,892.731,1404.770,352.965,349.380,64.787,308.225,41925.600,6154.801,33904.800,154.451,999,0.390,7.000,99,9999,99999,9,999999999,0.010,0.999,0,0,999,0.010,99
2,8,2017,10,0,,22.480,18.960,77.000,89238.930,1128.346,1404.770,361.332,507.540,128.128,404.641,60904.800,12172.132,44510.538,160.381,999,0.390,6.000,99,9999,99999,9,999999999,0.000,0.999,0,0,999,0.000,0
2,8,2017,11,0,,24.020,19.500,73.000,89238.930,1296.044,1404.770,370.747,630.700,90.796,546.936,75684.000,8625.632,60162.915,188.710,999,0.390,6.000,99,9999,99999,9,999999999,0.000,0.999,0,0,999,0.000,0
2,8,2017,12,0,,25.330,19.950,70.000,89238.930,1384.342,1404.770,379.057,709.190,105.550,605.175,85102.800,10027.294,66569.285,195.478,999,0.390,6.000,99,9999,99999,9,999999999,0.000,0.999,0,0,999,0.000,0
2,8,2017,13,0,,26.340,20.290,68.000,89238.930,1387.192,1404.770,385.728,737.180,122.360,616.352,88461.600,11624.200,67798.712,198.678,999,0.660,6.000,99,9999,99999,9,999999999,0.000,0.999,0,0,999,0.000,0
2,8,2017,14,0,,27.040,20.520,67.000,89238.930,1304.382,1404.770,390.690,712.630,144.168,578.771,85515.600,13695.962,63664.786,198.416,999,0.860,6.000,99,9999,99999,9,999999999,0.000,0.999,0,0,999,0.000,0
2,8,2017,15,0,,27.410,20.640,66.000,89238.930,1141.549,1404.770,392.926,637.300,291.195,400.704,76476.000,27663.565,44077.390,156.982,999,0.840,6.000,99,9999,99999,9,999999999,0.000,0.999,0,0,999,0.000,0
2,8,2017,16,0,,27.450,20.660,70.000,89238.930,909.807,1404.770,396.579,516.760,353.356,288.000,62011.200,33568.785,31680.030,141.604,999,0.810,6.000,99,9999,99999,9,999999999,0.010,0.999,0,0,999,0.010,99
2,8,2017,17,0,,27.000,20.510,71.000,89238.930,625.036,1404.770,393.605,360.410,448.017,161.306,43249.200,42561.603,17743.651,115.535,999,1.030,7.000,99,9999,99999,9,999999999,0.050,0.999,0,0,999,0.050,99
2,8,2017,18,0,,26.090,20.210,73.000,89238.930,307.111,1404.770,387.585,182.940,592.351,54.172,21952.800,56273.305,5958.967,79.323,999,0.640,8.000,99,9999,99999,9,999999999,0.210,0.999,0,0,999,0.210,99
2,8,2017,19,0,,24.880,19.800,75.000,89238.930,0.000,1404.770,379.134,22.040,0.000,0.000,2644.800,0.000,0.000,-0.000,999,0.390,8.000,99,9999,99999,9,999999999,0.060,0.999,0,0,999,0.060,99
2,8,2017,20,0,,23.800,19.430,78.000,89238.930,0.000,1404.770,372.499,0.000,0.000,0.000,0.000,0.000,0.000,-0.000,999,0.490,8.000,99,9999,99999,9,999999999,0.290,0.999,0,0,999,0.290,99
2,8,2017,21,0,,22.720,19.040,80.000,89238.930,0.000,1404.770,365.209,0.000,0.000,0.000,0.000,0.000,0.000,-0.000,999,0.390,8.000,99,9999,99999,9,999999999,0.040,0.999,0,0,999,0.040,99
2,8,2017,22,0,,21.640,18.650,83.000,89238.930,0.000,1404.770,358.604,0.000,0.000,0.000,0.000,0.000,0.000,-0.000,999,0.640,8.000,99,9999,99999,9,999999999,0.030,0.999,0,0,999,0.030,99
2,8,2017,23,0,,20.560,18.250,86.000,89238.930,0.000,1404.770,352.007,0.000,0.000,0.000,0.000,0.000,0.000,-0.000,999,0.390,7.000,99,9999,99999,9,999999999,0.080,0.999,0,0,999,0.080,99
2,8,2017,24,0,,19.480,14.980,75.000,89238.930,0.000,1404.770,337.084,0.000,0.000,0.000,0.000,0.000,0.000,-0.000,999,0.200,7.000,99,9999,99999,9,999999999,0.000,0.999,0,0,999,0.000,0
2,9,2017,1,0,,18.940,14.880,77.000,89238.930,0.000,1404.770,334.340,0.000,0.000,0.000,0.000,0.000,0.000,-0.000,999,0.200,7.000,99,9999,99999,9,999999999,0.000,0.999,0,0,999,0.000,0
2,9,2017,2,0,,18.400,14.790,79.000,89238.930,0.000,1404.770,331.575,0.000,0.000,0.000,0.000,0.000,0.000,-0.000,999,0.200,7.000,99,9999,99999,9,999999999,0.000,0.999,0,0,999,0.000,0
2,9,2017,3,0,,17.860,14.690,81.000,89238.930,0.000,1404.770,328.793,0.000,0.000,0.000,0.000,0.000,0.000,-0.000,999,0.200,7.000,99,9999,99999,9,999999999,0.000,0.999,0,0,999,0.000,0
2,9,2017,4,0,,17.320,14.600,84.000,89238.930,0.000,1404.266,326.552,0.000,0.000,0.000,0.000,0.000,0.000,-0.000,999,0.200,7.000,99,9999,99999,9,999999999,0.000,0.999,0,0,999,0.000,0
2,9,2017,5,0,,16.780,14.500,86.000,89238.930,0.000,1404.266,323.722,0.000,0.000,0.000,0.000,0.000,0.000,-0.000,999,0.200,6.000,99,9999,99999,9,999999999,0.000,0.999,0,0,999,0.000,0
2,9,2017,6,0,,16.360,14.430,88.000,89238.930,0.000,1404.266,321.745,0.000,0.000,0.000,0.000,0.000,0.000,-0.000,999,0.200,6.000,99,9999,99999,9,999999999,0.000,0.999,0,0,999,0.000,0
2,9,2017,7,0,,16.000,14.360,90.000,89238.930,283.690,1404.266,320.182,20.030,0.000,20.030,2403.600,0.000,2203.300,31.771,999,0.200,6.000,99,9999,99999,9,999999999,0.000,0.999,0,0,999,0.000,0
2,9,2017,8,0,,15.650,14.300,91.000,89238.930,602.989,1404.266,318.174,221.110,69.852,191.154,26533.200,6635.929,21026.990,141.885,999,0.200,6.000,99,9999,99999,9,999999999,0.000,0.999,0,0,999,0.000,0
2,9,2017,9,0,,21.190,15.270,68.000,89238.930,890.680,1404.266,345.126,479.440,253.667,318.618,57532.800,24098.359,35047.936,159.970,999,0.200,2.000,99,9999,99999,9,999999999,0.000,0.999,0,0,999,0.000,0
2,9,2017,10,0,,22.930,15.570,63.000,89238.930,1126.587,1404.266,354.568,680.540,357.380,393.875,81664.800,33951.114,43326.224,156.302,999,0.220,1.000,99,9999,99999,9,999999999,0.000,0.999,0,0,999,0.000,0
2,9,2017,11,0,,24.430,15.820,58.000,89238.930,1294.507,1404.266,361.945,841.090,459.311,417.701,100930.800,43634.520,45947.164,144.239,999,0.860,0.000,99,9999,99999,9,999999999,0.000,0.999,0,0,999,0.000,0
2,9,2017,12,0,,25.580,16.010,55.000,89238.930,1382.943,1404.266,368.186,916.200,436.545,486.288,109944.000,41471.732,53491.703,157.178,999,1.600,1.000,99,9999,99999,9,999999999,0.000,0.999,0,0,999,0.000,0
2,9,2017,13,0,,26.370,16.140,53.000,89238.930,1385.835,1404.266,372.475,930.580,444.823,491.599,111669.600,42258.156,54075.888,158.563,999,2.170,2.000,99,9999,99999,9,999999999,0.000,0.999,0,0,999,0.000,0
2,9,2017,14,0,,26.890,16.220,52.000,89238.930,1302.970,1404.266,375.598,905.620,518.349,424.685,108674.400,49243.144,46715.355,145.698,999,1.700,2.000,99,9999,99999,9,999999999,0.000,0.999,0,0,999,0.000,0
2,9,2017,15,0,,27.040,16.240,51.000,89238.930,1139.987,1404.266,375.754,789.100,482.770,397.245,94692.000,45863.192,43697.001,155.785,999,1.050,3.000,99,9999,99999,9,999999999,0.000,0.999,0,0,999,0.000,0
2,9,2017,16,0,,26.720,16.190,52.000,89238.930,908.011,1404.266,374.242,613.720,645.007,196.823,73646.400,61275.704,21650.489,96.931,999,0.750,4.000,99,9999,99999,9,999999999,0.000,0.999,0,0,999,0.000,0
2,9,2017,17,0,,25.980,16.070,54.000,89238.930,622.941,1404.266,370.376,431.400,677.032,131.422,51768.000,64318.036,14456.450,94.415,999,0.420,5.000,99,9999,99999,9,999999999,0.000,0.999,0,0,999,0.000,0
2,9,2017,18,0,,24.820,15.880,57.000,89238.930,304.678,1404.266,364.088,208.020,644.543,68.979,24962.400,61231.632,7587.650,101.782,999,0.340,7.000,99,9999,99999,9,999999999,0.000,0.999,0,0,999,0.000,0
2,9,2017,19,0,,23.440,15.650,61.000,89238.930,0.000,1404.266,356.857,23.120,0.000,0.000,2774.400,0.000,0.000,-0.000,999,0.270,8.000,99,9999,99999,9,999999999,0.000,0.999,0,0,999,0.000,0
2,9,2017,20,0,,22.540,15.500,64.000,89238.930,0.000,1404.266,352.370,0.000,0.000,0.000,0.000,0.000,0.000,-0.000,999,0.200,8.000,99,9999,99999,9,999999999,0.000,0.999,0,0,999,0.000,0
2,9,2017,21,0,,21.640,15.350,67.000,89238.930,0.000,1404.266,347.800,0.000,0.000,0.000,0.000,0.000,0.000,-0.000,999,0.200,8.000,99,9999,99999,9,999999999,0.000,0.999,0,0,999,0.000,0
2,9,2017,22,0,,20.740,15.200,70.000,89238.930,0.000,1404.266,343.159,0.000,0.000,0.000,0.000,0.000,0.000,-0.000,999,0.200,8.000,99,9999,99999,9,999999999,0.000,0.999,0,0,999,0.000,0
2,9,2017,23,0,,19.830,15.040,73.000,89238.930,0.000,1404.266,338.386,0.000,0.000,0.000,0.000,0.000,0.000,-0.000,999,0.200,8.000,99,9999,99999,9,999999999,0.000,0.999,0,0,999,0.000,0
2,9,2017,24,0,,18.930,16.910,87.000,89238.930,0.000,1404.266,340.148,0.000,0.000,0.000,0.000,0.000,0.000,-0.000,999,0.370,8.000,99,9999,99999,9,999999999,0.440,0.999,0,0,999,0.440,99
2,10,2017,1,0,,18.480,16.740,88.000,89238.930,0.000,1404.266,337.324,0.000,0.000,0.000,0.000,0.000,0.000,-0.000,999,0.370,8.000,99,9999,99999,9,999999999,0.800,0.999,0,0,999,0.800,99
2,10,2017,2,0,,18.030,16.560,90.000,89238.930,0.000,1404.266,335.043,0.000,0.000,0.000,0.000,0.000,0.000,-0.000,999,0.370,8.000,99,9999,99999,9,999999999,0.220,0.999,0,0,999,0.220,99
2,10,2017,3,0,,17.580,16.380,99.000,89238.930,0.000,1404.266,336.251,0.000,0.000,0.000,0.000,0.000,0.000,-0.000,999,0.370,8.000,99,9999,99999,9,999999999,14.170,0.999,0,0,999,14.170,99
2,10,2017,4,0,,17.130,16.200,92.000,89238.930,0.000,1403.751,329.423,0.000,0.000,0.000,0.000,0.000,0.000,-0.000,999,0.370,8.000,99,9999,99999,9,999999999,0.150,0.999,0,0,999,0.150,99
2,10,2017,5,0,,16.670,16.020,93.000,89238.930,0.000,1403.751,326.556,0.000,0.000,0.000,0.000,0.000,0.000,-0.000,999,0.370,8.000,99,9999,99999,9,999999999,0.180,0.999,0,0,999,0.180,99
2,10,2017,6,0,,16.330,15.880,94.000,89238.930,0.000,1403.751,324.573,0.000,0.000,0.000,0.000,0.000,0.000,-0.000,999,0.370,8.000,99,9999,99999,9,999999999,0.120,0.999,0,0,999,0.120,99
2,10,2017,7,0,,16.030,15.760,95.000,89238.930,280.973,1403.751,322.882,12.970,0.000,12.970,1556.400,0.000,1426.700,20.766,999,0.370,8.000,99,9999,99999,9,999999999,0.010,0.999,0,0,999,0.010,99
2,10,2017,8,0,,15.730,15.630,96.000,89238.930,600.615,1403.751,321.192,156.460,7.001,153.468,18775.200,665.109,16881.519,114.322,999,0.370,8.000,99,9999,99999,9,999999999,0.280,0.999,0,0,999,0.280,99
2,10,2017,9,0,,20.390,17.460,79.000,89238.930,888.631,1403.751,346.468,321.850,48.901,290.907,38622.000,4645.586,31999.807,146.340,999,0.370,7.000,99,9999,99999,9,999999999,0.000,0.999,0,0,999,0.000,0
2,10,2017,10,0,,21.880,18.010,76.000,89238.930,1124.813,1403.751,355.978,468.980,94.493,393.276,56277.600,8976.804,43260.396,156.253,999,0.370,7.000,99,9999,99999,9,999999999,0.000,0.999,0,0,999,0.000,0
2,10,2017,11,0,,23.190,18.470,76.000,89238.930,1292.935,1403.751,366.256,583.590,66.936,521.941,70030.800,6358.920,57413.548,180.388,999,0.370,7.000,99,9999,99999,9,999999999,0.050,0.999,0,0,999,0.050,99
2,10,2017,12,0,,24.250,18.840,74.000,89238.930,1381.488,1403.751,373.314,656.650,77.713,580.171,78798.000,7382.703,63818.765,187.652,999,0.370,7.000,99,9999,99999,9,999999999,0.030,0.999,0,0,999,0.030,99
2,10,2017,13,0,,25.050,19.110,72.000,89238.930,1384.404,1403.751,378.307,682.720,90.184,593.780,81926.400,8567.465,65315.787,191.649,999,0.690,7.000,99,9999,99999,9,999999999,0.060,0.999,0,0,999,0.060,99
2,10,2017,14,0,,25.560,19.280,67.000,89238.930,1301.466,1403.751,378.552,659.910,106.756,560.937,79189.200,10141.850,61703.106,192.594,999,1.140,7.000,99,9999,99999,9,999999999,0.000,0.999,0,0,999,0.000,0
2,10,2017,15,0,,25.760,19.350,71.000,89238.930,1138.320,1403.751,383.338,589.860,159.047,460.907,70783.200,15109.426,50699.745,180.949,999,1.030,7.000,99,9999,99999,9,999999999,0.020,0.999,0,0,999,0.020,99
2,10,2017,16,0,,25.630,19.310,71.000,89238.930,906.104,1403.751,382.273,477.750,167.315,369.795,57330.000,15894.925,40677.405,182.432,999,1.190,7.000,99,9999,99999,9,999999999,0.010,0.999,0,0,999,0.010,99
2,10,2017,17,0,,25.040,19.110,72.000,89238.930,620.732,1403.751,378.226,332.330,348.610,178.362,39879.600,33117.914,19619.787,128.546,999,1.070,7.000,99,9999,99999,9,999999999,0.040,0.999,0,0,999,0.040,99
2,10,2017,18,0,,24.060,18.770,79.000,89238.930,302.134,1403.751,375.277,167.350,488.685,62.782,20082.000,46425.039,6906.073,93.394,999,0.430,8.000,99,9999,99999,9,999999999,1.310,0.999,0,0,999,1.310,99
2,10,2017,19,0,,22.830,18.340,77.000,89238.930,0.000,1403.751,364.088,18.820,0.000,0.000,2258.400,0.000,0.000,-0.000,999,0.370,8.000,99,9999,99999,9,999999999,0.580,0.999,0,0,999,0.580,99
2,10,2017,20,0,,22.170,18.110,79.000,89238.930,0.000,1403.751,360.220,0.000,0.000,0.000,0.000,0.000,0.000,-0.000,999,0.370,8.000,99,9999,99999,9,999999999,0.350,0.999,0,0,999,0.350,99
2,10,2017,21,0,,21.510,17.870,80.000,89238.930,0.000,1403.751,355.712,0.000,0.000,0.000,0.000,0.000,0.000,-0.000,999,0.370,8.000,99,9999,99999,9,999999999,0.010,0.999,0,0,999,0.010,99
2,10,2017,22,0,,20.840,17.630,82.000,89238.930,0.000,1403.751,351.774,0.000,0.000,0.000,0.000,0.000,0.000,-0.000,999,0.370,8.000,99,9999,99999,9,999999999,0.080,0.999,0,0,999,0.080,99
2,10,2017,23,0,,20.180,17.380,84.000,89238.930,0.000,1403.751,347.910,0.000,0.000,0.000,0.000,0.000,0.000,-0.000,999,0.370,8.000,99,9999,99999,9,999999999,0.100,0.999,0,0,999,0.100,99
2,10,2017,24,0,,19.520,17.740,90.000,89238.930,0.000,1403.751,346.285,0.000,0.000,0.000,0.000,0.000,0.000,-0.000,999,0.510,8.000,99,9999,99999,9,999999999,0.530,0.999,0,0,999,0.530,99
2,11,2017,1,0,,19.190,17.650,91.000,89238.930,0.000,1403.751,344.313,0.000,0.000,0.000,0.000,0.000,0.000,-0.000,999,0.510,8.000,99,9999,99999,9,999999999,0.700,0.999,0,0,999,0.700,99
2,11,2017,2,0,,18.860,17.560,99.000,89238.930,0.000,1403.751,345.948,0.000,0.000,0.000,0.000,0.000,0.000,-0.000,999,0.510,8.000,99,9999,99999,9,999999999,17.150,0.999,0,0,999,17.150,99
2,11,2017,3,0,,18.530,17.470,93.000,89238.930,0.000,1403.751,340.374,0.000,0.000,0.000,0.000,0.000,0.000,-0.000,999,0.510,8.000,99,9999,99999,9,999999999,0.180,0.999,0,0,999,0.180,99
2,11,2017,4,0,,18.200,17.370,94.000,89238.930,0.000,1403.225,338.407,0.000,0.000,0.000,0.000,0.000,0.000,-0.000,999,0.510,8.000,99,9999,99999,9,999999999,0.970,0.999,0,0,999,0.970,99
2,11,2017,5,0,,17.870,17.280,95.000,89238.930,0.000,1403.225,336.442,0.000,0.000,0.000,0.000,0.000,0.000,-0.000,999,0.510,8.000,99,9999,99999,9,999999999,0.270,0.999,0,0,999,0.270,99
2,11,2017,6,0,,17.610,17.210,95.000,89238.930,0.000,1403.225,334.500,0.000,0.000,0.000,0.000,0.000,0.000,-0.000,999,0.510,8.000,99,9999,99999,9,999999999,0.120,0.999,0,0,999,0.120,99
2,11,2017,7,0,,17.400,17.140,96.000,89238.930,278.287,1403.225,333.436,8.510,0.000,8.510,1021.200,0.000,936.100,13.754,999,0.510,8.000,99,9999,99999,9,999999999,0.090,0.999,0,0,999,0.090,99
2,11,2017,8,0,,17.180,17.080,97.000,89238.930,598.260,1403.225,332.294,107.830,0.000,107.830,12939.600,0.000,11861.300,80.612,999,0.510,8.000,99,9999,99999,9,999999999,0.420,0.999,0,0,999,0.420,99
2,11,2017,9,0,,19.560,17.750,90.000,89238.930,886.585,1403.225,346.590,222.880,11.260,215.769,26745.600,1069.701,23734.573,108.752,999,0.510,8.000,99,9999,99999,9,999999999,0.020,0.999,0,0,999,0.020,99
2,11,2017,10,0,,20.330,17.970,87.000,89238.930,1123.022,1403.225,350.813,325.250,18.792,310.213,39030.000,1785.241,34123.426,123.402,999,0.510,8.000,99,9999,99999,9,999999999,0.010,0.999,0,0,999,0.010,99
2,11,2017,11,0,,21.000,18.150,86.000,89238.930,1291.327,1403.225,355.419,405.010,31.531,375.995,48601.200,2995.461,41359.427,130.061,999,0.510,8.000,99,9999,99999,9,999999999,0.050,0.999,0,0,999,0.050,99
2,11,2017,12,0,,21.550,18.300,84.000,89238.930,1379.976,1403.225,358.513,455.840,34.756,421.660,54700.800,3301.854,46382.582,136.481,999,0.510,8.000,99,9999,99999,9,999999999,0.020,0.999,0,0,999,0.020,99
2,11,2017,13,0,,21.960,18.410,83.000,89238.930,1382.896,1403.225,361.116,473.990,38.549,436.000,56878.800,3662.152,47959.981,140.824,999,0.510,8.000,99,9999,99999,9,999999999,0.030,0.999,0,0,999,0.030,99
2,11,2017,14,0,,22.220,18.480,82.000,89238.930,1299.870,1403.225,362.538,458.120,43.647,417.689,54974.400,4146.500,45945.840,143.533,999,0.510,8.000,99,9999,99999,9,999999999,0.060,0.999,0,0,999,0.060,99
2,11,2017,15,0,,22.320,18.500,78.000,89238.930,1136.550,1403.225,360.741,409.370,38.045,378.560,49124.400,3614.312,41641.563,148.796,999,0.510,8.000,99,9999,99999,9,999999999,0.000,0.999,0,0,999,0.000,0
2,11,2017,16,0,,22.250,18.480,79.000,89238.930,904.086,1403.225,360.848,331.350,32.824,310.210,39762.000,3118.290,34123.151,153.322,999,0.510,8.000,99,9999,99999,9,999999999,0.000,0.999,0,0,999,0.000,0
2,11,2017,17,0,,21.950,18.400,83.000,89238.930,618.408,1403.225,361.037,230.170,72.950,198.060,27620.400,6930.228,21786.555,143.227,999,0.510,8.000,99,9999,99999,9,999999999,0.010,0.999,0,0,999,0.010,99
2,11,2017,18,0,,21.440,18.270,81.000,89238.930,299.480,1403.225,355.799,115.410,134.927,86.785,13849.200,12818.057,9546.295,130.208,999,0.510,8.000,99,9999,99999,9,999999999,0.000,0.999,0,0,999,0.000,0
2,11,2017,19,0,,20.810,18.100,86.000,89238.930,0.000,1403.225,353.943,12.500,0.000,0.000,1500.000,0.000,0.000,-0.000,999,0.510,8.000,99,9999,99999,9,999999999,0.150,0.999,0,0,999,0.150,99
2,11,2017,20,0,,20.370,17.980,87.000,89238.930,0.000,1403.225,351.121,0.000,0.000,0.000,0.000,0.000,0.000,-0.000,999,0.510,8.000,99,9999,99999,9,999999999,0.340,0.999,0,0,999,0.340,99
2,11,2017,21,0,,19.930,17.860,89.000,89238.930,0.000,1403.225,348.871,0.000,0.000,0.000,0.000,0.000,0.000,-0.000,999,0.510,8.000,99,9999,99999,9,999999999,0.080,0.999,0,0,999,0.080,99
2,11,2017,22,0,,19.480,17.730,90.000,89238.930,0.000,1403.225,345.979,0.000,0.000,0.000,0.000,0.000,0.000,-0.000,999,0.510,8.000,99,9999,99999,9,999999999,0.220,0.999,0,0,999,0.220,99
2,11,2017,23,0,,19.040,17.610,95.000,89238.930,0.000,1403.225,345.289,0.000,0.000,0.000,0.000,0.000,0.000,-0.000,999,0.510,8.000,99,9999,99999,9,999999999,1.580,0.999,0,0,999,1.580,99
2,11,2017,24,0,,18.600,16.930,91.000,89238.930,0.000,1403.225,339.846,0.000,0.000,0.000,0.000,0.000,0.000,-0.000,999,0.320,8.000,99,9999,99999,9,999999999,0.210,0.999,0,0,999,0.210,99
2,12,2017,1,0,,18.370,16.930,92.000,89238.930,0.000,1403.225,338.645,0.000,0.000,0.000,0.000,0.000,0.000,-0.000,999,0.320,8.000,99,9999,99999,9,999999999,0.260,0.999,0,0,999,0.260,99
2,12,2017,2,0,,18.150,16.930,97.000,89238.930,0.000,1403.225,339.552,0.000,0.000,0.000,0.000,0.000,0.000,-0.000,999,0.320,8.000,99,9999,99999,9,999999999,1.240,0.999,0,0,999,1.240,99
2,12,2017,3,0,,17.930,16.930,94.000,89238.930,0.000,1403.225,336.382,0.000,0.000,0.000,0.000,0.000,0.000,-0.000,999,0.320,8.000,99,9999,99999,9,999999999,0.330,0.999,0,0,999,0.330,99
2,12,2017,4,0,,17.710,16.930,95.000,89238.930,0.000,1402.688,335.246,0.000,0.000,0.000,0.000,0.000,0.000,-0.000,999,0.320,8.000,99,9999,99999,9,999999999,0.040,0.999,0,0,999,0.040,99
2,12,2017,5,0,,17.490,16.930,96.000,89238.930,0.000,1402.688,334.106,0.000,0.000,0.000,0.000,0.000,0.000,-0.000,999,0.320,8.000,99,9999,99999,9,999999999,0.090,0.999,0,0,999,0.090,99
2,12,2017,6,0,,17.310,16.930,97.000,89238.930,0.000,1402.688,333.260,0.000,0.000,0.000,0.000,0.000,0.000,-0.000,999,0.320,8.000,99,9999,99999,9,999999999,0.010,0.999,0,0,999,0.010,99
2,12,2017,7,0,,17.170,16.930,94.000,89238.930,275.631,1402.688,330.732,15.100,0.000,15.100,1812.000,0.000,1661.000,24.633,999,0.320,8.000,99,9999,99999,9,999999999,0.000,0.999,0,0,999,0.000,0
2,12,2017,8,0,,17.020,16.930,99.000,89238.930,595.923,1402.688,332.075,148.360,7.244,145.286,17803.200,688.198,15981.507,108.999,999,0.320,8.000,99,9999,99999,9,999999999,0.030,0.999,0,0,999,0.030,99
2,12,2017,9,0,,19.850,16.930,85.000,89238.930,884.540,1402.688,345.976,308.080,41.631,281.839,36969.600,3954.979,31002.265,142.327,999,0.330,8.000,99,9999,99999,9,999999999,0.050,0.999,0,0,999,0.050,99
2,12,2017,10,0,,20.760,16.930,77.000,89238.930,1121.213,1402.688,348.016,450.260,57.827,404.045,54031.200,5493.526,44444.956,160.926,999,0.320,7.000,99,9999,99999,9,999999999,0.000,0.999,0,0,999,0.000,0
2,12,2017,11,0,,21.560,16.930,78.000,89238.930,1289.680,1402.688,354.815,561.030,57.733,507.951,67323.600,5484.596,55874.665,175.863,999,0.320,7.000,99,9999,99999,9,999999999,0.020,0.999,0,0,999,0.020,99
2,12,2017,12,0,,22.220,16.930,75.000,89238.930,1378.406,1402.688,357.946,631.640,66.979,565.821,75796.800,6362.997,62240.335,183.281,999,0.610,7.000,99,9999,99999,9,999999999,0.060,0.999,0,0,999,0.060,99
2,12,2017,13,0,,22.710,16.930,73.000,89238.930,1381.313,1402.688,360.384,656.830,77.736,580.279,78819.600,7384.904,63830.741,187.569,999,0.890,7.000,99,9999,99999,9,999999999,0.140,0.999,0,0,999,0.140,99
2,12,2017,14,0,,23.020,16.930,72.000,89238.930,1298.183,1402.688,362.102,634.770,92.183,549.459,76172.400,8757.416,60440.472,188.987,999,1.290,7.000,99,9999,99999,9,999999999,0.010,0.999,0,0,999,0.010,99
2,12,2017,15,0,,23.140,16.930,68.000,89238.930,1134.677,1402.688,360.093,567.060,137.890,455.534,68047.200,13099.591,50108.693,179.278,999,1.470,7.000,99,9999,99999,9,999999999,0.000,0.999,0,0,999,0.000,0
2,12,2017,16,0,,23.060,16.930,68.000,89238.930,901.956,1402.688,359.469,458.690,146.071,364.803,55042.800,13876.705,40128.309,180.661,999,1.490,7.000,99,9999,99999,9,999999999,0.000,0.999,0,0,999,0.000,0
2,12,2017,17,0,,22.700,16.930,73.000,89238.930,615.972,1402.688,360.306,318.140,308.124,182.996,38176.800,29271.810,20129.603,132.808,999,0.640,8.000,99,9999,99999,9,999999999,0.760,0.999,0,0,999,0.760,99
2,12,2017,18,0,,22.090,16.930,76.000,89238.930,296.717,1402.688,357.610,158.810,445.447,65.152,19057.200,42317.482,7166.728,98.635,999,0.340,8.000,99,9999,99999,9,999999999,0.170,0.999,0,0,999,0.170,99
2,12,2017,19,0,,21.340,16.930,79.000,89238.930,0.000,1402.688,353.757,16.510,0.000,0.000,1981.200,0.000,0.000,-0.000,999,0.320,8.000,99,9999,99999,9,999999999,0.550,0.999,0,0,999,0.550,99
2,12,2017,20,0,,20.900,16.930,80.000,89238.930,0.000,1402.688,350.997,0.000,0.000,0.000,0.000,0.000,0.000,-0.000,999,0.320,8.000,99,9999,99999,9,999999999,0.070,0.999,0,0,999,0.070,99
2,12,2017,21,0,,20.460,16.930,82.000,89238.930,0.000,1402.688,348.854,0.000,0.000,0.000,0.000,0.000,0.000,-0.000,999,0.320,8.000,99,9999,99999,9,999999999,0.110,0.999,0,0,999,0.110,99
2,12,2017,22,0,,20.020,16.930,84.000,89238.930,0.000,1402.688,346.687,0.000,0.000,0.000,0.000,0.000,0.000,-0.000,999,0.320,8.000,99,9999,99999,9,999999999,0.420,0.999,0,0,999,0.420,99
2,12,2017,23,0,,19.580,16.930,95.000,89238.930,0.000,1402.688,349.432,0.000,0.000,0.000,0.000,0.000,0.000,-0.000,999,0.320,8.000,99,9999,99999,9,999999999,13.420,0.999,0,0,999,13.420,99
2,12,2017,24,0,,19.140,17.370,89.000,89238.930,0.000,1402.688,342.843,0.000,0.000,0.000,0.000,0.000,0.000,-0.000,999,0.080,8.000,99,9999,99999,9,999999999,0.000,0.999,0,0,999,0.000,0
2,13,2017,1,0,,18.920,17.390,90.000,89238.930,0.000,1402.688,341.724,0.000,0.000,0.000,0.000,0.000,0.000,-0.000,999,0.080,8.000,99,9999,99999,9,999999999,0.000,0.999,0,0,999,0.000,0
2,13,2017,2,0,,18.700,17.400,92.000,89238.930,0.000,1402.688,341.132,0.000,0.000,0.000,0.000,0.000,0.000,-0.000,999,0.080,8.000,99,9999,99999,9,999999999,0.000,0.999,0,0,999,0.000,0
2,13,2017,3,0,,18.480,17.420,93.000,89238.930,0.000,1402.688,339.997,0.000,0.000,0.000,0.000,0.000,0.000,-0.000,999,0.080,8.000,99,9999,99999,9,999999999,0.000,0.999,0,0,999,0.000,0
2,13,2017,4,0,,18.260,17.430,94.000,89238.930,0.000,1402.139,338.858,0.000,0.000,0.000,0.000,0.000,0.000,-0.000,999,0.080,8.000,99,9999,99999,9,999999999,0.000,0.999,0,0,999,0.000,0
2,13,2017,5,0,,18.040,17.450,96.000,89238.930,0.000,1402.139,338.222,0.000,0.000,0.000,0.000,0.000,0.000,-0.000,999,0.080,8.000,99,9999,99999,9,999999999,0.000,0.999,0,0,999,0.000,0
2,13,2017,6,0,,17.870,17.460,97.000,89238.930,0.000,1402.139,337.445,0.000,0.000,0.000,0.000,0.000,0.000,-0.000,999,0.080,8.000,99,9999,99999,9,999999999,0.000,0.999,0,0,999,0.000,0
2,13,2017,7,0,,17.720,17.470,98.000,89238.930,273.005,1402.139,336.813,11.390,0.000,11.390,1366.800,0.000,1252.900,18.755,999,0.080,8.000,99,9999,99999,9,999999999,0.000,0.999,0,0,999,0.000,0
2,13,2017,8,0,,17.580,17.480,99.000,89238.930,593.602,1402.139,336.251,159.790,15.832,153.096,19174.800,1504.033,16840.607,115.263,999,0.080,8.000,99,9999,99999,9,999999999,0.000,0.999,0,0,999,0.000,0
2,13,2017,9,0,,20.950,17.240,79.000,89238.930,882.495,1402.139,350.750,333.360,58.436,296.597,40003.200,5551.411,32625.708,150.069,999,0.080,7.000,99,9999,99999,9,999999999,0.000,0.999,0,0,999,0.000,0
2,13,2017,10,0,,22.050,17.170,73.000,89238.930,1119.385,1402.139,355.249,487.920,113.242,397.529,58550.400,10757.989,43728.237,158.527,999,0.100,7.000,99,9999,99999,9,999999999,0.000,0.999,0,0,999,0.000,0
2,13,2017,11,0,,23.010,17.100,69.000,89238.930,1287.994,1402.139,359.829,608.350,80.580,534.334,73002.000,7655.128,58776.696,185.167,999,0.430,6.000,99,9999,99999,9,999999999,0.000,0.999,0,0,999,0.000,0
2,13,2017,12,0,,23.800,17.040,65.000,89238.930,1376.777,1402.139,362.923,685.090,93.830,592.958,82210.800,8913.893,65225.355,192.223,999,0.790,6.000,99,9999,99999,9,999999999,0.000,0.999,0,0,999,0.000,0
2,13,2017,13,0,,24.390,17.000,63.000,89238.930,1379.651,1402.139,365.931,712.470,109.005,605.214,85496.400,10355.467,66573.580,195.788,999,1.500,6.000,99,9999,99999,9,999999999,0.000,0.999,0,0,999,0.000,0
2,13,2017,14,0,,24.760,16.980,61.000,89238.930,1296.403,1402.139,367.159,688.460,128.866,569.318,82615.200,12242.275,62624.959,196.010,999,1.700,6.000,99,9999,99999,9,999999999,0.000,0.999,0,0,999,0.000,0
2,13,2017,15,0,,24.910,16.960,61.000,89238.930,1132.699,1402.139,368.344,614.820,191.281,460.321,73778.400,18171.666,50635.277,181.408,999,2.470,6.000,99,9999,99999,9,999999999,0.000,0.999,0,0,999,0.000,0
2,13,2017,16,0,,24.810,16.970,61.000,89238.930,899.716,1402.139,367.554,496.970,320.235,291.570,59636.400,30422.290,32072.693,144.697,999,1.690,7.000,99,9999,99999,9,999999999,0.000,0.999,0,0,999,0.000,0
2,13,2017,17,0,,24.370,17.000,63.000,89238.930,613.425,1402.139,365.774,344.170,411.722,164.267,41300.400,39113.637,18069.329,119.664,999,1.350,7.000,99,9999,99999,9,999999999,0.000,0.999,0,0,999,0.000,0
2,13,2017,18,0,,23.650,17.050,66.000,89238.930,293.847,1402.139,362.538,171.000,517.923,63.127,20520.000,49202.706,6943.975,96.476,999,0.660,8.000,99,9999,99999,9,999999999,0.000,0.999,0,0,999,0.000,0
2,13,2017,19,0,,22.750,17.120,70.000,89238.930,0.000,1402.139,358.542,17.020,0.000,0.000,2042.400,0.000,0.000,-0.000,999,0.240,8.000,99,9999,99999,9,999999999,0.000,0.999,0,0,999,0.000,0
2,13,2017,20,0,,21.670,17.190,75.000,89238.930,0.000,1402.139,353.681,0.000,0.000,0.000,0.000,0.000,0.000,-0.000,999,0.200,8.000,99,9999,99999,9,999999999,0.000,0.999,0,0,999,0.000,0
2,13,2017,21,0,,20.580,17.270,81.000,89238.930,0.000,1402.139,349.161,0.000,0.000,0.000,0.000,0.000,0.000,-0.000,999,0.080,8.000,99,9999,99999,9,999999999,0.000,0.999,0,0,999,0.000,0
2,13,2017,22,0,,19.500,17.350,87.000,89238.930,0.000,1402.139,344.460,0.000,0.000,0.000,0.000,0.000,0.000,-0.000,999,0.080,8.000,99,9999,99999,9,999999999,0.000,0.999,0,0,999,0.000,0
2,13,2017,23,0,,18.420,17.420,93.000,89238.930,0.000,1402.139,339.545,0.000,0.000,0.000,0.000,0.000,0.000,-0.000,999,0.080,8.000,99,9999,99999,9,999999999,0.000,0.999,0,0,999,0.000,0
2,13,2017,24,0,,17.330,15.150,88.000,89238.930,0.000,1402.139,328.803,0.000,0.000,0.000,0.000,0.000,0.000,-0.000,999,0.050,8.000,99,9999,99999,9,999999999,0.040,0.999,0,0,999,0.040,99
2,14,2017,1,0,,16.790,14.910,90.000,89238.930,0.000,1402.139,325.904,0.000,0.000,0.000,0.000,0.000,0.000,-0.000,999,0.050,8.000,99,9999,99999,9,999999999,0.020,0.999,0,0,999,0.020,99
2,14,2017,2,0,,16.250,14.670,91.000,89238.930,0.000,1402.139,322.493,0.000,0.000,0.000,0.000,0.000,0.000,-0.000,999,0.050,8.000,99,9999,99999,9,999999999,0.010,0.999,0,0,999,0.010,99
2,14,2017,3,0,,15.710,14.430,88.000,89238.930,0.000,1402.139,317.081,0.000,0.000,0.000,0.000,0.000,0.000,-0.000,999,0.050,8.000,99,9999,99999,9,999999999,0.000,0.999,0,0,999,0.000,0
2,14,2017,4,0,,15.170,14.190,94.000,89238.930,0.000,1401.580,316.212,0.000,0.000,0.000,0.000,0.000,0.000,-0.000,999,0.050,8.000,99,9999,99999,9,999999999,0.010,0.999,0,0,999,0.010,99
2,14,2017,5,0,,14.630,13.940,91.000,89238.930,0.000,1401.580,310.933,0.000,0.000,0.000,0.000,0.000,0.000,-0.000,999,0.050,8.000,99,9999,99999,9,999999999,0.000,0.999,0,0,999,0.000,0
2,14,2017,6,0,,14.210,13.740,93.000,89238.930,0.000,1401.580,308.947,0.000,0.000,0.000,0.000,0.000,0.000,-0.000,999,0.050,8.000,99,9999,99999,9,999999999,0.000,0.999,0,0,999,0.000,0
2,14,2017,7,0,,13.850,13.570,94.000,89238.930,270.409,1401.580,306.901,9.910,0.000,9.910,1189.200,0.000,1090.100,16.470,999,0.050,8.000,99,9999,99999,9,999999999,0.000,0.999,0,0,999,0.000,0
2,14,2017,8,0,,13.490,13.400,99.000,89238.930,591.298,1401.580,306.661,146.490,3.770,144.902,17578.800,358.121,15939.196,109.476,999,0.050,8.000,99,9999,99999,9,999999999,0.010,0.999,0,0,999,0.010,99
2,14,2017,9,0,,18.150,15.500,86.000,89238.930,880.450,1401.580,333.763,307.040,56.113,271.807,36844.800,5330.741,29898.720,137.790,999,0.120,8.000,99,9999,99999,9,999999999,0.020,0.999,0,0,999,0.020,99
2,14,2017,10,0,,19.680,16.130,78.000,89238.930,1117.537,1401.580,340.477,450.050,69.852,394.363,54006.000,6635.970,43379.960,157.462,999,0.350,7.000,99,9999,99999,9,999999999,0.000,0.999,0,0,999,0.000,0
2,14,2017,11,0,,21.010,16.670,75.000,89238.930,1286.268,1401.580,348.614,561.470,58.587,507.706,67376.400,5565.753,55847.682,176.106,999,0.820,7.000,99,9999,99999,9,999999999,0.000,0.999,0,0,999,0.000,0
2,14,2017,12,0,,22.110,17.100,72.000,89238.930,1375.088,1401.580,355.013,632.480,68.054,565.713,75897.600,6465.114,62228.457,183.543,999,1.130,7.000,99,9999,99999,9,999999999,0.000,0.999,0,0,999,0.000,0
2,14,2017,13,0,,22.920,17.410,70.000,89238.930,1377.912,1401.580,359.867,657.780,79.049,580.067,78933.600,7509.617,63807.374,187.814,999,0.850,7.000,99,9999,99999,9,999999999,0.000,0.999,0,0,999,0.000,0
2,14,2017,14,0,,23.440,17.610,69.000,89238.930,1294.529,1401.580,363.195,635.540,93.804,548.905,76264.800,8911.338,60379.593,189.180,999,0.910,7.000,99,9999,99999,9,999999999,0.000,0.999,0,0,999,0.000,0
2,14,2017,15,0,,23.650,17.680,69.000,89238.930,1130.617,1401.580,364.848,567.350,140.384,454.124,68082.000,13336.478,49953.620,179.224,999,1.120,7.000,99,9999,99999,9,999999999,0.000,0.999,0,0,999,0.000,0
2,14,2017,16,0,,23.510,17.630,69.000,89238.930,897.367,1401.580,363.746,458.270,148.814,363.031,54992.400,14137.370,39933.438,180.562,999,1.320,7.000,99,9999,99999,9,999999999,0.000,0.999,0,0,999,0.000,0
2,14,2017,17,0,,22.900,17.400,75.000,89238.930,610.768,1401.580,363.273,316.850,314.292,180.061,38022.000,29857.722,19806.740,131.690,999,1.350,8.000,99,9999,99999,9,999999999,0.010,0.999,0,0,999,0.010,99
2,14,2017,18,0,,21.900,17.020,73.000,89238.930,290.873,1401.580,354.090,156.660,455.304,62.763,18799.200,43253.911,6903.970,96.874,999,1.110,8.000,99,9999,99999,9,999999999,0.000,0.999,0,0,999,0.000,0
2,14,2017,19,0,,20.650,16.530,76.000,89238.930,0.000,1401.580,346.530,14.880,0.000,0.000,1785.600,0.000,0.000,-0.000,999,0.750,8.000,99,9999,99999,9,999999999,0.000,0.999,0,0,999,0.000,0
2,14,2017,20,0,,19.770,16.170,82.000,89238.930,0.000,1401.580,343.599,0.000,0.000,0.000,0.000,0.000,0.000,-0.000,999,0.350,8.000,99,9999,99999,9,999999999,0.030,0.999,0,0,999,0.030,99
2,14,2017,21,0,,18.890,15.810,84.000,89238.930,0.000,1401.580,338.147,0.000,0.000,0.000,0.000,0.000,0.000,-0.000,999,0.520,8.000,99,9999,99999,9,999999999,0.010,0.999,0,0,999,0.010,99
2,14,2017,22,0,,18.020,15.440,86.000,89238.930,0.000,1401.580,332.800,0.000,0.000,0.000,0.000,0.000,0.000,-0.000,999,0.430,8.000,99,9999,99999,9,999999999,0.070,0.999,0,0,999,0.070,99
2,14,2017,23,0,,17.140,15.060,89.000,89238.930,0.000,1401.580,327.940,0.000,0.000,0.000,0.000,0.000,0.000,-0.000,999,0.620,8.000,99,9999,99999,9,999999999,0.770,0.999,0,0,999,0.770,99
2,14,2017,24,0,,16.260,12.850,80.000,89238.930,0.000,1401.580,316.683,0.000,0.000,0.000,0.000,0.000,0.000,-0.000,999,1.650,8.000,99,9999,99999,9,999999999,0.000,0.999,0,0,999,0.000,0
2,15,2017,1,0,,15.830,12.740,81.000,89238.930,0.000,1401.580,314.196,0.000,0.000,0.000,0.000,0.000,0.000,-0.000,999,1.420,8.000,99,9999,99999,9,999999999,0.000,0.999,0,0,999,0.000,0
2,15,2017,2,0,,15.390,12.630,83.000,89238.930,0.000,1401.580,312.185,0.000,0.000,0.000,0.000,0.000,0.000,-0.000,999,1.740,8.000,99,9999,99999,9,999999999,0.000,0.999,0,0,999,0.000,0
2,15,2017,3,0,,14.950,12.510,85.000,89238.930,0.000,1401.580,310.154,0.000,0.000,0.000,0.000,0.000,0.000,-0.000,999,2.070,8.000,99,9999,99999,9,999999999,0.000,0.999,0,0,999,0.000,0
2,15,2017,4,0,,14.510,12.390,87.000,89238.930,0.000,1401.010,308.105,0.000,0.000,0.000,0.000,0.000,0.000,-0.000,999,2.350,8.000,99,9999,99999,9,999999999,0.000,0.999,0,0,999,0.000,0
2,15,2017,5,0,,14.070,12.280,88.000,89238.930,0.000,1401.010,305.546,0.000,0.000,0.000,0.000,0.000,0.000,-0.000,999,2.190,8.000,99,9999,99999,9,999999999,0.000,0.999,0,0,999,0.000,0
2,15,2017,6,0,,13.730,12.190,90.000,89238.930,0.000,1401.010,304.170,0.000,0.000,0.000,0.000,0.000,0.000,-0.000,999,1.870,8.000,99,9999,99999,9,999999999,0.000,0.999,0,0,999,0.000,0
2,15,2017,7,0,,13.440,12.110,91.000,89238.930,267.842,1401.010,302.647,12.550,0.000,12.550,1506.000,0.000,1380.500,21.052,999,0.650,8.000,99,9999,99999,9,999999999,0.000,0.999,0,0,999,0.000,0
2,15,2017,8,0,,13.150,12.030,92.000,89238.930,589.009,1401.010,301.123,159.920,9.913,155.758,19190.400,941.697,17133.405,118.089,999,0.860,8.000,99,9999,99999,9,999999999,0.000,0.999,0,0,999,0.000,0
2,15,2017,9,0,,18.670,13.460,71.000,89238.930,878.402,1401.010,328.517,366.440,93.783,307.667,43972.800,8909.423,33843.317,156.270,999,1.140,6.000,99,9999,99999,9,999999999,0.000,0.999,0,0,999,0.000,0
2,15,2017,10,0,,20.820,13.990,64.000,89238.930,1115.668,1401.010,339.389,569.860,181.582,425.285,68383.200,17250.283,46781.373,170.024,999,1.440,5.000,99,9999,99999,9,999999999,0.000,0.999,0,0,999,0.000,0
2,15,2017,11,0,,22.630,14.420,59.000,89238.930,1284.500,1401.010,348.981,711.390,153.410,570.745,85366.800,14573.992,62781.973,198.164,999,2.930,5.000,99,9999,99999,9,999999999,0.000,0.999,0,0,999,0.000,0
2,15,2017,12,0,,23.850,14.700,56.000,89238.930,1373.338,1401.010,355.661,742.500,208.580,538.042,89100.000,19815.108,59184.636,174.717,999,4.980,5.000,99,9999,99999,9,999999999,0.000,0.999,0,0,999,0.000,0
2,15,2017,13,0,,24.990,14.960,53.000,89238.930,1376.094,1401.010,361.641,836.540,318.702,523.510,100384.800,30276.649,57586.057,169.657,999,9.150,4.000,99,9999,99999,9,999999999,0.000,0.999,0,0,999,0.000,0
2,15,2017,14,0,,25.960,15.180,51.000,89238.930,1292.563,1401.010,367.207,888.740,474.570,450.927,106648.800,45084.162,49601.973,155.585,999,11.270,2.000,99,9999,99999,9,999999999,0.000,0.999,0,0,999,0.000,0
2,15,2017,15,0,,26.460,15.300,50.000,89238.930,1128.433,1401.010,370.097,800.920,646.894,279.967,96110.400,61454.913,30796.403,110.660,999,15.370,2.000,99,9999,99999,9,999999999,0.000,0.999,0,0,999,0.000,0
2,15,2017,16,0,,26.450,15.290,50.000,89238.930,894.909,1401.010,370.018,630.520,730.685,163.987,75662.400,69415.054,18038.546,81.754,999,12.250,3.000,99,9999,99999,9,999999999,0.000,0.999,0,0,999,0.000,0
2,15,2017,17,0,,25.780,15.140,51.000,89238.930,608.001,1401.010,365.797,448.390,674.908,155.866,53806.800,64116.242,17145.270,114.468,999,8.410,4.000,99,9999,99999,9,999999999,0.000,0.999,0,0,999,0.000,0
2,15,2017,18,0,,24.560,14.870,54.000,89238.930,287.795,1401.010,359.273,236.760,606.536,112.964,28411.200,57620.895,12426.093,176.175,999,4.600,5.000,99,9999,99999,9,999999999,0.000,0.999,0,0,999,0.000,0
2,15,2017,19,0,,22.910,14.480,59.000,89238.930,0.000,1401.010,351.108,28.230,0.000,0.000,3387.600,0.000,0.000,-0.000,999,2.610,8.000,99,9999,99999,9,999999999,0.000,0.999,0,0,999,0.000,0
2,15,2017,20,0,,21.970,14.260,61.000,89238.930,0.000,1401.010,345.648,0.000,0.000,0.000,0.000,0.000,0.000,-0.000,999,1.310,8.000,99,9999,99999,9,999999999,0.000,0.999,0,0,999,0.000,0
2,15,2017,21,0,,21.030,14.040,64.000,89238.930,0.000,1401.010,340.954,0.000,0.000,0.000,0.000,0.000,0.000,-0.000,999,1.190,8.000,99,9999,99999,9,999999999,0.000,0.999,0,0,999,0.000,0
2,15,2017,22,0,,20.080,13.810,67.000,89238.930,0.000,1401.010,336.110,0.000,0.000,0.000,0.000,0.000,0.000,-0.000,999,1.010,8.000,99,9999,99999,9,999999999,0.000,0.999,0,0,999,0.000,0
2,15,2017,23,0,,19.140,13.580,70.000,89238.930,0.000,1401.010,331.281,0.000,0.000,0.000,0.000,0.000,0.000,-0.000,999,0.370,8.000,99,9999,99999,9,999999999,0.000,0.999,0,0,999,0.000,0
2,15,2017,24,0,,18.200,14.590,79.000,89238.930,0.000,1401.010,330.106,0.000,0.000,0.000,0.000,0.000,0.000,-0.000,999,0.070,8.000,99,9999,99999,9,999999999,0.000,0.999,0,0,999,0.000,0
2,16,2017,1,0,,17.730,14.480,81.000,89238.930,0.000,1401.010,327.842,0.000,0.000,0.000,0.000,0.000,0.000,-0.000,999,0.130,8.000,99,9999,99999,9,999999999,0.000,0.999,0,0,999,0.000,0
2,16,2017,2,0,,17.260,14.380,83.000,89238.930,0.000,1401.010,325.558,0.000,0.000,0.000,0.000,0.000,0.000,-0.000,999,0.120,7.000,99,9999,99999,9,999999999,0.000,0.999,0,0,999,0.000,0
2,16,2017,3,0,,16.780,14.270,85.000,89238.930,0.000,1401.010,323.181,0.000,0.000,0.000,0.000,0.000,0.000,-0.000,999,0.160,7.000,99,9999,99999,9,999999999,0.000,0.999,0,0,999,0.000,0
2,16,2017,4,0,,16.310,14.160,87.000,89238.930,0.000,1400.430,320.860,0.000,0.000,0.000,0.000,0.000,0.000,-0.000,999,0.110,7.000,99,9999,99999,9,999999999,0.000,0.999,0,0,999,0.000,0
2,16,2017,5,0,,15.840,14.050,89.000,89238.930,0.000,1400.430,318.524,0.000,0.000,0.000,0.000,0.000,0.000,-0.000,999,0.110,7.000,99,9999,99999,9,999999999,0.000,0.999,0,0,999,0.000,0
2,16,2017,6,0,,15.480,13.970,90.000,89238.930,0.000,1400.430,316.458,0.000,0.000,0.000,0.000,0.000,0.000,-0.000,999,0.080,7.000,99,9999,99999,9,999999999,0.000,0.999,0,0,999,0.000,0
2,16,2017,7,0,,15.160,13.890,92.000,89238.930,265.305,1400.430,315.171,13.900,0.000,13.900,1668.000,0.000,1529.000,23.533,999,0.100,7.000,99,9999,99999,9,999999999,0.000,0.999,0,0,999,0.000,0
2,16,2017,8,0,,14.850,13.820,93.000,89238.930,586.735,1400.430,313.456,183.890,51.545,162.324,22066.800,4896.798,17855.615,123.494,999,0.140,7.000,99,9999,99999,9,999999999,0.000,0.999,0,0,999,0.000,0
2,16,2017,9,0,,22.260,15.480,65.000,89238.930,876.352,1400.430,351.008,663.850,731.685,206.190,79662.000,69510.041,22680.864,104.930,999,0.690,0.000,99,9999,99999,9,999999999,0.000,0.999,0,0,999,0.000,0
2,16,2017,10,0,,24.620,15.980,58.000,89238.930,1113.776,1400.430,363.428,829.840,718.604,258.425,99580.800,68267.357,28426.718,103.448,999,0.760,0.000,99,9999,99999,9,999999999,0.000,0.999,0,0,999,0.000,0
2,16,2017,11,0,,25.650,16.190,55.000,89238.930,1282.690,1400.430,368.738,794.730,376.640,449.775,95367.600,35780.779,49475.287,156.318,999,1.100,2.000,99,9999,99999,9,999999999,0.000,0.999,0,0,999,0.000,0
2,16,2017,12,0,,25.910,16.250,55.000,89238.930,1371.526,1400.430,370.793,693.170,213.272,484.302,83180.400,20260.878,53273.224,157.409,999,1.190,6.000,99,9999,99999,9,999999999,0.000,0.999,0,0,999,0.000,0
2,16,2017,13,0,,26.540,16.370,53.000,89238.930,1374.197,1400.430,373.827,848.590,352.661,502.539,101830.800,33502.769,55279.312,163.019,999,1.540,4.000,99,9999,99999,9,999999999,0.000,0.999,0,0,999,0.000,0
2,16,2017,14,0,,26.290,16.320,54.000,89238.930,1290.504,1400.430,372.835,611.220,172.901,451.899,73346.400,16425.612,49708.884,156.105,999,1.950,7.000,99,9999,99999,9,999999999,0.000,0.999,0,0,999,0.000,0
2,16,2017,15,0,,25.990,16.260,55.000,89238.930,1126.145,1400.430,371.427,579.760,228.985,395.653,69571.200,21753.609,43521.805,156.639,999,1.970,7.000,99,9999,99999,9,999999999,0.000,0.999,0,0,999,0.000,0
2,16,2017,16,0,,24.940,16.050,57.000,89238.930,892.343,1400.430,365.027,331.220,35.254,308.766,39746.400,3349.087,33964.300,154.311,999,0.940,8.000,99,9999,99999,9,999999999,0.000,0.999,0,0,999,0.000,0
2,16,2017,17,0,,23.700,15.790,61.000,89238.930,605.128,1400.430,358.869,197.000,30.350,183.902,23640.000,2883.238,20229.268,135.645,999,0.550,8.000,99,9999,99999,9,999999999,0.000,0.999,0,0,999,0.000,0
2,16,2017,18,0,,22.580,15.550,64.000,89238.930,284.617,1400.430,352.677,160.290,355.056,88.603,19234.800,33730.320,9746.308,139.686,999,0.150,8.000,99,9999,99999,9,999999999,0.000,0.999,0,0,999,0.000,0
2,16,2017,19,0,,21.980,15.420,66.000,89238.930,0.000,1400.430,349.636,15.940,0.000,0.000,1912.800,0.000,0.000,-0.000,999,0.090,8.000,99,9999,99999,9,999999999,0.000,0.999,0,0,999,0.000,0
2,16,2017,20,0,,21.380,15.290,68.000,89238.930,0.000,1400.430,346.563,0.000,0.000,0.000,0.000,0.000,0.000,-0.000,999,0.070,8.000,99,9999,99999,9,999999999,0.000,0.999,0,0,999,0.000,0
2,16,2017,21,0,,20.780,15.160,70.000,89238.930,0.000,1400.430,343.460,0.000,0.000,0.000,0.000,0.000,0.000,-0.000,999,0.070,8.000,99,9999,99999,9,999999999,0.000,0.999,0,0,999,0.000,0
2,16,2017,22,0,,20.180,15.030,72.000,89238.930,0.000,1400.430,340.332,0.000,0.000,0.000,0.000,0.000,0.000,-0.000,999,0.070,8.000,99,9999,99999,9,999999999,0.000,0.999,0,0,999,0.000,0
2,16,2017,23,0,,19.580,14.900,74.000,89238.930,0.000,1400.430,337.181,0.000,0.000,0.000,0.000,0.000,0.000,-0.000,999,0.080,8.000,99,9999,99999,9,999999999,0.000,0.999,0,0,999,0.000,0
2,16,2017,24,0,,18.980,17.350,90.000,89238.930,0.000,1400.430,342.178,0.000,0.000,0.000,0.000,0.000,0.000,-0.000,999,0.180,8.000,99,9999,99999,9,999999999,0.000,0.999,0,0,999,0.000,0
2,17,2017,1,0,,18.680,17.260,91.000,89238.930,0.000,1400.430,340.449,0.000,0.000,0.000,0.000,0.000,0.000,-0.000,999,0.180,8.000,99,9999,99999,9,999999999,0.000,0.999,0,0,999,0.000,0
2,17,2017,2,0,,18.380,17.180,92.000,89238.930,0.000,1400.430,338.720,0.000,0.000,0.000,0.000,0.000,0.000,-0.000,999,0.180,8.000,99,9999,99999,9,999999999,0.000,0.999,0,0,999,0.000,0
2,17,2017,3,0,,18.080,17.100,93.000,89238.930,0.000,1400.430,336.991,0.000,0.000,0.000,0.000,0.000,0.000,-0.000,999,0.180,8.000,99,9999,99999,9,999999999,0.000,0.999,0,0,999,0.000,0
2,17,2017,4,0,,17.780,17.020,95.000,89238.930,0.000,1399.839,335.768,0.000,0.000,0.000,0.000,0.000,0.000,-0.000,999,0.180,8.000,99,9999,99999,9,999999999,0.000,0.999,0,0,999,0.000,0
2,17,2017,5,0,,17.480,16.930,96.000,89238.930,0.000,1399.839,334.031,0.000,0.000,0.000,0.000,0.000,0.000,-0.000,999,0.180,8.000,99,9999,99999,9,999999999,0.000,0.999,0,0,999,0.000,0
2,17,2017,6,0,,17.250,16.870,97.000,89238.930,0.000,1399.839,332.814,0.000,0.000,0.000,0.000,0.000,0.000,-0.000,999,0.180,8.000,99,9999,99999,9,999999999,0.000,0.999,0,0,999,0.000,0
2,17,2017,7,0,,17.050,16.810,98.000,89238.930,262.797,1399.839,331.816,8.420,0.000,8.420,1010.400,0.000,926.200,14.387,999,0.180,8.000,99,9999,99999,9,999999999,0.000,0.999,0,0,999,0.000,0
2,17,2017,8,0,,16.850,16.760,99.000,89238.930,584.475,1399.839,330.815,144.670,3.599,143.170,17360.400,341.877,15748.646,109.298,999,0.180,8.000,99,9999,99999,9,999999999,0.000,0.999,0,0,999,0.000,0
2,17,2017,9,0,,20.270,17.690,85.000,89238.930,874.298,1399.839,349.189,306.820,43.147,279.884,36818.400,4098.991,30787.223,142.707,999,0.180,7.000,99,9999,99999,9,999999999,0.000,0.999,0,0,999,0.000,0
2,17,2017,10,0,,21.410,17.990,80.000,89238.930,1111.861,1399.839,354.936,451.300,85.269,383.584,54156.000,8100.598,42194.243,153.749,999,0.180,7.000,99,9999,99999,9,999999999,0.000,0.999,0,0,999,0.000,0
2,17,2017,11,0,,22.400,18.250,77.000,89238.930,1280.836,1399.839,360.704,563.810,60.688,508.285,67657.200,5765.341,55911.303,176.834,999,0.610,7.000,99,9999,99999,9,999999999,0.000,0.999,0,0,999,0.000,0
2,17,2017,12,0,,23.210,18.460,74.000,89238.930,1369.651,1399.839,365.022,635.460,70.587,566.396,76255.200,6705.784,62303.558,184.266,999,1.100,7.000,99,9999,99999,9,999999999,0.000,0.999,0,0,999,0.000,0
2,17,2017,13,0,,23.820,18.610,72.000,89238.930,1372.220,1399.839,368.423,660.900,82.087,580.433,79308.000,7798.283,63847.672,188.479,999,1.640,7.000,99,9999,99999,9,999999999,0.000,0.999,0,0,999,0.000,0
2,17,2017,14,0,,24.210,18.710,71.000,89238.930,1288.350,1399.839,370.794,638.270,97.514,548.527,76592.400,9263.837,60337.982,189.721,999,1.210,7.000,99,9999,99999,9,999999999,0.000,0.999,0,0,999,0.000,0
2,17,2017,15,0,,24.360,18.750,70.000,89238.930,1123.754,1399.839,371.241,569.210,146.133,451.918,68305.200,13882.603,49710.934,179.220,999,1.460,7.000,99,9999,99999,9,999999999,0.000,0.999,0,0,999,0.000,0
2,17,2017,16,0,,24.260,18.720,71.000,89238.930,889.669,1399.839,371.194,458.830,194.507,335.264,55059.600,18478.174,36879.076,167.987,999,1.330,7.000,99,9999,99999,9,999999999,0.000,0.999,0,0,999,0.000,0
2,17,2017,17,0,,23.800,18.610,72.000,89238.930,602.148,1399.839,368.264,315.810,328.912,174.508,37897.200,31246.650,19195.934,129.300,999,1.450,7.000,99,9999,99999,9,999999999,0.000,0.999,0,0,999,0.000,0
2,17,2017,18,0,,23.050,18.420,75.000,89238.930,281.340,1399.839,364.457,153.960,442.437,65.635,18475.200,42031.554,7219.811,104.653,999,0.500,8.000,99,9999,99999,9,999999999,0.000,0.999,0,0,999,0.000,0
2,17,2017,19,0,,22.380,18.240,77.000,89238.930,0.000,1399.839,360.547,12.620,0.000,0.000,1514.400,0.000,0.000,-0.000,999,0.240,8.000,99,9999,99999,9,999999999,0.000,0.999,0,0,999,0.000,0
2,17,2017,20,0,,21.720,18.070,79.000,89238.930,0.000,1399.839,356.705,0.000,0.000,0.000,0.000,0.000,0.000,-0.000,999,0.180,8.000,99,9999,99999,9,999999999,0.000,0.999,0,0,999,0.000,0
2,17,2017,21,0,,21.050,17.900,82.000,89238.930,0.000,1399.839,353.396,0.000,0.000,0.000,0.000,0.000,0.000,-0.000,999,0.180,8.000,99,9999,99999,9,999999999,0.000,0.999,0,0,999,0.000,0
2,17,2017,22,0,,20.380,17.720,84.000,89238.930,0.000,1399.839,349.442,0.000,0.000,0.000,0.000,0.000,0.000,-0.000,999,0.180,8.000,99,9999,99999,9,999999999,0.000,0.999,0,0,999,0.000,0
2,17,2017,23,0,,19.710,17.540,87.000,89238.930,0.000,1399.839,346.059,0.000,0.000,0.000,0.000,0.000,0.000,-0.000,999,0.180,8.000,99,9999,99999,9,999999999,0.000,0.999,0,0,999,0.000,0
2,17,2017,24,0,,19.050,15.740,81.000,89238.930,0.000,1399.839,337.588,0.000,0.000,0.000,0.000,0.000,0.000,-0.000,999,0.510,8.000,99,9999,99999,9,999999999,0.000,0.999,0,0,999,0.000,0
2,18,2017,1,0,,18.710,15.770,83.000,89238.930,0.000,1399.839,336.226,0.000,0.000,0.000,0.000,0.000,0.000,-0.000,999,0.510,8.000,99,9999,99999,9,999999999,0.000,0.999,0,0,999,0.000,0
2,18,2017,2,0,,18.380,15.790,84.000,89238.930,0.000,1399.839,334.347,0.000,0.000,0.000,0.000,0.000,0.000,-0.000,999,0.510,7.000,99,9999,99999,9,999999999,0.000,0.999,0,0,999,0.000,0
2,18,2017,3,0,,18.040,15.810,86.000,89238.930,0.000,1399.839,332.948,0.000,0.000,0.000,0.000,0.000,0.000,-0.000,999,0.510,7.000,99,9999,99999,9,999999999,0.000,0.999,0,0,999,0.000,0
2,18,2017,4,0,,17.710,15.830,88.000,89238.930,0.000,1399.239,331.600,0.000,0.000,0.000,0.000,0.000,0.000,-0.000,999,0.510,7.000,99,9999,99999,9,999999999,0.000,0.999,0,0,999,0.000,0
2,18,2017,5,0,,17.380,15.850,90.000,89238.930,0.000,1399.239,330.228,0.000,0.000,0.000,0.000,0.000,0.000,-0.000,999,0.510,7.000,99,9999,99999,9,999999999,0.000,0.999,0,0,999,0.000,0
2,18,2017,6,0,,17.120,15.870,92.000,89238.930,0.000,1399.239,329.350,0.000,0.000,0.000,0.000,0.000,0.000,-0.000,999,0.510,7.000,99,9999,99999,9,999999999,0.000,0.999,0,0,999,0.000,0
2,18,2017,7,0,,16.900,15.890,93.000,89238.930,260.318,1399.239,328.241,10.510,0.000,10.510,1261.200,0.000,1156.100,18.124,999,0.510,7.000,99,9999,99999,9,999999999,0.000,0.999,0,0,999,0.000,0
2,18,2017,8,0,,16.680,15.900,95.000,89238.930,582.229,1399.239,327.623,172.090,17.948,164.632,20650.800,1705.061,18109.537,126.115,999,0.510,7.000,99,9999,99999,9,999999999,0.000,0.999,0,0,999,0.000,0
2,18,2017,9,0,,20.410,15.650,74.000,89238.930,872.240,1399.239,343.398,378.770,110.800,309.733,45452.400,10525.972,34070.627,158.232,999,0.510,6.000,99,9999,99999,9,999999999,0.000,0.999,0,0,999,0.000,0
2,18,2017,10,0,,21.770,15.560,67.000,89238.930,1109.922,1399.239,348.788,575.250,237.609,386.804,69030.000,22572.852,42548.386,155.244,999,0.510,5.000,99,9999,99999,9,999999999,0.000,0.999,0,0,999,0.000,0
2,18,2017,11,0,,23.120,15.470,62.000,89238.930,1278.937,1399.239,355.218,772.980,322.210,478.489,92757.600,30609.963,52633.827,166.644,999,0.510,3.000,99,9999,99999,9,999999999,0.000,0.999,0,0,999,0.000,0
2,18,2017,12,0,,24.070,15.410,58.000,89238.930,1367.712,1399.239,359.149,827.410,327.630,507.166,99289.200,31124.858,55788.297,165.160,999,0.510,4.000,99,9999,99999,9,999999999,0.000,0.999,0,0,999,0.000,0
2,18,2017,13,0,,24.880,15.350,55.000,89238.930,1370.162,1399.239,362.702,903.280,413.360,498.515,108393.600,39269.227,54836.606,162.052,999,0.510,3.000,99,9999,99999,9,999999999,0.000,0.999,0,0,999,0.000,0
2,18,2017,14,0,,25.460,15.310,53.000,89238.930,1286.103,1399.239,365.303,902.240,540.158,405.784,108268.800,51314.975,44636.193,140.535,999,0.510,2.000,99,9999,99999,9,999999999,0.000,0.999,0,0,999,0.000,0
2,18,2017,15,0,,25.700,15.300,52.000,89238.930,1121.261,1399.239,366.186,786.560,588.019,315.437,94387.200,55861.774,34698.016,125.319,999,0.510,3.000,99,9999,99999,9,999999999,0.000,0.999,0,0,999,0.000,0
2,18,2017,16,0,,25.740,15.300,52.000,89238.930,886.890,1399.239,366.500,693.180,615.035,303.518,83181.600,58428.321,33386.989,152.492,999,0.510,0.000,99,9999,99999,9,999999999,0.000,0.999,0,0,999,0.000,0
2,18,2017,17,0,,25.370,15.320,53.000,89238.930,599.064,1399.239,364.600,508.220,698.395,209.601,60986.400,66347.530,23056.067,156.036,999,0.510,0.000,99,9999,99999,9,999999999,0.000,0.999,0,0,999,0.000,0
2,18,2017,18,0,,24.520,15.380,56.000,89238.930,277.966,1399.239,360.834,247.590,640.251,121.273,29710.800,60823.871,13340.037,195.661,999,0.510,4.000,99,9999,99999,9,999999999,0.000,0.999,0,0,999,0.000,0
2,18,2017,19,0,,23.740,15.430,59.000,89238.930,0.000,1399.239,357.472,28.290,0.000,0.000,3394.800,0.000,0.000,-0.000,999,0.510,4.000,99,9999,99999,9,999999999,0.000,0.999,0,0,999,0.000,0
2,18,2017,20,0,,22.960,15.480,62.000,89238.930,0.000,1399.239,353.988,0.000,0.000,0.000,0.000,0.000,0.000,-0.000,999,0.510,4.000,99,9999,99999,9,999999999,0.000,0.999,0,0,999,0.000,0
2,18,2017,21,0,,22.180,15.540,66.000,89238.930,0.000,1399.239,351.162,0.000,0.000,0.000,0.000,0.000,0.000,-0.000,999,0.510,5.000,99,9999,99999,9,999999999,0.000,0.999,0,0,999,0.000,0
2,18,2017,22,0,,21.400,15.590,69.000,89238.930,0.000,1399.239,347.438,0.000,0.000,0.000,0.000,0.000,0.000,-0.000,999,0.510,5.000,99,9999,99999,9,999999999,0.000,0.999,0,0,999,0.000,0
2,18,2017,23,0,,20.610,15.640,73.000,89238.930,0.000,1399.239,344.239,0.000,0.000,0.000,0.000,0.000,0.000,-0.000,999,0.510,5.000,99,9999,99999,9,999999999,0.000,0.999,0,0,999,0.000,0
2,18,2017,24,0,,19.830,15.840,74.000,89238.930,0.000,1399.239,339.045,0.000,0.000,0.000,0.000,0.000,0.000,-0.000,999,0.390,5.000,99,9999,99999,9,999999999,0.000,0.999,0,0,999,0.000,0
2,19,2017,1,0,,19.440,15.870,80.000,89238.930,0.000,1399.239,339.906,0.000,0.000,0.000,0.000,0.000,0.000,-0.000,999,0.390,6.000,99,9999,99999,9,999999999,0.010,0.999,0,0,999,0.010,99
2,19,2017,2,0,,19.050,15.890,82.000,89238.930,0.000,1399.239,338.180,0.000,0.000,0.000,0.000,0.000,0.000,-0.000,999,0.390,6.000,99,9999,99999,9,999999999,0.150,0.999,0,0,999,0.150,99
2,19,2017,3,0,,18.660,15.920,83.000,89238.930,0.000,1399.239,335.854,0.000,0.000,0.000,0.000,0.000,0.000,-0.000,999,0.390,6.000,99,9999,99999,9,999999999,0.220,0.999,0,0,999,0.220,99
2,19,2017,4,0,,18.270,15.940,85.000,89238.930,0.000,1398.629,334.096,0.000,0.000,0.000,0.000,0.000,0.000,-0.000,999,0.390,6.000,99,9999,99999,9,999999999,0.030,0.999,0,0,999,0.030,99
2,19,2017,5,0,,17.880,15.970,87.000,89238.930,0.000,1398.629,332.314,0.000,0.000,0.000,0.000,0.000,0.000,-0.000,999,0.390,6.000,99,9999,99999,9,999999999,0.060,0.999,0,0,999,0.060,99
2,19,2017,6,0,,17.580,15.990,93.000,89238.930,0.000,1398.629,333.262,0.000,0.000,0.000,0.000,0.000,0.000,-0.000,999,0.390,7.000,99,9999,99999,9,999999999,4.840,0.999,0,0,999,4.840,99
2,19,2017,7,0,,17.320,16.000,90.000,89238.930,257.867,1398.629,329.786,9.450,0.000,9.450,1134.000,0.000,1039.500,16.446,999,0.390,7.000,99,9999,99999,9,999999999,0.380,0.999,0,0,999,0.380,99
2,19,2017,8,0,,17.060,16.020,92.000,89238.930,579.995,1398.629,328.908,170.750,17.516,163.497,20490.000,1663.994,17984.629,125.674,999,0.390,7.000,99,9999,99999,9,999999999,0.020,0.999,0,0,999,0.020,99
2,19,2017,9,0,,20.960,15.770,69.000,89238.930,870.176,1398.629,344.109,384.240,118.664,310.446,46108.800,11273.093,34149.037,158.903,999,0.390,6.000,99,9999,99999,9,999999999,0.000,0.999,0,0,999,0.000,0
2,19,2017,10,0,,22.340,15.680,64.000,89238.930,1107.957,1398.629,350.841,574.580,193.331,421.455,68949.600,18366.434,46360.060,169.378,999,0.390,5.000,99,9999,99999,9,999999999,0.000,0.999,0,0,999,0.000,0
2,19,2017,11,0,,23.590,15.590,59.000,89238.930,1276.993,1398.629,356.316,731.290,265.924,488.507,87754.800,25262.742,53735.808,170.318,999,0.390,4.000,99,9999,99999,9,999999999,0.000,0.999,0,0,999,0.000,0
2,19,2017,12,0,,24.690,15.520,56.000,89238.930,1365.708,1398.629,362.155,859.070,382.899,485.189,103088.400,36375.401,53370.777,158.165,999,0.390,3.000,99,9999,99999,9,999999999,0.000,0.999,0,0,999,0.000,0
2,19,2017,13,0,,25.280,15.480,54.000,89238.930,1368.023,1398.629,364.870,795.790,267.960,533.697,95494.800,25456.196,58706.680,173.684,999,1.150,5.000,99,9999,99999,9,999999999,0.000,0.999,0,0,999,0.000,0
2,19,2017,14,0,,25.770,15.450,52.000,89238.930,1283.763,1398.629,366.735,831.650,429.534,437.414,99798.000,40805.710,48115.579,151.700,999,1.040,4.000,99,9999,99999,9,999999999,0.000,0.999,0,0,999,0.000,0
2,19,2017,15,0,,26.010,15.430,52.000,89238.930,1118.666,1398.629,368.621,757.790,535.709,329.385,90934.800,50892.357,36232.304,131.107,999,1.010,3.000,99,9999,99999,9,999999999,0.000,0.999,0,0,999,0.000,0
2,19,2017,16,0,,25.710,15.450,57.000,89238.930,884.006,1398.629,371.100,523.530,375.234,286.467,62823.600,35647.257,31511.381,144.332,999,1.170,6.000,99,9999,99999,9,999999999,0.010,0.999,0,0,999,0.010,99
2,19,2017,17,0,,25.100,15.490,59.000,89238.930,595.877,1398.629,368.092,368.710,530.985,142.784,44245.200,50443.612,15706.272,106.819,999,0.400,6.000,99,9999,99999,9,999999999,0.010,0.999,0,0,999,0.010,99
2,19,2017,18,0,,24.200,15.550,61.000,89238.930,274.498,1398.629,362.761,186.530,602.458,69.121,22383.600,57233.552,7603.332,112.898,999,0.390,7.000,99,9999,99999,9,999999999,0.110,0.999,0,0,999,0.110,99
2,19,2017,19,0,,23.470,15.600,64.000,89238.930,0.000,1398.629,359.546,16.250,0.000,0.000,1950.000,0.000,0.000,-0.000,999,0.390,7.000,99,9999,99999,9,999999999,0.050,0.999,0,0,999,0.050,99
2,19,2017,20,0,,22.740,15.650,66.000,89238.930,0.000,1398.629,355.463,0.000,0.000,0.000,0.000,0.000,0.000,-0.000,999,0.390,7.000,99,9999,99999,9,999999999,0.080,0.999,0,0,999,0.080,99
2,19,2017,21,0,,22.010,15.700,69.000,89238.930,0.000,1398.629,352.094,0.000,0.000,0.000,0.000,0.000,0.000,-0.000,999,0.390,7.000,99,9999,99999,9,999999999,0.030,0.999,0,0,999,0.030,99
2,19,2017,22,0,,21.280,15.750,68.000,89238.930,0.000,1398.629,345.806,0.000,0.000,0.000,0.000,0.000,0.000,-0.000,999,0.390,7.000,99,9999,99999,9,999999999,0.000,0.999,0,0,999,0.000,0
2,19,2017,23,0,,20.550,15.790,71.000,89238.930,0.000,1398.629,342.425,0.000,0.000,0.000,0.000,0.000,0.000,-0.000,999,0.390,7.000,99,9999,99999,9,999999999,0.000,0.999,0,0,999,0.000,0
2,19,2017,24,0,,19.820,16.250,84.000,89238.930,0.000,1398.629,345.164,0.000,0.000,0.000,0.000,0.000,0.000,-0.000,999,0.510,7.000,99,9999,99999,9,999999999,0.220,0.999,0,0,999,0.220,99
2,20,2017,1,0,,19.460,16.250,88.000,89238.930,0.000,1398.629,344.718,0.000,0.000,0.000,0.000,0.000,0.000,-0.000,999,0.510,8.000,99,9999,99999,9,999999999,4.240,0.999,0,0,999,4.240,99
2,20,2017,2,0,,19.090,16.250,86.000,89238.930,0.000,1398.629,340.791,0.000,0.000,0.000,0.000,0.000,0.000,-0.000,999,0.510,8.000,99,9999,99999,9,999999999,0.110,0.999,0,0,999,0.110,99
2,20,2017,3,0,,18.730,16.380,88.000,89238.930,0.000,1398.629,339.198,0.000,0.000,0.000,0.000,0.000,0.000,-0.000,999,0.510,8.000,99,9999,99999,9,999999999,0.080,0.999,0,0,999,0.080,99
2,20,2017,4,0,,18.360,16.570,89.000,89238.930,0.000,1398.009,336.970,0.000,0.000,0.000,0.000,0.000,0.000,-0.000,999,0.510,8.000,99,9999,99999,9,999999999,0.060,0.999,0,0,999,0.060,99
2,20,2017,5,0,,18.000,16.750,91.000,89238.930,0.000,1398.009,335.349,0.000,0.000,0.000,0.000,0.000,0.000,-0.000,999,0.510,8.000,99,9999,99999,9,999999999,0.420,0.999,0,0,999,0.420,99
2,20,2017,6,0,,17.710,16.900,99.000,89238.930,0.000,1398.009,337.227,0.000,0.000,0.000,0.000,0.000,0.000,-0.000,999,0.510,8.000,99,9999,99999,9,999999999,44.920,0.999,0,0,999,44.920,99
2,20,2017,7,0,,17.470,17.020,94.000,89238.930,255.444,1398.009,332.954,11.120,0.000,11.120,1334.400,0.000,1223.200,19.530,999,0.510,8.000,99,9999,99999,9,999999999,0.930,0.999,0,0,999,0.930,99
2,20,2017,8,0,,17.230,17.140,96.000,89238.930,577.774,1398.009,332.173,58.810,0.000,58.810,7057.200,0.000,6469.100,45.359,999,0.510,8.000,99,9999,99999,9,999999999,0.180,0.999,0,0,999,0.180,99
2,20,2017,9,0,,18.160,16.670,90.000,89238.930,868.105,1398.009,336.013,153.210,0.590,152.844,18385.200,56.054,16812.816,78.386,999,0.510,8.000,99,9999,99999,9,999999999,0.030,0.999,0,0,999,0.030,99
2,20,2017,10,0,,18.340,16.580,87.000,89238.930,1105.965,1398.009,335.729,169.550,1.269,168.546,20346.000,120.546,18540.098,67.829,999,0.510,8.000,99,9999,99999,9,999999999,0.000,0.999,0,0,999,0.000,0
2,20,2017,11,0,,18.530,16.480,92.000,89238.930,1275.003,1398.009,339.849,215.900,2.729,213.411,25908.000,259.246,23475.249,74.489,999,0.510,8.000,99,9999,99999,9,999999999,1.450,0.999,0,0,999,1.450,99
2,20,2017,12,0,,18.630,16.430,88.000,89238.930,1363.640,1398.009,338.447,205.890,2.693,203.263,24706.800,255.822,22358.972,66.332,999,0.510,8.000,99,9999,99999,9,999999999,0.750,0.999,0,0,999,0.750,99
2,20,2017,13,0,,18.770,16.360,87.000,89238.930,1365.803,1398.009,338.945,255.620,3.423,252.276,30674.400,325.153,27750.385,82.197,999,0.510,8.000,99,9999,99999,9,999999999,0.620,0.999,0,0,999,0.620,99
2,20,2017,14,0,,18.890,16.290,87.000,89238.930,1281.328,1398.009,339.847,268.680,3.424,265.542,32241.600,325.325,29209.566,92.227,999,0.510,8.000,99,9999,99999,9,999999999,0.040,0.999,0,0,999,0.040,99
2,20,2017,15,0,,18.970,16.250,86.000,89238.930,1115.969,1398.009,339.887,266.080,7.960,259.727,31929.600,756.170,28569.992,103.585,999,0.510,8.000,99,9999,99999,9,999999999,0.140,0.999,0,0,999,0.140,99
2,20,2017,16,0,,18.960,16.260,89.000,89238.930,881.017,1398.009,341.481,194.730,1.625,193.706,23367.600,154.400,21307.685,97.884,999,0.510,8.000,99,9999,99999,9,999999999,1.150,0.999,0,0,999,1.150,99
2,20,2017,17,0,,18.870,16.300,87.000,89238.930,592.589,1398.009,339.696,137.410,0.357,137.259,16489.200,33.931,15098.468,103.211,999,0.510,8.000,99,9999,99999,9,999999999,0.510,0.999,0,0,999,0.510,99
2,20,2017,18,0,,18.690,16.400,91.000,89238.930,270.937,1398.009,340.525,62.020,0.000,62.020,7442.400,0.000,6822.200,102.604,999,0.510,8.000,99,9999,99999,9,999999999,1.890,0.999,0,0,999,1.890,99
2,20,2017,19,0,,18.500,16.500,92.000,89238.930,0.000,1398.009,339.623,4.240,0.000,0.000,508.800,0.000,0.000,-0.000,999,0.510,8.000,99,9999,99999,9,999999999,2.620,0.999,0,0,999,2.620,99
2,20,2017,20,0,,18.310,16.590,90.000,89238.930,0.000,1398.009,337.134,0.000,0.000,0.000,0.000,0.000,0.000,-0.000,999,0.510,8.000,99,9999,99999,9,999999999,0.340,0.999,0,0,999,0.340,99
2,20,2017,21,0,,18.120,16.690,91.000,89238.930,0.000,1398.009,336.245,0.000,0.000,0.000,0.000,0.000,0.000,-0.000,999,0.510,8.000,99,9999,99999,9,999999999,0.280,0.999,0,0,999,0.280,99
2,20,2017,22,0,,17.920,16.790,92.000,89238.930,0.000,1398.009,335.276,0.000,0.000,0.000,0.000,0.000,0.000,-0.000,999,0.510,8.000,99,9999,99999,9,999999999,0.010,0.999,0,0,999,0.010,99
2,20,2017,23,0,,17.730,16.890,93.000,89238.930,0.000,1398.009,334.377,0.000,0.000,0.000,0.000,0.000,0.000,-0.000,999,0.510,8.000,99,9999,99999,9,999999999,0.010,0.999,0,0,999,0.010,99
2,20,2017,24,0,,17.540,15.990,87.000,89238.930,0.000,1398.009,329.807,0.000,0.000,0.000,0.000,0.000,0.000,-0.000,999,0.500,8.000,99,9999,99999,9,999999999,0.050,0.999,0,0,999,0.050,99
2,21,2017,1,0,,17.440,15.970,88.000,89238.930,0.000,1398.009,329.611,0.000,0.000,0.000,0.000,0.000,0.000,-0.000,999,0.500,8.000,99,9999,99999,9,999999999,0.060,0.999,0,0,999,0.060,99
2,21,2017,2,0,,17.350,15.940,88.000,89238.930,0.000,1398.009,328.950,0.000,0.000,0.000,0.000,0.000,0.000,-0.000,999,0.500,8.000,99,9999,99999,9,999999999,0.110,0.999,0,0,999,0.110,99
2,21,2017,3,0,,17.250,15.920,88.000,89238.930,0.000,1398.009,328.216,0.000,0.000,0.000,0.000,0.000,0.000,-0.000,999,0.500,8.000,99,9999,99999,9,999999999,0.180,0.999,0,0,999,0.180,99
2,21,2017,4,0,,17.160,15.900,93.000,89238.930,0.000,1397.379,330.154,0.000,0.000,0.000,0.000,0.000,0.000,-0.000,999,0.500,8.000,99,9999,99999,9,999999999,6.040,0.999,0,0,999,6.040,99
2,21,2017,5,0,,17.060,15.870,88.000,89238.930,0.000,1397.379,326.826,0.000,0.000,0.000,0.000,0.000,0.000,-0.000,999,0.500,8.000,99,9999,99999,9,999999999,0.550,0.999,0,0,999,0.550,99
2,21,2017,6,0,,16.980,15.850,89.000,89238.930,0.000,1397.379,326.770,0.000,0.000,0.000,0.000,0.000,0.000,-0.000,999,0.500,8.000,99,9999,99999,9,999999999,0.070,0.999,0,0,999,0.070,99
2,21,2017,7,0,,16.920,15.830,89.000,89238.930,253.050,1397.379,326.332,4.650,0.000,4.650,558.000,0.000,511.500,8.242,999,0.500,8.000,99,9999,99999,9,999999999,0.240,0.999,0,0,999,0.240,99
2,21,2017,8,0,,16.860,15.820,89.000,89238.930,575.564,1397.379,325.894,99.080,0.000,99.080,11889.600,0.000,10898.800,76.679,999,0.500,8.000,99,9999,99999,9,999999999,0.140,0.999,0,0,999,0.140,99
2,21,2017,9,0,,18.360,16.210,86.000,89238.930,866.028,1397.379,335.324,213.340,13.514,204.969,25600.800,1283.792,22546.576,105.323,999,0.500,8.000,99,9999,99999,9,999999999,0.330,0.999,0,0,999,0.330,99
2,21,2017,10,0,,18.880,16.340,85.000,89238.930,1103.947,1397.379,338.645,315.170,11.691,305.935,37820.400,1110.662,33652.901,123.289,999,0.500,8.000,99,9999,99999,9,999999999,0.010,0.999,0,0,999,0.010,99
2,21,2017,11,0,,19.320,16.450,81.000,89238.930,1272.965,1397.379,339.609,394.400,26.485,370.275,47328.000,2516.033,40730.242,129.389,999,0.500,8.000,99,9999,99999,9,999999999,0.000,0.999,0,0,999,0.000,0
2,21,2017,12,0,,19.690,16.550,81.000,89238.930,1361.505,1397.379,342.393,444.750,29.783,415.732,53370.000,2829.419,45730.488,135.820,999,0.500,8.000,99,9999,99999,9,999999999,0.000,0.999,0,0,999,0.000,0
2,21,2017,13,0,,19.960,16.610,80.000,89238.930,1363.502,1397.379,343.825,462.480,33.056,430.226,55497.600,3140.325,47324.841,140.350,999,0.500,8.000,99,9999,99999,9,999999999,0.000,0.999,0,0,999,0.000,0
2,21,2017,14,0,,20.130,16.660,82.000,89238.930,1278.801,1397.379,346.333,446.280,37.450,412.010,53553.600,3557.735,45321.103,143.316,999,0.500,8.000,99,9999,99999,9,999999999,0.010,0.999,0,0,999,0.010,99
2,21,2017,15,0,,20.200,16.670,80.000,89238.930,1113.171,1397.379,345.645,397.340,24.099,378.145,47680.800,2289.451,41595.980,151.124,999,0.620,8.000,99,9999,99999,9,999999999,0.000,0.999,0,0,999,0.000,0
2,21,2017,16,0,,20.150,16.660,82.000,89238.930,877.926,1397.379,346.485,319.270,32.643,298.770,38312.400,3101.129,32864.750,151.440,999,0.500,8.000,99,9999,99999,9,999999999,0.020,0.999,0,0,999,0.020,99
2,21,2017,17,0,,19.800,16.570,83.000,89238.930,589.201,1397.379,344.422,131.330,0.000,131.330,15759.600,0.000,14446.300,99.277,999,0.500,8.000,99,9999,99999,9,999999999,0.090,0.999,0,0,999,0.090,99
2,21,2017,18,0,,19.470,16.490,83.000,89238.930,267.285,1397.379,341.925,98.770,128.990,74.280,11852.400,12254.066,8170.779,124.533,999,0.500,8.000,99,9999,99999,9,999999999,0.030,0.999,0,0,999,0.030,99
2,21,2017,19,0,,19.210,16.420,84.000,89238.930,0.000,1397.379,340.549,12.240,0.000,0.000,1468.800,0.000,0.000,-0.000,999,0.500,8.000,99,9999,99999,9,999999999,0.040,0.999,0,0,999,0.040,99
2,21,2017,20,0,,18.960,16.360,84.000,89238.930,0.000,1397.379,338.672,0.000,0.000,0.000,0.000,0.000,0.000,-0.000,999,0.500,8.000,99,9999,99999,9,999999999,0.020,0.999,0,0,999,0.020,99
2,21,2017,21,0,,18.700,16.290,83.000,89238.930,0.000,1397.379,336.152,0.000,0.000,0.000,0.000,0.000,0.000,-0.000,999,0.500,8.000,99,9999,99999,9,999999999,0.000,0.999,0,0,999,0.000,0
2,21,2017,22,0,,18.450,16.230,85.000,89238.930,0.000,1397.379,335.433,0.000,0.000,0.000,0.000,0.000,0.000,-0.000,999,0.500,8.000,99,9999,99999,9,999999999,0.010,0.999,0,0,999,0.010,99
2,21,2017,23,0,,18.190,16.160,84.000,89238.930,0.000,1397.379,332.939,0.000,0.000,0.000,0.000,0.000,0.000,-0.000,999,0.500,8.000,99,9999,99999,9,999999999,0.000,0.999,0,0,999,0.000,0
2,21,2017,24,0,,17.930,16.330,92.000,89238.930,0.000,1397.379,335.350,0.000,0.000,0.000,0.000,0.000,0.000,-0.000,999,0.350,8.000,99,9999,99999,9,999999999,0.030,0.999,0,0,999,0.030,99
2,22,2017,1,0,,17.810,16.310,92.000,89238.930,0.000,1397.379,334.456,0.000,0.000,0.000,0.000,0.000,0.000,-0.000,999,0.350,8.000,99,9999,99999,9,999999999,0.040,0.999,0,0,999,0.040,99
2,22,2017,2,0,,17.680,16.300,88.000,89238.930,0.000,1397.379,331.378,0.000,0.000,0.000,0.000,0.000,0.000,-0.000,999,0.350,7.000,99,9999,99999,9,999999999,0.000,0.999,0,0,999,0.000,0
2,22,2017,3,0,,17.550,16.290,93.000,89238.930,0.000,1397.379,333.039,0.000,0.000,0.000,0.000,0.000,0.000,-0.000,999,0.350,7.000,99,9999,99999,9,999999999,0.010,0.999,0,0,999,0.010,99
2,22,2017,4,0,,17.420,16.270,94.000,89238.930,0.000,1396.741,332.583,0.000,0.000,0.000,0.000,0.000,0.000,-0.000,999,0.350,7.000,99,9999,99999,9,999999999,0.020,0.999,0,0,999,0.020,99
2,22,2017,5,0,,17.300,16.260,95.000,89238.930,0.000,1396.741,332.195,0.000,0.000,0.000,0.000,0.000,0.000,-0.000,999,0.350,7.000,99,9999,99999,9,999999999,0.030,0.999,0,0,999,0.030,99
2,22,2017,6,0,,17.200,16.250,91.000,89238.930,0.000,1396.741,329.424,0.000,0.000,0.000,0.000,0.000,0.000,-0.000,999,0.350,7.000,99,9999,99999,9,999999999,0.000,0.999,0,0,999,0.000,0
2,22,2017,7,0,,17.110,16.240,91.000,89238.930,250.683,1396.741,328.762,19.200,0.000,19.200,2304.000,0.000,2112.000,34.340,999,0.350,7.000,99,9999,99999,9,999999999,0.000,0.999,0,0,999,0.000,0
2,22,2017,8,0,,17.030,16.240,91.000,89238.930,573.366,1396.741,328.175,189.430,33.639,175.641,22731.600,3195.714,19320.501,136.391,999,0.350,7.000,99,9999,99999,9,999999999,0.000,0.999,0,0,999,0.000,0
2,22,2017,9,0,,20.940,16.630,74.000,89238.930,863.942,1396.741,347.413,442.430,212.924,310.790,53091.600,20227.740,34186.933,160.013,999,0.350,3.000,99,9999,99999,9,999999999,0.000,0.999,0,0,999,0.000,0
2,22,2017,10,0,,22.460,16.780,69.000,89238.930,1101.900,1396.741,355.559,685.200,439.114,338.841,82224.000,41715.838,37272.535,136.741,999,0.350,0.000,99,9999,99999,9,999999999,0.000,0.999,0,0,999,0.000,0
2,22,2017,11,0,,23.980,16.930,64.000,89238.930,1270.879,1396.741,363.529,928.950,630.659,355.156,111474.000,59912.597,39067.122,124.253,999,0.350,0.000,99,9999,99999,9,999999999,0.000,0.999,0,0,999,0.000,0
2,22,2017,12,0,,24.650,16.990,62.000,89238.930,1359.304,1396.741,367.144,833.310,389.837,453.928,99997.200,37034.548,49932.039,148.471,999,0.710,3.000,99,9999,99999,9,999999999,0.000,0.999,0,0,999,0.000,0
2,22,2017,13,0,,25.140,17.040,60.000,89238.930,1361.118,1396.741,369.293,850.110,438.737,422.569,102013.200,41680.038,46482.599,138.030,999,1.280,4.000,99,9999,99999,9,999999999,0.000,0.999,0,0,999,0.000,0
2,22,2017,14,0,,25.340,17.060,60.000,89238.930,1276.179,1396.741,370.880,769.940,363.526,437.812,92392.800,34534.970,48159.278,152.534,999,1.240,5.000,99,9999,99999,9,999999999,0.000,0.999,0,0,999,0.000,0
2,22,2017,15,0,,25.140,17.040,60.000,89238.930,1110.274,1396.741,369.293,595.630,259.676,389.248,71475.600,24669.202,42817.310,155.897,999,1.120,7.000,99,9999,99999,9,999999999,0.000,0.999,0,0,999,0.000,0
2,22,2017,16,0,,24.520,16.980,67.000,89238.930,874.732,1396.741,370.198,398.120,144.034,307.957,47774.400,13683.273,33875.272,156.595,999,0.820,8.000,99,9999,99999,9,999999999,0.010,0.999,0,0,999,0.010,99
2,22,2017,17,0,,23.820,16.910,69.000,89238.930,585.716,1396.741,366.190,297.660,298.127,172.813,35719.200,28322.087,19009.403,131.356,999,0.670,8.000,99,9999,99999,9,999999999,0.010,0.999,0,0,999,0.010,99
2,22,2017,18,0,,22.920,16.820,72.000,89238.930,263.546,1396.741,361.318,129.900,433.962,48.640,15588.000,41226.420,5350.380,82.683,999,0.350,8.000,99,9999,99999,9,999999999,0.010,0.999,0,0,999,0.010,99
2,22,2017,19,0,,22.360,16.770,74.000,89238.930,0.000,1396.741,358.350,10.810,0.000,0.000,1297.200,0.000,0.000,-0.000,999,0.350,8.000,99,9999,99999,9,999999999,0.190,0.999,0,0,999,0.190,99
2,22,2017,20,0,,21.810,16.710,80.000,89238.930,0.000,1396.741,358.049,0.000,0.000,0.000,0.000,0.000,0.000,-0.000,999,0.350,8.000,99,9999,99999,9,999999999,2.390,0.999,0,0,999,2.390,99
2,22,2017,21,0,,21.250,16.660,78.000,89238.930,0.000,1396.741,352.419,0.000,0.000,0.000,0.000,0.000,0.000,-0.000,999,0.350,8.000,99,9999,99999,9,999999999,0.080,0.999,0,0,999,0.080,99
2,22,2017,22,0,,20.690,16.600,80.000,89238.930,0.000,1396.741,349.385,0.000,0.000,0.000,0.000,0.000,0.000,-0.000,999,0.350,8.000,99,9999,99999,9,999999999,0.110,0.999,0,0,999,0.110,99
2,22,2017,23,0,,20.130,16.550,82.000,89238.930,0.000,1396.741,346.333,0.000,0.000,0.000,0.000,0.000,0.000,-0.000,999,0.350,8.000,99,9999,99999,9,999999999,0.060,0.999,0,0,999,0.060,99
2,22,2017,24,0,,19.580,17.540,92.000,89238.930,0.000,1396.741,347.834,0.000,0.000,0.000,0.000,0.000,0.000,-0.000,999,0.510,8.000,99,9999,99999,9,999999999,0.010,0.999,0,0,999,0.010,99
2,23,2017,1,0,,19.300,17.530,94.000,89238.930,0.000,1396.741,346.754,0.000,0.000,0.000,0.000,0.000,0.000,-0.000,999,0.510,8.000,99,9999,99999,9,999999999,0.010,0.999,0,0,999,0.010,99
2,23,2017,2,0,,19.020,17.530,96.000,89238.930,0.000,1396.741,345.653,0.000,0.000,0.000,0.000,0.000,0.000,-0.000,999,0.510,8.000,99,9999,99999,9,999999999,0.010,0.999,0,0,999,0.010,99
2,23,2017,3,0,,18.740,17.520,97.000,89238.930,0.000,1396.741,344.026,0.000,0.000,0.000,0.000,0.000,0.000,-0.000,999,0.510,8.000,99,9999,99999,9,999999999,0.030,0.999,0,0,999,0.030,99
2,23,2017,4,0,,18.460,17.520,99.000,89238.930,0.000,1396.094,342.895,0.000,0.000,0.000,0.000,0.000,0.000,-0.000,999,0.510,8.000,99,9999,99999,9,999999999,0.010,0.999,0,0,999,0.010,99
2,23,2017,5,0,,18.180,17.510,95.000,89238.930,0.000,1396.094,338.769,0.000,0.000,0.000,0.000,0.000,0.000,-0.000,999,0.510,8.000,99,9999,99999,9,999999999,0.000,0.999,0,0,999,0.000,0
2,23,2017,6,0,,17.970,17.510,97.000,89238.930,0.000,1396.094,338.196,0.000,0.000,0.000,0.000,0.000,0.000,-0.000,999,0.510,8.000,99,9999,99999,9,999999999,0.000,0.999,0,0,999,0.000,0
2,23,2017,7,0,,17.780,17.500,98.000,89238.930,248.343,1396.094,337.263,6.210,0.000,6.210,745.200,0.000,683.100,11.208,999,0.510,8.000,99,9999,99999,9,999999999,0.000,0.999,0,0,999,0.000,0
2,23,2017,8,0,,17.600,17.500,99.000,89238.930,571.177,1396.094,336.401,148.100,10.765,143.702,17772.000,1022.628,15807.258,111.966,999,0.510,8.000,99,9999,99999,9,999999999,0.000,0.999,0,0,999,0.000,0
2,23,2017,9,0,,20.810,17.560,81.000,89238.930,861.848,1396.094,350.927,321.290,51.888,289.273,38554.800,4929.358,31820.069,149.228,999,0.510,7.000,99,9999,99999,9,999999999,0.000,0.999,0,0,999,0.000,0
2,23,2017,10,0,,21.920,17.580,76.000,89238.930,1099.824,1396.094,356.288,475.600,110.480,388.581,57072.000,10495.586,42743.917,157.037,999,0.510,7.000,99,9999,99999,9,999999999,0.000,0.999,0,0,999,0.000,0
2,23,2017,11,0,,22.880,17.590,72.000,89238.930,1268.744,1396.094,361.004,595.600,79.028,523.785,71472.000,7507.642,57616.399,183.473,999,0.510,6.000,99,9999,99999,9,999999999,0.000,0.999,0,0,999,0.000,0
2,23,2017,12,0,,23.660,17.610,68.000,89238.930,1357.036,1396.094,364.167,671.760,92.298,582.046,80611.200,8768.283,64025.055,190.607,999,0.510,6.000,99,9999,99999,9,999999999,0.000,0.999,0,0,999,0.000,0
2,23,2017,13,0,,24.250,17.620,66.000,89238.930,1358.652,1396.094,367.262,698.430,107.573,593.743,83811.600,10219.472,65311.762,194.206,999,0.510,6.000,99,9999,99999,9,999999999,0.000,0.999,0,0,999,0.000,0
2,23,2017,14,0,,24.620,17.620,65.000,89238.930,1273.465,1396.094,369.392,673.650,127.776,557.104,80838.000,12138.725,61281.480,194.420,999,0.510,6.000,99,9999,99999,9,999999999,0.000,0.999,0,0,999,0.000,0
2,23,2017,15,0,,24.770,17.620,64.000,89238.930,1107.276,1396.094,369.765,599.200,190.990,447.747,71904.000,18144.060,49252.203,179.728,999,0.510,6.000,99,9999,99999,9,999999999,0.000,0.999,0,0,999,0.000,0
2,23,2017,16,0,,24.660,17.620,64.000,89238.930,871.439,1396.094,368.892,480.610,323.350,278.868,57673.200,30718.275,30675.504,142.274,999,0.510,7.000,99,9999,99999,9,999999999,0.000,0.999,0,0,999,0.000,0
2,23,2017,17,0,,24.210,17.620,66.000,89238.930,582.134,1396.094,366.946,327.240,423.799,150.772,39268.800,40260.905,16584.901,115.256,999,0.510,7.000,99,9999,99999,9,999999999,0.000,0.999,0,0,999,0.000,0
2,23,2017,18,0,,23.480,17.600,74.000,89238.930,259.720,1396.094,367.161,154.180,389.086,82.363,18501.600,36963.127,9059.934,142.037,999,0.510,8.000,99,9999,99999,9,999999999,0.020,0.999,0,0,999,0.020,99
2,23,2017,19,0,,22.660,17.590,78.000,89238.930,0.000,1396.094,363.417,8.420,0.000,0.000,1010.400,0.000,0.000,-0.000,999,0.510,8.000,99,9999,99999,9,999999999,0.070,0.999,0,0,999,0.070,99
2,23,2017,20,0,,21.840,17.570,81.000,89238.930,0.000,1396.094,358.919,0.000,0.000,0.000,0.000,0.000,0.000,-0.000,999,0.510,8.000,99,9999,99999,9,999999999,0.040,0.999,0,0,999,0.040,99
2,23,2017,21,0,,21.010,17.560,85.000,89238.930,0.000,1396.094,354.904,0.000,0.000,0.000,0.000,0.000,0.000,-0.000,999,0.510,8.000,99,9999,99999,9,999999999,0.770,0.999,0,0,999,0.770,99
2,23,2017,22,0,,20.190,17.550,89.000,89238.930,0.000,1396.094,350.872,0.000,0.000,0.000,0.000,0.000,0.000,-0.000,999,0.510,8.000,99,9999,99999,9,999999999,0.020,0.999,0,0,999,0.020,99
2,23,2017,23,0,,19.370,17.530,94.000,89238.930,0.000,1396.094,347.291,0.000,0.000,0.000,0.000,0.000,0.000,-0.000,999,0.510,8.000,99,9999,99999,9,999999999,0.010,0.999,0,0,999,0.010,99
2,23,2017,24,0,,18.550,16.430,87.000,89238.930,0.000,1396.094,337.297,0.000,0.000,0.000,0.000,0.000,0.000,-0.000,999,0.220,8.000,99,9999,99999,9,999999999,0.000,0.999,0,0,999,0.000,0
2,24,2017,1,0,,18.140,16.220,88.000,89238.930,0.000,1396.094,334.787,0.000,0.000,0.000,0.000,0.000,0.000,-0.000,999,0.220,8.000,99,9999,99999,9,999999999,0.000,0.999,0,0,999,0.000,0
2,24,2017,2,0,,17.730,16.000,89.000,89238.930,0.000,1396.094,332.283,0.000,0.000,0.000,0.000,0.000,0.000,-0.000,999,0.220,7.000,99,9999,99999,9,999999999,0.000,0.999,0,0,999,0.000,0
2,24,2017,3,0,,17.310,15.780,90.000,89238.930,0.000,1396.094,329.713,0.000,0.000,0.000,0.000,0.000,0.000,-0.000,999,0.220,7.000,99,9999,99999,9,999999999,0.000,0.999,0,0,999,0.000,0
2,24,2017,4,0,,16.900,15.550,91.000,89238.930,0.000,1395.438,327.223,0.000,0.000,0.000,0.000,0.000,0.000,-0.000,999,0.220,7.000,99,9999,99999,9,999999999,0.000,0.999,0,0,999,0.000,0
2,24,2017,5,0,,16.490,15.330,92.000,89238.930,0.000,1395.438,324.740,0.000,0.000,0.000,0.000,0.000,0.000,-0.000,999,0.220,7.000,99,9999,99999,9,999999999,0.000,0.999,0,0,999,0.000,0
2,24,2017,6,0,,16.170,15.150,93.000,89238.930,0.000,1395.438,322.916,0.000,0.000,0.000,0.000,0.000,0.000,-0.000,999,0.220,7.000,99,9999,99999,9,999999999,0.000,0.999,0,0,999,0.000,0
2,24,2017,7,0,,15.900,15.000,94.000,89238.930,246.030,1395.438,321.454,5.750,0.000,5.750,690.000,0.000,632.500,10.472,999,0.220,7.000,99,9999,99999,9,999999999,0.000,0.999,0,0,999,0.000,0
2,24,2017,8,0,,15.630,14.850,95.000,89238.930,568.999,1395.438,319.991,189.830,35.464,175.390,22779.600,3369.069,19292.954,137.117,999,0.220,7.000,99,9999,99999,9,999999999,0.000,0.999,0,0,999,0.000,0
2,24,2017,9,0,,19.410,16.870,85.000,89238.930,859.744,1395.438,342.636,237.150,15.873,227.375,28458.000,1507.969,25011.244,117.528,999,0.220,8.000,99,9999,99999,9,999999999,0.000,0.999,0,0,999,0.000,0
2,24,2017,10,0,,19.800,17.060,84.000,89238.930,1097.719,1395.438,345.012,279.010,9.675,271.400,33481.200,919.132,29854.054,109.840,999,0.220,8.000,99,9999,99999,9,999999999,0.000,0.999,0,0,999,0.000,0
2,24,2017,11,0,,19.710,17.020,84.000,89238.930,1266.559,1395.438,344.328,216.200,11.902,205.398,25944.000,1130.718,22593.740,72.037,999,0.360,8.000,99,9999,99999,9,999999999,0.000,0.999,0,0,999,0.000,0
2,24,2017,12,0,,21.240,17.760,80.000,89238.930,1354.701,1395.438,353.619,662.840,205.303,463.534,79540.800,19503.744,50988.776,151.987,999,0.770,6.000,99,9999,99999,9,999999999,0.000,0.999,0,0,999,0.000,0
2,24,2017,13,0,,22.340,18.280,77.000,89238.930,1356.104,1395.438,360.233,689.090,102.684,589.302,82690.800,9755.001,64823.205,193.025,999,0.900,6.000,99,9999,99999,9,999999999,0.000,0.999,0,0,999,0.000,0
2,24,2017,14,0,,23.060,18.610,76.000,89238.930,1270.657,1395.438,365.226,664.460,201.590,480.907,79735.200,19151.061,52899.800,168.120,999,1.940,6.000,99,9999,99999,9,999999999,0.000,0.999,0,0,999,0.000,0
2,24,2017,15,0,,23.790,18.940,74.000,89238.930,1104.180,1395.438,369.629,749.150,559.832,306.244,89898.000,53184.085,33686.858,123.215,999,2.160,3.000,99,9999,99999,9,999999999,0.000,0.999,0,0,999,0.000,0
2,24,2017,16,0,,23.820,18.960,74.000,89238.930,868.046,1395.438,369.868,476.180,286.528,298.025,57141.600,27220.202,32782.753,152.571,999,1.410,7.000,99,9999,99999,9,999999999,0.000,0.999,0,0,999,0.000,0
2,24,2017,17,0,,23.890,18.990,74.000,89238.930,578.457,1395.438,370.427,500.140,687.678,215.474,60016.800,65329.415,23702.122,165.689,999,0.850,0.000,99,9999,99999,9,999999999,0.000,0.999,0,0,999,0.000,0
2,24,2017,18,0,,23.370,18.750,75.000,89238.930,255.811,1395.438,366.991,275.450,505.895,183.456,33054.000,48060.071,20180.166,321.132,999,0.290,0.000,99,9999,99999,9,999999999,0.000,0.999,0,0,999,0.000,0
2,24,2017,19,0,,22.660,18.430,77.000,89238.930,0.000,1395.438,362.747,39.250,0.000,0.000,4710.000,0.000,0.000,-0.000,999,0.220,1.000,99,9999,99999,9,999999999,0.000,0.999,0,0,999,0.000,0
2,24,2017,20,0,,21.960,18.110,78.000,89238.930,0.000,1395.438,357.925,0.000,0.000,0.000,0.000,0.000,0.000,-0.000,999,0.220,1.000,99,9999,99999,9,999999999,0.000,0.999,0,0,999,0.000,0
2,24,2017,21,0,,21.250,17.770,80.000,89238.930,0.000,1395.438,353.696,0.000,0.000,0.000,0.000,0.000,0.000,-0.000,999,0.220,2.000,99,9999,99999,9,999999999,0.000,0.999,0,0,999,0.000,0
2,24,2017,22,0,,20.550,17.430,82.000,89238.930,0.000,1395.438,349.544,0.000,0.000,0.000,0.000,0.000,0.000,-0.000,999,0.220,2.000,99,9999,99999,9,999999999,0.000,0.999,0,0,999,0.000,0
2,24,2017,23,0,,19.850,17.090,84.000,89238.930,0.000,1395.438,345.392,0.000,0.000,0.000,0.000,0.000,0.000,-0.000,999,0.220,3.000,99,9999,99999,9,999999999,0.000,0.999,0,0,999,0.000,0
2,24,2017,24,0,,19.140,17.410,84.000,89238.930,0.000,1395.438,340.023,0.000,0.000,0.000,0.000,0.000,0.000,-0.000,999,0.140,3.000,99,9999,99999,9,999999999,0.000,0.999,0,0,999,0.000,0
2,25,2017,1,0,,18.790,17.290,85.000,89238.930,0.000,1395.438,337.970,0.000,0.000,0.000,0.000,0.000,0.000,-0.000,999,0.140,4.000,99,9999,99999,9,999999999,0.000,0.999,0,0,999,0.000,0
2,25,2017,2,0,,18.440,17.170,87.000,89238.930,0.000,1395.438,336.475,0.000,0.000,0.000,0.000,0.000,0.000,-0.000,999,0.140,5.000,99,9999,99999,9,999999999,0.000,0.999,0,0,999,0.000,0
2,25,2017,3,0,,18.090,17.050,88.000,89238.930,0.000,1395.438,334.415,0.000,0.000,0.000,0.000,0.000,0.000,-0.000,999,0.140,5.000,99,9999,99999,9,999999999,0.000,0.999,0,0,999,0.000,0
2,25,2017,4,0,,17.730,16.930,95.000,89238.930,0.000,1394.773,335.395,0.000,0.000,0.000,0.000,0.000,0.000,-0.000,999,0.140,6.000,99,9999,99999,9,999999999,0.010,0.999,0,0,999,0.010,99
2,25,2017,5,0,,17.380,16.810,91.000,89238.930,0.000,1394.773,330.750,0.000,0.000,0.000,0.000,0.000,0.000,-0.000,999,0.140,6.000,99,9999,99999,9,999999999,0.000,0.999,0,0,999,0.000,0
2,25,2017,6,0,,17.110,16.710,97.000,89238.930,0.000,1394.773,331.775,0.000,0.000,0.000,0.000,0.000,0.000,-0.000,999,0.140,7.000,99,9999,99999,9,999999999,0.010,0.999,0,0,999,0.010,99
2,25,2017,7,0,,16.880,16.630,93.000,89238.930,243.744,1394.773,328.094,4.600,0.000,4.600,552.000,0.000,506.000,8.454,999,0.140,7.000,99,9999,99999,9,999999999,0.000,0.999,0,0,999,0.000,0
2,25,2017,8,0,,16.640,16.550,99.000,89238.930,566.830,1394.773,329.264,123.570,0.000,123.570,14828.400,0.000,13592.700,96.929,999,0.140,8.000,99,9999,99999,9,999999999,0.010,0.999,0,0,999,0.010,99
2,25,2017,9,0,,19.890,17.660,86.000,89238.930,857.630,1394.773,346.860,270.030,27.505,253.126,32403.600,2612.978,27843.819,131.099,999,0.150,8.000,99,9999,99999,9,999999999,0.030,0.999,0,0,999,0.030,99
2,25,2017,10,0,,21.010,18.030,83.000,89238.930,1095.583,1394.773,353.699,400.520,40.880,368.415,48062.400,3883.614,40525.633,149.322,999,0.220,8.000,99,9999,99999,9,999999999,0.040,0.999,0,0,999,0.040,99
2,25,2017,11,0,,21.980,18.340,79.000,89238.930,1264.325,1394.773,358.733,501.920,68.895,439.472,60230.400,6545.064,48341.932,154.331,999,0.260,8.000,99,9999,99999,9,999999999,0.060,0.999,0,0,999,0.060,99
2,25,2017,12,0,,22.780,18.590,77.000,89238.930,1352.298,1394.773,363.694,566.180,46.981,520.631,67941.600,4463.201,57269.355,170.930,999,0.610,7.000,99,9999,99999,9,999999999,0.020,0.999,0,0,999,0.020,99
2,25,2017,13,0,,23.380,18.780,75.000,89238.930,1353.474,1394.773,367.071,588.540,54.541,535.615,70624.800,5181.392,58917.643,175.697,999,0.960,7.000,99,9999,99999,9,999999999,0.050,0.999,0,0,999,0.050,99
2,25,2017,14,0,,23.750,18.890,74.000,89238.930,1267.757,1394.773,369.310,567.350,65.030,508.246,68082.000,6177.810,55907.065,177.999,999,1.350,7.000,99,9999,99999,9,999999999,0.020,0.999,0,0,999,0.020,99
2,25,2017,15,0,,23.900,18.940,73.000,89238.930,1100.986,1394.773,369.788,504.130,98.558,426.346,60495.600,9362.983,46898.031,171.953,999,2.110,8.000,99,9999,99999,9,999999999,0.330,0.999,0,0,999,0.330,99
2,25,2017,16,0,,23.790,18.910,79.000,89238.930,864.554,1394.773,373.097,403.590,160.390,304.218,48430.800,15237.076,33464.015,156.297,999,2.260,8.000,99,9999,99999,9,999999999,3.880,0.999,0,0,999,3.880,99
2,25,2017,17,0,,22.910,18.630,76.000,89238.930,574.689,1394.773,364.040,122.450,0.000,122.450,14694.000,0.000,13469.500,94.733,999,1.410,8.000,99,9999,99999,9,999999999,0.200,0.999,0,0,999,0.200,99
2,25,2017,18,0,,22.220,18.420,79.000,89238.930,251.821,1394.773,360.613,135.510,377.979,67.834,16261.200,35907.981,7461.707,120.594,999,0.400,8.000,99,9999,99999,9,999999999,0.140,0.999,0,0,999,0.140,99
2,25,2017,19,0,,21.470,18.180,81.000,89238.930,0.000,1394.773,356.032,5.810,0.000,0.000,697.200,0.000,0.000,-0.000,999,0.440,8.000,99,9999,99999,9,999999999,0.100,0.999,0,0,999,0.100,99
2,25,2017,20,0,,20.710,17.930,84.000,89238.930,0.000,1394.773,351.983,0.000,0.000,0.000,0.000,0.000,0.000,-0.000,999,0.380,8.000,99,9999,99999,9,999999999,0.080,0.999,0,0,999,0.080,99
2,25,2017,21,0,,19.960,17.680,86.000,89238.930,0.000,1394.773,347.395,0.000,0.000,0.000,0.000,0.000,0.000,-0.000,999,0.140,8.000,99,9999,99999,9,999999999,0.010,0.999,0,0,999,0.010,99
2,25,2017,22,0,,19.200,17.430,84.000,89238.930,0.000,1394.773,340.474,0.000,0.000,0.000,0.000,0.000,0.000,-0.000,999,0.140,7.000,99,9999,99999,9,999999999,0.000,0.999,0,0,999,0.000,0
2,25,2017,23,0,,18.450,17.180,87.000,89238.930,0.000,1394.773,336.549,0.000,0.000,0.000,0.000,0.000,0.000,-0.000,999,0.140,7.000,99,9999,99999,9,999999999,0.000,0.999,0,0,999,0.000,0
2,25,2017,24,0,,17.690,14.580,81.000,89238.930,0.000,1394.773,327.551,0.000,0.000,0.000,0.000,0.000,0.000,-0.000,999,0.040,7.000,99,9999,99999,9,999999999,0.000,0.999,0,0,999,0.000,0
2,26,2017,1,0,,17.310,14.500,83.000,89238.930,0.000,1394.773,325.921,0.000,0.000,0.000,0.000,0.000,0.000,-0.000,999,0.040,7.000,99,9999,99999,9,999999999,0.000,0.999,0,0,999,0.000,0
2,26,2017,2,0,,16.940,14.430,85.000,89238.930,0.000,1394.773,324.340,0.000,0.000,0.000,0.000,0.000,0.000,-0.000,999,0.060,7.000,99,9999,99999,9,999999999,0.000,0.999,0,0,999,0.000,0
2,26,2017,3,0,,16.560,14.350,86.000,89238.930,0.000,1394.773,322.131,0.000,0.000,0.000,0.000,0.000,0.000,-0.000,999,0.060,7.000,99,9999,99999,9,999999999,0.000,0.999,0,0,999,0.000,0
2,26,2017,4,0,,16.180,14.280,88.000,89238.930,0.000,1394.100,320.448,0.000,0.000,0.000,0.000,0.000,0.000,-0.000,999,0.040,7.000,99,9999,99999,9,999999999,0.000,0.999,0,0,999,0.000,0
2,26,2017,5,0,,15.800,14.200,90.000,89238.930,0.000,1394.100,318.746,0.000,0.000,0.000,0.000,0.000,0.000,-0.000,999,0.040,6.000,99,9999,99999,9,999999999,0.000,0.999,0,0,999,0.000,0
2,26,2017,6,0,,15.510,14.150,91.000,89238.930,0.000,1394.100,317.172,0.000,0.000,0.000,0.000,0.000,0.000,-0.000,999,0.050,6.000,99,9999,99999,9,999999999,0.000,0.999,0,0,999,0.000,0
2,26,2017,7,0,,15.260,14.100,92.000,89238.930,241.485,1394.100,315.883,8.050,0.000,8.050,966.000,0.000,885.500,14.927,999,0.060,6.000,99,9999,99999,9,999999999,0.000,0.999,0,0,999,0.000,0
2,26,2017,8,0,,15.010,14.050,93.000,89238.930,564.670,1394.100,314.591,189.820,36.965,174.870,22778.400,3511.662,19235.687,137.629,999,0.120,6.000,99,9999,99999,9,999999999,0.000,0.999,0,0,999,0.000,0
2,26,2017,9,0,,20.090,15.030,72.000,89238.930,855.505,1394.100,339.659,420.020,181.843,308.484,50402.400,17275.064,33933.280,160.091,999,0.260,4.000,99,9999,99999,9,999999999,0.000,0.999,0,0,999,0.000,0
2,26,2017,10,0,,21.910,15.370,66.000,89238.930,1093.415,1394.100,349.103,632.230,310.355,388.858,75867.600,29483.746,42774.393,157.845,999,0.370,3.000,99,9999,99999,9,999999999,0.000,0.999,0,0,999,0.000,0
2,26,2017,11,0,,23.150,15.600,62.000,89238.930,1262.040,1394.100,355.449,712.530,253.348,483.196,85503.600,24068.046,53151.579,169.911,999,1.050,4.000,99,9999,99999,9,999999999,0.000,0.999,0,0,999,0.000,0
2,26,2017,12,0,,24.310,15.810,59.000,89238.930,1349.827,1394.100,361.894,837.800,364.382,484.997,100536.000,34616.294,53349.653,159.446,999,1.230,3.000,99,9999,99999,9,999999999,0.000,0.999,0,0,999,0.000,0
2,26,2017,13,0,,25.230,15.980,56.000,89238.930,1350.762,1394.100,366.378,889.740,442.607,460.901,106768.800,42047.644,50699.086,151.419,999,1.860,3.000,99,9999,99999,9,999999999,0.000,0.999,0,0,999,0.000,0
2,26,2017,14,0,,25.830,16.080,54.000,89238.930,1264.765,1394.100,369.191,862.570,502.671,406.562,103508.400,47753.758,44721.850,142.656,999,1.890,3.000,99,9999,99999,9,999999999,0.000,0.999,0,0,999,0.000,0
2,26,2017,15,0,,26.080,16.130,54.000,89238.930,1097.695,1394.100,371.168,772.180,602.762,297.659,92661.600,57262.409,32742.481,120.354,999,1.750,3.000,99,9999,99999,9,999999999,0.000,0.999,0,0,999,0.000,0
2,26,2017,16,0,,26.040,16.120,54.000,89238.930,860.967,1394.100,370.851,652.140,902.289,95.171,78256.800,85717.420,10468.785,49.076,999,1.360,2.000,99,9999,99999,9,999999999,0.000,0.999,0,0,999,0.000,0
2,26,2017,17,0,,25.360,16.000,56.000,89238.930,570.829,1394.100,367.400,422.030,669.699,148.211,50643.600,63621.399,16303.261,115.385,999,0.990,4.000,99,9999,99999,9,999999999,0.000,0.999,0,0,999,0.000,0
2,26,2017,18,0,,24.280,15.810,59.000,89238.930,247.752,1394.100,361.660,217.830,560.729,119.034,26139.600,53269.217,13093.710,215.046,999,0.560,5.000,99,9999,99999,9,999999999,0.000,0.999,0,0,999,0.000,0
2,26,2017,19,0,,23.290,15.630,62.000,89238.930,0.000,1394.100,356.528,12.350,0.000,0.000,1482.000,0.000,0.000,-0.000,999,0.170,5.000,99,9999,99999,9,999999999,0.000,0.999,0,0,999,0.000,0
2,26,2017,20,0,,22.300,15.450,65.000,89238.930,0.000,1394.100,351.314,0.000,0.000,0.000,0.000,0.000,0.000,-0.000,999,0.140,5.000,99,9999,99999,9,999999999,0.000,0.999,0,0,999,0.000,0
2,26,2017,21,0,,21.300,15.260,68.000,89238.930,0.000,1394.100,345.957,0.000,0.000,0.000,0.000,0.000,0.000,-0.000,999,0.040,6.000,99,9999,99999,9,999999999,0.000,0.999,0,0,999,0.000,0
2,26,2017,22,0,,20.310,15.080,71.000,89238.930,0.000,1394.100,340.625,0.000,0.000,0.000,0.000,0.000,0.000,-0.000,999,0.040,6.000,99,9999,99999,9,999999999,0.000,0.999,0,0,999,0.000,0
2,26,2017,23,0,,19.320,14.890,75.000,89238.930,0.000,1394.100,335.895,0.000,0.000,0.000,0.000,0.000,0.000,-0.000,999,0.040,6.000,99,9999,99999,9,999999999,0.000,0.999,0,0,999,0.000,0
2,26,2017,24,0,,18.330,16.490,86.000,89238.930,0.000,1394.100,335.100,0.000,0.000,0.000,0.000,0.000,0.000,-0.000,999,0.510,6.000,99,9999,99999,9,999999999,0.000,0.999,0,0,999,0.000,0
2,27,2017,1,0,,17.840,16.260,91.000,89238.930,0.000,1394.100,334.157,0.000,0.000,0.000,0.000,0.000,0.000,-0.000,999,0.590,6.000,99,9999,99999,9,999999999,0.020,0.999,0,0,999,0.020,99
2,27,2017,2,0,,17.340,16.010,93.000,89238.930,0.000,1394.100,331.483,0.000,0.000,0.000,0.000,0.000,0.000,-0.000,999,0.510,7.000,99,9999,99999,9,999999999,0.020,0.999,0,0,999,0.020,99
2,27,2017,3,0,,16.850,15.770,94.000,89238.930,0.000,1394.100,328.375,0.000,0.000,0.000,0.000,0.000,0.000,-0.000,999,0.510,7.000,99,9999,99999,9,999999999,0.010,0.999,0,0,999,0.010,99
2,27,2017,4,0,,16.350,15.520,91.000,89238.930,0.000,1393.419,323.217,0.000,0.000,0.000,0.000,0.000,0.000,-0.000,999,0.510,7.000,99,9999,99999,9,999999999,0.000,0.999,0,0,999,0.000,0
2,27,2017,5,0,,15.860,15.270,92.000,89238.930,0.000,1393.419,320.180,0.000,0.000,0.000,0.000,0.000,0.000,-0.000,999,0.510,7.000,99,9999,99999,9,999999999,0.000,0.999,0,0,999,0.000,0
2,27,2017,6,0,,15.480,15.070,97.000,89238.930,0.000,1393.419,319.862,0.000,0.000,0.000,0.000,0.000,0.000,-0.000,999,0.510,8.000,99,9999,99999,9,999999999,0.010,0.999,0,0,999,0.010,99
2,27,2017,7,0,,15.150,14.900,94.000,89238.930,239.252,1393.419,316.070,2.840,0.000,2.840,340.800,0.000,312.400,5.314,999,0.510,8.000,99,9999,99999,9,999999999,0.000,0.999,0,0,999,0.000,0
2,27,2017,8,0,,14.820,14.730,99.000,89238.930,562.518,1393.419,316.054,86.060,0.000,86.060,10327.200,0.000,9466.600,67.959,999,0.510,8.000,99,9999,99999,9,999999999,0.010,0.999,0,0,999,0.010,99
2,27,2017,9,0,,18.390,16.520,90.000,89238.930,853.369,1393.419,337.733,189.410,2.462,187.903,22729.200,233.928,20669.296,97.710,999,0.510,8.000,99,9999,99999,9,999999999,0.290,0.999,0,0,999,0.290,99
2,27,2017,10,0,,19.630,17.100,87.000,89238.930,1091.217,1393.419,345.449,281.460,13.960,270.530,33775.200,1326.164,29758.295,109.981,999,0.510,8.000,99,9999,99999,9,999999999,0.120,0.999,0,0,999,0.120,99
2,27,2017,11,0,,20.710,17.590,85.000,89238.930,1259.703,1393.419,352.578,352.940,17.651,336.984,42352.800,1676.883,37068.187,118.659,999,0.510,8.000,99,9999,99999,9,999999999,0.160,0.999,0,0,999,0.160,99
2,27,2017,12,0,,21.600,17.990,91.000,89238.930,1347.287,1393.419,363.032,398.170,26.732,372.324,47780.400,2539.518,40955.615,122.575,999,0.510,8.000,99,9999,99999,9,999999999,5.290,0.999,0,0,999,5.290,99
2,27,2017,13,0,,22.250,18.270,81.000,89238.930,1347.967,1393.419,362.139,413.790,28.942,385.793,49654.800,2749.496,42437.183,126.945,999,0.510,8.000,99,9999,99999,9,999999999,0.210,0.999,0,0,999,0.210,99
2,27,2017,14,0,,22.670,18.450,80.000,89238.930,1261.681,1393.419,364.813,398.650,31.605,370.034,47838.000,3002.518,40703.794,130.093,999,0.510,8.000,99,9999,99999,9,999999999,0.100,0.999,0,0,999,0.100,99
2,27,2017,15,0,,22.830,18.520,80.000,89238.930,1094.308,1393.419,366.082,353.840,26.198,333.269,42460.800,2488.819,36659.628,135.104,999,0.510,8.000,99,9999,99999,9,999999999,0.030,0.999,0,0,999,0.030,99
2,27,2017,16,0,,22.700,18.460,76.000,89238.930,857.284,1393.419,362.385,282.690,21.606,269.403,33922.800,2052.584,29634.384,139.450,999,0.510,8.000,99,9999,99999,9,999999999,0.000,0.999,0,0,999,0.000,0
2,27,2017,17,0,,22.190,18.250,77.000,89238.930,566.880,1393.419,359.060,190.840,65.134,164.381,22900.800,6187.707,18081.886,128.804,999,0.510,8.000,99,9999,99999,9,999999999,0.000,0.999,0,0,999,0.000,0
2,27,2017,18,0,,21.360,17.880,83.000,89238.930,243.606,1393.419,356.417,87.480,108.955,68.600,10497.600,10350.745,7546.032,126.017,999,0.510,8.000,99,9999,99999,9,999999999,0.060,0.999,0,0,999,0.060,99
2,27,2017,19,0,,20.680,17.580,85.000,89238.930,0.000,1393.419,352.346,3.240,0.000,0.000,388.800,0.000,0.000,-0.000,999,0.510,8.000,99,9999,99999,9,999999999,0.080,0.999,0,0,999,0.080,99
2,27,2017,20,0,,19.990,17.270,86.000,89238.930,0.000,1393.419,347.625,0.000,0.000,0.000,0.000,0.000,0.000,-0.000,999,0.510,8.000,99,9999,99999,9,999999999,0.040,0.999,0,0,999,0.040,99
2,27,2017,21,0,,19.300,16.950,88.000,89238.930,0.000,1393.419,343.502,0.000,0.000,0.000,0.000,0.000,0.000,-0.000,999,0.510,8.000,99,9999,99999,9,999999999,0.030,0.999,0,0,999,0.030,99
2,27,2017,22,0,,18.610,16.630,90.000,89238.930,0.000,1393.419,339.385,0.000,0.000,0.000,0.000,0.000,0.000,-0.000,999,0.510,8.000,99,9999,99999,9,999999999,0.050,0.999,0,0,999,0.050,99
2,27,2017,23,0,,17.930,16.300,91.000,89238.930,0.000,1393.419,334.827,0.000,0.000,0.000,0.000,0.000,0.000,-0.000,999,0.510,8.000,99,9999,99999,9,999999999,0.480,0.999,0,0,999,0.480,99
2,27,2017,24,0,,17.240,15.330,93.000,89238.930,0.000,1393.419,330.744,0.000,0.000,0.000,0.000,0.000,0.000,-0.000,999,0.100,8.000,99,9999,99999,9,999999999,0.010,0.999,0,0,999,0.010,99
2,28,2017,1,0,,16.900,15.240,94.000,89238.930,0.000,1393.419,328.743,0.000,0.000,0.000,0.000,0.000,0.000,-0.000,999,0.100,8.000,99,9999,99999,9,999999999,0.010,0.999,0,0,999,0.010,99
2,28,2017,2,0,,16.550,15.160,96.000,89238.930,0.000,1393.419,327.160,0.000,0.000,0.000,0.000,0.000,0.000,-0.000,999,0.100,8.000,99,9999,99999,9,999999999,0.010,0.999,0,0,999,0.010,99
2,28,2017,3,0,,16.210,15.070,92.000,89238.930,0.000,1393.419,322.707,0.000,0.000,0.000,0.000,0.000,0.000,-0.000,999,0.100,8.000,99,9999,99999,9,999999999,0.000,0.999,0,0,999,0.000,0
2,28,2017,4,0,,15.860,14.980,94.000,89238.930,0.000,1392.731,321.165,0.000,0.000,0.000,0.000,0.000,0.000,-0.000,999,0.100,8.000,99,9999,99999,9,999999999,0.000,0.999,0,0,999,0.000,0
2,28,2017,5,0,,15.520,14.890,96.000,89238.930,0.000,1392.731,319.677,0.000,0.000,0.000,0.000,0.000,0.000,-0.000,999,0.100,8.000,99,9999,99999,9,999999999,0.000,0.999,0,0,999,0.000,0
2,28,2017,6,0,,15.260,14.830,97.000,89238.930,0.000,1392.731,318.280,0.000,0.000,0.000,0.000,0.000,0.000,-0.000,999,0.100,8.000,99,9999,99999,9,999999999,0.000,0.999,0,0,999,0.000,0
2,28,2017,7,0,,15.030,14.770,98.000,89238.930,237.045,1392.731,317.097,4.250,0.000,4.250,510.000,0.000,467.500,8.023,999,0.100,8.000,99,9999,99999,9,999999999,0.000,0.999,0,0,999,0.000,0
2,28,2017,8,0,,14.800,14.710,99.000,89238.930,560.374,1392.731,315.911,116.250,0.000,116.250,13950.000,0.000,12787.500,92.106,999,0.100,8.000,99,9999,99999,9,999999999,0.000,0.999,0,0,999,0.000,0
2,28,2017,9,0,,19.010,15.770,81.000,89238.930,851.220,1392.731,337.290,303.150,30.387,284.587,36378.000,2886.734,31304.588,148.287,999,0.100,7.000,99,9999,99999,9,999999999,0.000,0.999,0,0,999,0.000,0
2,28,2017,10,0,,20.620,16.150,75.000,89238.930,1088.985,1392.731,345.647,450.900,78.880,389.235,54108.000,7493.610,42815.810,158.485,999,0.100,7.000,99,9999,99999,9,999999999,0.000,0.999,0,0,999,0.000,0
2,28,2017,11,0,,22.000,16.480,75.000,89238.930,1257.315,1392.731,356.235,565.590,135.429,443.337,67870.800,12865.782,48767.036,156.328,999,0.350,7.000,99,9999,99999,9,999999999,0.010,0.999,0,0,999,0.010,99
2,28,2017,12,0,,23.120,16.740,67.000,89238.930,1344.679,1392.731,359.176,638.090,77.942,562.839,76570.800,7404.496,61912.257,185.563,999,0.330,7.000,99,9999,99999,9,999999999,0.000,0.999,0,0,999,0.000,0
2,28,2017,13,0,,23.950,16.930,64.000,89238.930,1345.090,1392.731,363.294,663.020,91.016,575.119,79562.400,8646.533,63263.098,189.554,999,1.220,7.000,99,9999,99999,9,999999999,0.000,0.999,0,0,999,0.000,0
2,28,2017,14,0,,24.470,17.050,63.000,89238.930,1258.506,1392.731,366.562,638.550,132.264,519.041,76626.000,12565.122,57094.456,182.849,999,1.970,7.000,99,9999,99999,9,999999999,0.000,0.999,0,0,999,0.000,0
2,28,2017,15,0,,24.680,17.100,62.000,89238.930,1090.826,1392.731,367.381,566.450,163.753,438.218,67974.000,15556.555,48203.942,178.128,999,2.010,7.000,99,9999,99999,9,999999999,0.000,0.999,0,0,999,0.000,0
2,28,2017,16,0,,24.530,17.060,63.000,89238.930,853.507,1392.731,367.035,452.080,219.978,317.337,54249.600,20897.911,34907.029,164.908,999,1.710,7.000,99,9999,99999,9,999999999,0.000,0.999,0,0,999,0.000,0
2,28,2017,17,0,,23.900,16.920,69.000,89238.930,562.844,1392.731,366.823,304.480,341.255,166.775,36537.600,32419.198,18345.199,131.555,999,1.620,7.000,99,9999,99999,9,999999999,0.010,0.999,0,0,999,0.010,99
2,28,2017,18,0,,22.892,16.686,71.600,89238.930,239.385,1392.731,360.811,179.930,407.246,110.572,21591.600,38688.387,12162.909,206.659,999,0.982,7.600,99,9999,99999,9,999999999,0.016,0.999,0,0,999,0.016,99
2,28,2017,19,0,,22.042,16.488,75.200,89238.930,0.000,1392.731,356.697,89.514,0.000,0.000,10741.680,0.000,0.000,-0.000,999,0.660,7.800,99,9999,99999,9,999999999,0.170,0.999,0,0,999,0.170,99
2,28,2017,20,0,,21.144,16.276,78.200,89238.930,0.000,1392.731,351.732,28.618,0.000,0.000,3434.160,0.000,0.000,-0.000,999,0.356,8.000,99,9999,99999,9,999999999,0.176,0.999,0,0,999,0.176,99
2,28,2017,21,0,,20.278,16.068,81.200,89238.930,0.000,1392.731,346.976,0.914,0.000,0.000,109.680,0.000,0.000,-0.000,999,0.164,8.000,99,9999,99999,9,999999999,0.186,0.999,0,0,999,0.186,99
2,28,2017,22,0,,19.920,16.294,83.000,89238.930,0.000,1392.731,345.334,0.000,0.000,0.000,0.000,0.000,0.000,-0.000,999,0.128,8.000,99,9999,99999,9,999999999,0.252,0.999,0,0,999,0.252,99
2,28,2017,23,0,,19.666,16.538,84.400,89238.930,0.000,1392.731,344.228,0.000,0.000,0.000,0.000,0.000,0.000,-0.000,999,0.144,8.000,99,9999,99999,9,999999999,0.282,0.999,0,0,999,0.282,99
2,29,2012,24,0,,19.512,16.800,85.400,89238.930,0.000,1392.035,343.638,0.000,0.000,0.000,0.000,0.000,0.000,-0.000,999,0.166,8.000,99,9999,99999,9,999999999,0.136,0.999,0,0,999,0.136,99
3,1,2012,1,0,,19.462,17.080,87.400,89238.930,0.000,1392.035,344.396,0.000,0.000,0.000,0.000,0.000,0.000,-0.000,999,0.188,8.000,99,9999,99999,9,999999999,1.374,0.999,0,0,999,1.374,99
3,1,2012,2,0,,19.512,17.378,87.400,89238.930,0.000,1392.035,344.777,0.000,0.000,0.000,0.000,0.000,0.000,-0.000,999,0.210,8.000,99,9999,99999,9,999999999,1.380,0.999,0,0,999,1.380,99
3,1,2012,3,0,,19.158,17.260,88.400,89238.930,0.000,1392.035,342.648,0.000,0.000,0.000,0.000,0.000,0.000,-0.000,999,0.210,8.000,99,9999,99999,9,999999999,1.322,0.999,0,0,999,1.322,99
3,1,2012,4,0,,18.818,17.146,88.600,89238.930,0.000,1391.331,340.190,0.000,0.000,0.000,0.000,0.000,0.000,-0.000,999,0.210,8.000,99,9999,99999,9,999999999,1.286,0.999,0,0,999,1.286,99
3,1,2012,5,0,,18.504,17.040,88.800,89238.930,0.000,1391.331,337.940,0.656,0.000,0.000,78.720,0.000,0.000,-0.000,999,0.210,8.000,99,9999,99999,9,999999999,1.278,0.999,0,0,999,1.278,99
3,1,2012,6,0,,18.170,16.930,86.000,89238.930,0.000,1391.331,333.912,0.000,0.000,0.000,0.000,0.000,0.000,-0.000,999,0.210,8.000,99,9999,99999,9,999999999,0.000,0.999,0,0,999,0.000,0
3,1,2012,7,0,,17.940,16.850,87.000,89238.930,234.286,1391.331,332.758,3.280,0.000,3.280,393.600,0.000,360.800,6.260,999,0.210,8.000,99,9999,99999,9,999999999,0.000,0.999,0,0,999,0.000,0
3,1,2012,8,0,,17.710,16.770,87.000,89238.930,557.540,1391.331,331.059,114.560,0.000,114.560,13747.200,0.000,12601.600,91.138,999,0.210,8.000,99,9999,99999,9,999999999,0.000,0.999,0,0,999,0.000,0
3,1,2012,9,0,,20.300,17.640,81.000,89238.930,848.241,1391.331,347.021,254.090,20.703,241.474,30490.800,1966.810,26562.170,126.138,999,0.210,8.000,99,9999,99999,9,999999999,0.000,0.999,0,0,999,0.000,0
3,1,2012,10,0,,20.060,17.560,81.000,89238.930,1085.787,1391.331,345.194,131.950,1.435,130.830,15834.000,136.341,14391.324,53.374,999,0.210,8.000,99,9999,99999,9,999999999,0.000,0.999,0,0,999,0.000,0
3,1,2012,11,0,,20.880,17.830,80.000,89238.930,1253.837,1391.331,350.843,400.070,29.115,373.834,48008.400,2765.893,41121.772,132.053,999,0.210,8.000,99,9999,99999,9,999999999,0.000,0.999,0,0,999,0.000,0
3,1,2012,12,0,,21.840,18.140,77.000,89238.930,1340.879,1391.331,356.332,567.290,81.057,489.174,68074.800,7700.438,53809.117,161.571,999,0.410,7.000,99,9999,99999,9,999999999,0.000,0.999,0,0,999,0.000,0
3,1,2012,13,0,,22.260,18.270,77.000,89238.930,1340.949,1391.331,359.607,469.000,34.348,435.897,56280.000,3263.017,47948.665,143.967,999,1.080,8.000,99,9999,99999,9,999999999,0.000,0.999,0,0,999,0.000,0
3,1,2012,14,0,,22.960,18.490,75.000,89238.930,1254.028,1391.331,363.746,673.730,261.730,437.845,80847.600,24864.331,48162.939,154.640,999,1.340,6.000,99,9999,99999,9,999999999,0.000,0.999,0,0,999,0.000,0
3,1,2012,15,0,,23.040,18.510,75.000,89238.930,1086.039,1391.331,364.378,414.290,89.271,344.620,49714.800,8480.736,37908.247,140.559,999,0.770,8.000,99,9999,99999,9,999999999,0.000,0.999,0,0,999,0.000,0
3,1,2012,16,0,,23.370,18.610,74.000,89238.930,848.461,1391.331,366.288,589.360,670.076,180.937,70723.200,63657.248,19903.027,94.491,999,1.050,4.000,99,9999,99999,9,999999999,0.000,0.999,0,0,999,0.000,0
3,1,2012,17,0,,23.200,18.560,75.000,89238.930,557.609,1391.331,365.643,332.450,570.345,104.219,39894.000,54182.739,11464.039,82.900,999,0.380,7.000,99,9999,99999,9,999999999,0.000,0.999,0,0,999,0.000,0
3,1,2012,18,0,,22.590,18.370,76.000,89238.930,234.072,1391.331,361.521,114.540,310.710,62.766,13744.800,29517.438,6904.252,119.899,999,0.300,8.000,99,9999,99999,9,999999999,0.000,0.999,0,0,999,0.000,0
3,1,2012,19,0,,22.020,18.190,77.000,89238.930,0.000,1391.331,357.733,3.240,0.000,0.000,388.800,0.000,0.000,-0.000,999,0.210,7.000,99,9999,99999,9,999999999,0.000,0.999,0,0,999,0.000,0
3,1,2012,20,0,,21.450,18.010,82.000,89238.930,0.000,1391.331,356.501,0.000,0.000,0.000,0.000,0.000,0.000,-0.000,999,0.210,7.000,99,9999,99999,9,999999999,0.020,0.999,0,0,999,0.020,99
3,1,2012,21,0,,20.880,17.830,80.000,89238.930,0.000,1391.331,350.843,0.000,0.000,0.000,0.000,0.000,0.000,-0.000,999,0.210,6.000,99,9999,99999,9,999999999,0.000,0.999,0,0,999,0.000,0
3,1,2012,22,0,,20.310,17.640,84.000,89238.930,0.000,1391.331,348.905,0.000,0.000,0.000,0.000,0.000,0.000,-0.000,999,0.210,6.000,99,9999,99999,9,999999999,0.010,0.999,0,0,999,0.010,99
3,1,2012,23,0,,19.740,17.460,82.000,89238.930,0.000,1391.331,343.372,0.000,0.000,0.000,0.000,0.000,0.000,-0.000,999,0.210,5.000,99,9999,99999,9,999999999,0.000,0.999,0,0,999,0.000,0
3,1,2012,24,0,,19.170,16.910,84.000,89238.930,0.000,1391.331,340.248,0.000,0.000,0.000,0.000,0.000,0.000,-0.000,999,0.220,5.000,99,9999,99999,9,999999999,0.000,0.999,0,0,999,0.000,0
3,2,2012,1,0,,18.880,16.810,84.000,89238.930,0.000,1391.331,338.073,0.000,0.000,0.000,0.000,0.000,0.000,-0.000,999,0.220,4.000,99,9999,99999,9,999999999,0.000,0.999,0,0,999,0.000,0
3,2,2012,2,0,,18.600,16.710,85.000,89238.930,0.000,1391.331,336.551,0.000,0.000,0.000,0.000,0.000,0.000,-0.000,999,0.220,3.000,99,9999,99999,9,999999999,0.000,0.999,0,0,999,0.000,0
3,2,2012,3,0,,18.310,16.600,86.000,89238.930,0.000,1391.331,334.952,0.000,0.000,0.000,0.000,0.000,0.000,-0.000,999,0.220,3.000,99,9999,99999,9,999999999,0.000,0.999,0,0,999,0.000,0
3,2,2012,4,0,,18.020,16.500,87.000,89238.930,0.000,1390.620,333.350,0.000,0.000,0.000,0.000,0.000,0.000,-0.000,999,0.220,2.000,99,9999,99999,9,999999999,0.000,0.999,0,0,999,0.000,0
3,2,2012,5,0,,17.740,16.400,88.000,89238.930,0.000,1390.620,331.821,0.000,0.000,0.000,0.000,0.000,0.000,-0.000,999,0.220,2.000,99,9999,99999,9,999999999,0.000,0.999,0,0,999,0.000,0
3,2,2012,6,0,,17.520,16.320,89.000,89238.930,0.000,1390.620,330.732,0.000,0.000,0.000,0.000,0.000,0.000,-0.000,999,0.220,1.000,99,9999,99999,9,999999999,0.000,0.999,0,0,999,0.000,0
3,2,2012,7,0,,17.330,16.250,90.000,89238.930,232.143,1390.620,329.860,33.890,0.000,33.890,4066.800,0.000,3727.900,65.253,999,0.220,1.000,99,9999,99999,9,999999999,0.000,0.999,0,0,999,0.000,0
3,2,2012,8,0,,17.140,16.180,90.000,89238.930,555.418,1390.620,328.464,377.200,403.814,216.163,45264.000,38362.331,23777.904,172.539,999,0.220,0.000,99,9999,99999,9,999999999,0.000,0.999,0,0,999,0.000,0
3,2,2012,9,0,,21.380,17.670,77.000,89238.930,846.068,1390.620,352.771,249.630,37.622,226.752,29955.600,3574.116,24942.679,118.692,999,0.220,8.000,99,9999,99999,9,999999999,0.000,0.999,0,0,999,0.000,0
3,2,2012,10,0,,21.990,17.870,75.000,89238.930,1083.484,1390.620,356.157,447.390,92.245,375.532,53686.800,8763.243,41308.567,153.450,999,0.220,7.000,99,9999,99999,9,999999999,0.000,0.999,0,0,999,0.000,0
3,2,2012,11,0,,22.680,18.100,73.000,89238.930,1251.333,1390.620,360.150,561.520,80.555,489.039,67382.400,7652.732,53794.237,173.005,999,0.220,7.000,99,9999,99999,9,999999999,0.000,0.999,0,0,999,0.000,0
3,2,2012,12,0,,23.280,18.300,72.000,89238.930,1338.115,1390.620,364.147,633.520,77.338,559.103,76022.400,7347.139,61501.381,184.956,999,0.350,7.000,99,9999,99999,9,999999999,0.000,0.999,0,0,999,0.000,0
3,2,2012,13,0,,23.750,18.450,75.000,89238.930,1337.887,1390.620,370.018,658.030,210.715,455.310,78963.600,20017.911,50084.144,150.646,999,0.440,7.000,99,9999,99999,9,999999999,0.010,0.999,0,0,999,0.010,99
3,2,2012,14,0,,22.720,18.120,73.000,89238.930,1250.647,1390.620,360.463,176.800,30.503,149.369,21216.000,2897.760,16430.637,52.871,999,0.710,8.000,99,9999,99999,9,999999999,0.000,0.999,0,0,999,0.000,0
3,2,2012,15,0,,23.060,18.230,72.000,89238.930,1082.343,1390.620,362.416,561.010,256.221,361.627,67321.200,24340.970,39778.996,147.924,999,1.200,7.000,99,9999,99999,9,999999999,0.000,0.999,0,0,999,0.000,0
3,2,2012,16,0,,23.030,18.220,72.000,89238.930,844.475,1390.620,362.181,446.630,219.884,313.169,53595.600,20889.013,34448.584,164.236,999,1.120,7.000,99,9999,99999,9,999999999,0.000,0.999,0,0,999,0.000,0
3,2,2012,17,0,,22.670,18.100,78.000,89238.930,553.381,1390.620,363.496,299.210,380.017,148.221,35905.200,36101.586,16304.295,118.745,999,0.890,7.000,99,9999,99999,9,999999999,0.020,0.999,0,0,999,0.020,99
3,2,2012,18,0,,22.030,17.890,80.000,89238.930,229.690,1390.620,359.770,133.740,311.027,82.875,16048.800,29547.585,9116.284,161.309,999,0.270,8.000,99,9999,99999,9,999999999,0.040,0.999,0,0,999,0.040,99
3,2,2012,19,0,,21.460,17.700,81.000,89238.930,0.000,1390.620,355.955,3.280,0.000,0.000,393.600,0.000,0.000,-0.000,999,0.290,8.000,99,9999,99999,9,999999999,0.180,0.999,0,0,999,0.180,99
3,2,2012,20,0,,20.890,17.500,83.000,89238.930,0.000,1390.620,352.770,0.000,0.000,0.000,0.000,0.000,0.000,-0.000,999,0.220,8.000,99,9999,99999,9,999999999,0.060,0.999,0,0,999,0.060,99
3,2,2012,21,0,,20.320,17.310,94.000,89238.930,0.000,1390.620,354.635,0.000,0.000,0.000,0.000,0.000,0.000,-0.000,999,0.220,8.000,99,9999,99999,9,999999999,6.230,0.999,0,0,999,6.230,99
3,2,2012,22,0,,19.750,17.110,86.000,89238.930,0.000,1390.620,345.792,0.000,0.000,0.000,0.000,0.000,0.000,-0.000,999,0.220,8.000,99,9999,99999,9,999999999,0.350,0.999,0,0,999,0.350,99
3,2,2012,23,0,,19.180,16.910,88.000,89238.930,0.000,1390.620,342.593,0.000,0.000,0.000,0.000,0.000,0.000,-0.000,999,0.220,8.000,99,9999,99999,9,999999999,0.100,0.999,0,0,999,0.100,99
3,2,2012,24,0,,18.610,16.460,92.000,89238.930,0.000,1390.620,340.453,0.000,0.000,0.000,0.000,0.000,0.000,-0.000,999,0.080,8.000,99,9999,99999,9,999999999,0.420,0.999,0,0,999,0.420,99
3,3,2012,1,0,,18.320,16.360,93.000,89238.930,0.000,1390.620,338.792,0.000,0.000,0.000,0.000,0.000,0.000,-0.000,999,0.080,8.000,99,9999,99999,9,999999999,0.050,0.999,0,0,999,0.050,99
3,3,2012,2,0,,18.040,16.250,94.000,89238.930,0.000,1390.620,337.206,0.000,0.000,0.000,0.000,0.000,0.000,-0.000,999,0.080,8.000,99,9999,99999,9,999999999,0.030,0.999,0,0,999,0.030,99
3,3,2012,3,0,,17.750,16.140,90.000,89238.930,0.000,1390.620,332.963,0.000,0.000,0.000,0.000,0.000,0.000,-0.000,999,0.080,8.000,99,9999,99999,9,999999999,0.000,0.999,0,0,999,0.000,0
3,3,2012,4,0,,17.470,16.040,91.000,89238.930,0.000,1389.903,331.414,0.000,0.000,0.000,0.000,0.000,0.000,-0.000,999,0.080,8.000,99,9999,99999,9,999999999,0.000,0.999,0,0,999,0.000,0
3,3,2012,5,0,,17.180,15.930,92.000,89238.930,0.000,1389.903,329.791,0.000,0.000,0.000,0.000,0.000,0.000,-0.000,999,0.080,8.000,99,9999,99999,9,999999999,0.000,0.999,0,0,999,0.000,0
3,3,2012,6,0,,16.960,15.850,93.000,89238.930,0.000,1389.903,328.681,0.000,0.000,0.000,0.000,0.000,0.000,-0.000,999,0.080,8.000,99,9999,99999,9,999999999,0.000,0.999,0,0,999,0.000,0
3,3,2012,7,0,,16.770,15.780,93.000,89238.930,230.026,1389.903,327.288,3.090,0.000,3.090,370.800,0.000,339.900,6.002,999,0.080,8.000,99,9999,99999,9,999999999,0.000,0.999,0,0,999,0.000,0
3,3,2012,8,0,,16.580,15.710,94.000,89238.930,553.303,1389.903,326.397,123.140,0.000,123.140,14776.800,0.000,13545.400,98.615,999,0.080,8.000,99,9999,99999,9,999999999,0.000,0.999,0,0,999,0.000,0
3,3,2012,9,0,,19.550,16.800,83.000,89238.930,843.882,1389.903,342.529,274.970,31.858,255.637,32996.400,3026.509,28120.079,134.090,999,0.080,8.000,99,9999,99999,9,999999999,0.000,0.999,0,0,999,0.000,0
3,3,2012,10,0,,20.600,17.170,80.000,89238.930,1081.147,1389.903,348.695,410.140,47.359,373.309,49216.800,4499.069,41063.965,152.792,999,0.170,8.000,99,9999,99999,9,999999999,0.000,0.999,0,0,999,0.000,0
3,3,2012,11,0,,21.520,17.490,77.000,89238.930,1248.776,1389.903,353.852,514.890,57.472,463.257,61786.800,5459.876,50958.252,164.135,999,0.330,7.000,99,9999,99999,9,999999999,0.000,0.999,0,0,999,0.000,0
3,3,2012,12,0,,22.260,17.750,75.000,89238.930,1335.283,1389.903,358.257,580.910,54.962,528.109,69709.200,5221.433,58091.958,174.983,999,0.830,7.000,99,9999,99999,9,999999999,0.000,0.999,0,0,999,0.000,0
3,3,2012,13,0,,22.820,17.930,73.000,89238.930,1334.744,1389.903,361.246,603.280,64.125,541.701,72393.600,6091.917,59587.103,179.559,999,1.390,7.000,99,9999,99999,9,999999999,0.000,0.999,0,0,999,0.000,0
3,3,2012,14,0,,23.160,18.050,72.000,89238.930,1247.178,1389.903,363.202,580.360,93.520,496.449,69643.200,8884.439,54609.375,176.121,999,1.820,7.000,99,9999,99999,9,999999999,0.000,0.999,0,0,999,0.000,0
3,3,2012,15,0,,23.300,18.090,77.000,89238.930,1078.556,1389.903,367.816,513.810,116.898,423.115,61657.200,11105.324,46542.689,173.594,999,1.680,7.000,99,9999,99999,9,999999999,0.010,0.999,0,0,999,0.010,99
3,3,2012,16,0,,23.180,18.050,77.000,89238.930,840.401,1389.903,366.861,408.580,159.923,311.932,49029.600,15192.640,34312.573,164.297,999,0.750,8.000,99,9999,99999,9,999999999,0.220,0.999,0,0,999,0.220,99
3,3,2012,17,0,,22.740,17.910,78.000,89238.930,549.072,1389.903,364.048,273.020,284.775,160.698,32762.400,27053.633,17676.831,129.688,999,0.610,8.000,99,9999,99999,9,999999999,0.080,0.999,0,0,999,0.080,99
3,3,2012,18,0,,22.040,17.670,91.000,89238.930,225.242,1389.903,366.532,121.010,305.593,71.995,14521.200,29031.371,7919.452,142.879,999,0.080,8.000,99,9999,99999,9,999999999,7.020,0.999,0,0,999,7.020,99
3,3,2012,19,0,,21.410,17.450,82.000,89238.930,0.000,1389.903,356.190,2.540,0.000,0.000,304.800,0.000,0.000,-0.000,999,0.080,8.000,99,9999,99999,9,999999999,0.020,0.999,0,0,999,0.020,99
3,3,2012,20,0,,20.790,17.240,79.000,89238.930,0.000,1389.903,349.523,0.000,0.000,0.000,0.000,0.000,0.000,-0.000,999,0.080,8.000,99,9999,99999,9,999999999,0.000,0.999,0,0,999,0.000,0
3,3,2012,21,0,,20.160,17.020,81.000,89238.930,0.000,1389.903,345.955,0.000,0.000,0.000,0.000,0.000,0.000,-0.000,999,0.080,8.000,99,9999,99999,9,999999999,0.000,0.999,0,0,999,0.000,0
3,3,2012,22,0,,19.540,16.800,83.000,89238.930,0.000,1389.903,342.453,0.000,0.000,0.000,0.000,0.000,0.000,-0.000,999,0.080,8.000,99,9999,99999,9,999999999,0.000,0.999,0,0,999,0.000,0
3,3,2012,23,0,,18.920,16.570,91.000,89238.930,0.000,1389.903,342.263,0.000,0.000,0.000,0.000,0.000,0.000,-0.000,999,0.080,8.000,99,9999,99999,9,999999999,0.130,0.999,0,0,999,0.130,99
3,3,2012,24,0,,18.290,15.900,90.000,89238.930,0.000,1389.903,336.984,0.000,0.000,0.000,0.000,0.000,0.000,-0.000,999,0.230,8.000,99,9999,99999,9,999999999,0.040,0.999,0,0,999,0.040,99
3,4,2012,1,0,,17.980,15.810,86.000,89238.930,0.000,1389.903,332.504,0.000,0.000,0.000,0.000,0.000,0.000,-0.000,999,0.230,8.000,99,9999,99999,9,999999999,0.000,0.999,0,0,999,0.000,0
3,4,2012,2,0,,17.670,15.710,88.000,89238.930,0.000,1389.903,331.305,0.000,0.000,0.000,0.000,0.000,0.000,-0.000,999,0.230,8.000,99,9999,99999,9,999999999,0.000,0.999,0,0,999,0.000,0
3,4,2012,3,0,,17.360,15.620,89.000,89238.930,0.000,1389.903,329.554,0.000,0.000,0.000,0.000,0.000,0.000,-0.000,999,0.230,8.000,99,9999,99999,9,999999999,0.000,0.999,0,0,999,0.000,0
3,4,2012,4,0,,17.040,15.520,90.000,89238.930,0.000,1389.179,327.731,0.000,0.000,0.000,0.000,0.000,0.000,-0.000,999,0.230,8.000,99,9999,99999,9,999999999,0.000,0.999,0,0,999,0.000,0
3,4,2012,5,0,,16.730,15.420,91.000,89238.930,0.000,1389.179,325.981,0.000,0.000,0.000,0.000,0.000,0.000,-0.000,999,0.230,8.000,99,9999,99999,9,999999999,0.000,0.999,0,0,999,0.000,0
3,4,2012,6,0,,16.490,15.350,92.000,89238.930,0.000,1389.179,324.740,0.000,0.000,0.000,0.000,0.000,0.000,-0.000,999,0.230,8.000,99,9999,99999,9,999999999,0.000,0.999,0,0,999,0.000,0
3,4,2012,7,0,,16.280,15.280,93.000,89238.930,227.934,1389.179,323.714,2.370,0.000,2.370,284.400,0.000,260.700,4.644,999,0.230,8.000,99,9999,99999,9,999999999,0.000,0.999,0,0,999,0.000,0
3,4,2012,8,0,,16.080,15.220,94.000,89238.930,551.193,1389.179,322.757,101.030,0.000,101.030,12123.600,0.000,11113.300,81.177,999,0.230,8.000,99,9999,99999,9,999999999,0.000,0.999,0,0,999,0.000,0
3,4,2012,9,0,,18.780,16.050,83.000,89238.930,841.681,1389.179,336.748,226.350,18.882,214.916,27162.000,1793.782,23640.709,112.966,999,0.230,8.000,99,9999,99999,9,999999999,0.000,0.999,0,0,999,0.000,0
3,4,2012,10,0,,19.740,16.330,80.000,89238.930,1078.776,1389.179,342.163,337.900,15.343,325.987,40548.000,1457.610,35858.613,133.648,999,0.230,8.000,99,9999,99999,9,999999999,0.000,0.999,0,0,999,0.000,0
3,4,2012,11,0,,20.570,16.570,77.000,89238.930,1246.166,1389.179,346.568,424.300,18.890,407.356,50916.000,1794.517,44809.182,144.556,999,0.260,8.000,99,9999,99999,9,999999999,0.000,0.999,0,0,999,0.000,0
3,4,2012,12,0,,21.250,16.770,75.000,89238.930,1332.383,1389.179,350.450,478.700,45.784,434.789,57444.000,4349.526,47826.735,144.301,999,0.590,8.000,99,9999,99999,9,999999999,0.000,0.999,0,0,999,0.000,0
3,4,2012,13,0,,21.760,16.910,73.000,89238.930,1331.520,1389.179,353.010,497.030,51.339,447.823,59643.600,4877.175,49260.577,148.723,999,0.840,8.000,99,9999,99999,9,999999999,0.000,0.999,0,0,999,0.000,0
3,4,2012,14,0,,22.070,17.000,72.000,89238.930,1243.622,1389.179,354.704,477.970,60.431,423.875,57356.400,5740.911,46626.268,150.726,999,0.550,8.000,99,9999,99999,9,999999999,0.000,0.999,0,0,999,0.000,0
3,4,2012,15,0,,22.200,17.040,77.000,89238.930,1074.680,1389.179,359.138,422.880,54.935,380.390,50745.600,5218.849,41842.902,156.547,999,1.400,8.000,99,9999,99999,9,999999999,0.010,0.999,0,0,999,0.010,99
3,4,2012,16,0,,22.090,17.010,82.000,89238.930,836.241,1389.179,361.513,335.870,59.431,300.113,40304.400,5645.984,33012.393,158.776,999,0.690,8.000,99,9999,99999,9,999999999,2.830,0.999,0,0,999,2.830,99
3,4,2012,17,0,,21.690,16.890,73.000,89238.930,544.687,1389.179,352.472,223.860,131.306,172.458,26863.200,12474.104,18970.405,140.230,999,0.660,8.000,99,9999,99999,9,999999999,0.000,0.999,0,0,999,0.000,0
3,4,2012,18,0,,21.040,16.710,81.000,89238.930,220.731,1389.179,352.700,98.360,286.020,53.398,11803.200,27171.942,5873.774,108.125,999,0.230,8.000,99,9999,99999,9,999999999,0.110,0.999,0,0,999,0.110,99
3,4,2012,19,0,,20.510,16.560,77.000,89238.930,0.000,1389.179,346.112,1.750,0.000,0.000,210.000,0.000,0.000,-0.000,999,0.230,8.000,99,9999,99999,9,999999999,0.000,0.999,0,0,999,0.000,0
3,4,2012,20,0,,19.980,16.400,79.000,89238.930,0.000,1389.179,343.359,0.000,0.000,0.000,0.000,0.000,0.000,-0.000,999,0.230,8.000,99,9999,99999,9,999999999,0.000,0.999,0,0,999,0.000,0
3,4,2012,21,0,,19.450,16.250,81.000,89238.930,0.000,1389.179,340.585,0.000,0.000,0.000,0.000,0.000,0.000,-0.000,999,0.230,8.000,99,9999,99999,9,999999999,0.000,0.999,0,0,999,0.000,0
3,4,2012,22,0,,18.920,16.090,83.000,89238.930,0.000,1389.179,337.794,0.000,0.000,0.000,0.000,0.000,0.000,-0.000,999,0.230,8.000,99,9999,99999,9,999999999,0.000,0.999,0,0,999,0.000,0
3,4,2012,23,0,,18.390,15.930,90.000,89238.930,0.000,1389.179,337.733,0.000,0.000,0.000,0.000,0.000,0.000,-0.000,999,0.230,8.000,99,9999,99999,9,999999999,0.020,0.999,0,0,999,0.020,99
3,4,2012,24,0,,17.860,15.270,84.000,89238.930,0.000,1389.179,330.505,0.000,0.000,0.000,0.000,0.000,0.000,-0.000,999,0.030,8.000,99,9999,99999,9,999999999,0.000,0.999,0,0,999,0.000,0
3,5,2012,1,0,,17.600,15.220,85.000,89238.930,0.000,1389.179,329.153,0.000,0.000,0.000,0.000,0.000,0.000,-0.000,999,0.030,8.000,99,9999,99999,9,999999999,0.000,0.999,0,0,999,0.000,0
3,5,2012,2,0,,17.340,15.170,87.000,89238.930,0.000,1389.179,328.340,0.000,0.000,0.000,0.000,0.000,0.000,-0.000,999,0.030,8.000,99,9999,99999,9,999999999,0.000,0.999,0,0,999,0.000,0
3,5,2012,3,0,,17.070,15.120,88.000,89238.930,0.000,1389.179,326.899,0.000,0.000,0.000,0.000,0.000,0.000,-0.000,999,0.030,8.000,99,9999,99999,9,999999999,0.000,0.999,0,0,999,0.000,0
3,5,2012,4,0,,16.810,15.070,89.000,89238.930,0.000,1388.448,325.530,0.000,0.000,0.000,0.000,0.000,0.000,-0.000,999,0.030,8.000,99,9999,99999,9,999999999,0.000,0.999,0,0,999,0.000,0
3,5,2012,5,0,,16.540,15.020,90.000,89238.930,0.000,1388.448,324.085,0.000,0.000,0.000,0.000,0.000,0.000,-0.000,999,0.030,8.000,99,9999,99999,9,999999999,0.000,0.999,0,0,999,0.000,0
3,5,2012,6,0,,16.340,14.980,91.000,89238.930,0.000,1388.448,323.145,0.000,0.000,0.000,0.000,0.000,0.000,-0.000,999,0.030,8.000,99,9999,99999,9,999999999,0.000,0.999,0,0,999,0.000,0
3,5,2012,7,0,,16.160,14.940,92.000,89238.930,225.864,1388.448,322.345,3.270,0.000,3.270,392.400,0.000,359.700,6.464,999,0.040,8.000,99,9999,99999,9,999999999,0.000,0.999,0,0,999,0.000,0
3,5,2012,8,0,,15.990,14.910,93.000,89238.930,549.088,1388.448,321.613,148.910,9.508,145.156,17869.200,903.215,15967.157,117.019,999,0.050,8.000,99,9999,99999,9,999999999,0.000,0.999,0,0,999,0.000,0
3,5,2012,9,0,,19.670,15.620,77.000,89238.930,839.465,1388.448,339.775,334.740,79.488,286.706,40168.800,7551.342,31537.617,151.020,999,0.170,7.000,99,9999,99999,9,999999999,0.000,0.999,0,0,999,0.000,0
3,5,2012,10,0,,20.980,15.870,72.000,89238.930,1076.370,1388.448,346.360,500.110,126.102,402.370,60013.200,11979.736,44260.734,165.245,999,0.350,6.000,99,9999,99999,9,999999999,0.000,0.999,0,0,999,0.000,0
3,5,2012,11,0,,22.120,16.080,68.000,89238.930,1243.504,1388.448,352.203,628.140,217.583,433.285,75376.800,20670.379,47661.390,154.006,999,0.310,6.000,99,9999,99999,9,999999999,0.000,0.999,0,0,999,0.000,0
3,5,2012,12,0,,23.050,16.250,65.000,89238.930,1329.415,1388.448,357.082,708.650,125.753,588.247,85038.000,11946.502,64707.199,195.565,999,0.760,6.000,99,9999,99999,9,999999999,0.000,0.999,0,0,999,0.000,0
3,5,2012,13,0,,23.740,16.380,63.000,89238.930,1328.217,1388.448,360.838,735.640,146.849,595.165,88276.800,13950.683,65468.133,198.043,999,1.240,6.000,99,9999,99999,9,999999999,0.000,0.999,0,0,999,0.000,0
3,5,2012,14,0,,24.170,16.460,62.000,89238.930,1239.979,1388.448,363.370,707.150,260.326,474.679,84858.000,24730.937,52214.659,169.199,999,1.460,6.000,99,9999,99999,9,999999999,0.000,0.999,0,0,999,0.000,0
3,5,2012,15,0,,24.340,16.490,61.000,89238.930,1070.716,1388.448,363.857,625.230,318.706,379.506,75027.600,30277.078,41745.628,156.679,999,1.430,6.000,99,9999,99999,9,999999999,0.000,0.999,0,0,999,0.000,0
3,5,2012,16,0,,24.190,16.460,62.000,89238.930,831.997,1388.448,363.526,495.970,394.664,259.600,59516.400,37493.063,28556.008,137.972,999,1.310,6.000,99,9999,99999,9,999999999,0.000,0.999,0,0,999,0.000,0
3,5,2012,17,0,,23.640,16.360,63.000,89238.930,540.226,1388.448,360.059,329.680,457.034,152.144,39561.600,43418.274,16735.860,124.672,999,0.650,7.000,99,9999,99999,9,999999999,0.000,0.999,0,0,999,0.000,0
3,5,2012,18,0,,22.750,16.200,66.000,89238.930,216.161,1388.448,355.541,143.550,430.295,77.303,17226.000,40877.995,8503.314,159.825,999,0.400,8.000,99,9999,99999,9,999999999,0.000,0.999,0,0,999,0.000,0
3,5,2012,19,0,,22.110,16.080,68.000,89238.930,0.000,1388.448,352.126,2.120,0.000,0.000,254.400,0.000,0.000,-0.000,999,0.190,8.000,99,9999,99999,9,999999999,0.000,0.999,0,0,999,0.000,0
3,5,2012,20,0,,21.460,15.960,70.000,89238.930,0.000,1388.448,348.610,0.000,0.000,0.000,0.000,0.000,0.000,-0.000,999,0.130,8.000,99,9999,99999,9,999999999,0.000,0.999,0,0,999,0.000,0
3,5,2012,21,0,,20.820,15.840,73.000,89238.930,0.000,1388.448,345.828,0.000,0.000,0.000,0.000,0.000,0.000,-0.000,999,0.050,8.000,99,9999,99999,9,999999999,0.000,0.999,0,0,999,0.000,0
3,5,2012,22,0,,20.180,15.720,75.000,89238.930,0.000,1388.448,342.322,0.000,0.000,0.000,0.000,0.000,0.000,-0.000,999,0.050,8.000,99,9999,99999,9,999999999,0.000,0.999,0,0,999,0.000,0
3,5,2012,23,0,,19.530,15.600,78.000,89238.930,0.000,1388.448,339.352,0.000,0.000,0.000,0.000,0.000,0.000,-0.000,999,0.030,8.000,99,9999,99999,9,999999999,0.000,0.999,0,0,999,0.000,0
3,5,2012,24,0,,18.890,15.840,82.000,89238.930,0.000,1388.448,336.985,0.000,0.000,0.000,0.000,0.000,0.000,-0.000,999,0.080,8.000,99,9999,99999,9,999999999,0.000,0.999,0,0,999,0.000,0
3,6,2012,1,0,,18.570,15.800,83.000,89238.930,0.000,1388.448,335.185,0.000,0.000,0.000,0.000,0.000,0.000,-0.000,999,0.080,8.000,99,9999,99999,9,999999999,0.000,0.999,0,0,999,0.000,0
3,6,2012,2,0,,18.250,15.750,85.000,89238.930,0.000,1388.448,333.947,0.000,0.000,0.000,0.000,0.000,0.000,-0.000,999,0.080,7.000,99,9999,99999,9,999999999,0.000,0.999,0,0,999,0.000,0
3,6,2012,3,0,,17.930,15.710,86.000,89238.930,0.000,1388.448,332.135,0.000,0.000,0.000,0.000,0.000,0.000,-0.000,999,0.080,7.000,99,9999,99999,9,999999999,0.000,0.999,0,0,999,0.000,0
3,6,2012,4,0,,17.600,15.660,88.000,89238.930,0.000,1387.711,330.788,0.000,0.000,0.000,0.000,0.000,0.000,-0.000,999,0.080,7.000,99,9999,99999,9,999999999,0.000,0.999,0,0,999,0.000,0
3,6,2012,5,0,,17.280,15.620,89.000,89238.930,0.000,1387.711,328.967,0.000,0.000,0.000,0.000,0.000,0.000,-0.000,999,0.080,7.000,99,9999,99999,9,999999999,0.000,0.999,0,0,999,0.000,0
3,6,2012,6,0,,17.030,15.580,91.000,89238.930,0.000,1387.711,328.175,0.000,0.000,0.000,0.000,0.000,0.000,-0.000,999,0.080,7.000,99,9999,99999,9,999999999,0.000,0.999,0,0,999,0.000,0
3,6,2012,7,0,,16.820,15.550,92.000,89238.930,223.817,1387.711,327.148,2.700,0.000,2.700,324.000,0.000,297.000,5.384,999,0.080,7.000,99,9999,99999,9,999999999,0.000,0.999,0,0,999,0.000,0
3,6,2012,8,0,,16.610,15.520,93.000,89238.930,546.986,1387.711,326.117,159.470,16.521,152.968,19136.400,1569.496,16826.515,123.726,999,0.080,7.000,99,9999,99999,9,999999999,0.000,0.999,0,0,999,0.000,0
3,6,2012,9,0,,18.630,15.800,83.000,89238.930,837.232,1387.711,335.631,109.280,0.000,109.280,13113.600,0.000,12020.800,57.686,999,0.080,8.000,99,9999,99999,9,999999999,0.000,0.999,0,0,999,0.000,0
3,6,2012,10,0,,20.200,16.020,76.000,89238.930,1073.928,1387.711,343.122,445.990,120.942,352.413,53518.800,11489.478,38765.472,144.981,999,0.080,7.000,99,9999,99999,9,999999999,0.000,0.999,0,0,999,0.000,0
3,6,2012,11,0,,21.410,16.180,72.000,89238.930,1240.787,1387.711,349.633,560.280,138.238,436.687,67233.600,13132.608,48035.580,155.473,999,0.190,7.000,99,9999,99999,9,999999999,0.000,0.999,0,0,999,0.000,0
3,6,2012,12,0,,22.350,16.300,68.000,89238.930,1326.378,1387.711,353.970,632.070,79.747,555.849,75848.400,7575.999,61143.435,185.119,999,0.540,7.000,99,9999,99999,9,999999999,0.000,0.999,0,0,999,0.000,0
3,6,2012,13,0,,23.040,16.400,66.000,89238.930,1324.835,1387.711,357.784,656.010,93.356,566.886,78721.200,8868.832,62357.493,189.015,999,1.220,7.000,99,9999,99999,9,999999999,0.000,0.999,0,0,999,0.000,0
3,6,2012,14,0,,23.480,16.450,64.000,89238.930,1236.252,1387.711,359.624,630.340,226.873,428.245,75640.800,21552.895,47106.898,153.027,999,1.710,7.000,99,9999,99999,9,999999999,0.000,0.999,0,0,999,0.000,0
3,6,2012,15,0,,23.670,16.480,64.000,89238.930,1066.667,1387.711,361.104,556.930,282.168,340.085,66831.600,26805.975,37409.359,140.863,999,1.430,7.000,99,9999,99999,9,999999999,0.000,0.999,0,0,999,0.000,0
3,6,2012,16,0,,23.590,16.470,64.000,89238.930,827.672,1387.711,360.481,441.240,223.984,307.720,52948.800,21278.465,33849.235,164.315,999,1.180,7.000,99,9999,99999,9,999999999,0.000,0.999,0,0,999,0.000,0
3,6,2012,17,0,,23.140,16.410,65.000,89238.930,535.694,1387.711,357.779,292.500,318.726,169.668,35100.000,30278.942,18663.448,140.137,999,0.830,7.000,99,9999,99999,9,999999999,0.000,0.999,0,0,999,0.000,0
3,6,2012,18,0,,22.390,16.310,68.000,89238.930,211.534,1387.711,354.278,126.170,420.309,62.841,15140.400,39929.360,6912.551,132.759,999,0.350,8.000,99,9999,99999,9,999999999,0.000,0.999,0,0,999,0.000,0
3,6,2012,19,0,,21.860,16.240,70.000,89238.930,0.000,1387.711,351.666,1.520,0.000,0.000,182.400,0.000,0.000,-0.000,999,0.170,8.000,99,9999,99999,9,999999999,0.000,0.999,0,0,999,0.000,0
3,6,2012,20,0,,21.330,16.170,72.000,89238.930,0.000,1387.711,349.022,0.000,0.000,0.000,0.000,0.000,0.000,-0.000,999,0.080,8.000,99,9999,99999,9,999999999,0.000,0.999,0,0,999,0.000,0
3,6,2012,21,0,,20.800,16.100,74.000,89238.930,0.000,1387.711,346.349,0.000,0.000,0.000,0.000,0.000,0.000,-0.000,999,0.080,8.000,99,9999,99999,9,999999999,0.000,0.999,0,0,999,0.000,0
3,6,2012,22,0,,20.260,16.020,76.000,89238.930,0.000,1387.711,343.574,0.000,0.000,0.000,0.000,0.000,0.000,-0.000,999,0.080,8.000,99,9999,99999,9,999999999,0.000,0.999,0,0,999,0.000,0
3,6,2012,23,0,,19.730,15.950,78.000,89238.930,0.000,1387.711,340.852,0.000,0.000,0.000,0.000,0.000,0.000,-0.000,999,0.080,8.000,99,9999,99999,9,999999999,0.000,0.999,0,0,999,0.000,0
3,6,2012,24,0,,19.200,17.280,88.000,89238.930,0.000,1387.711,342.744,0.000,0.000,0.000,0.000,0.000,0.000,-0.000,999,0.080,8.000,99,9999,99999,9,999999999,0.000,0.999,0,0,999,0.000,0
3,7,2012,1,0,,18.930,17.270,90.000,89238.930,0.000,1387.711,341.799,0.000,0.000,0.000,0.000,0.000,0.000,-0.000,999,0.080,8.000,99,9999,99999,9,999999999,0.000,0.999,0,0,999,0.000,0
3,7,2012,2,0,,18.670,17.260,91.000,89238.930,0.000,1387.711,340.374,0.000,0.000,0.000,0.000,0.000,0.000,-0.000,999,0.080,8.000,99,9999,99999,9,999999999,0.000,0.999,0,0,999,0.000,0
3,7,2012,3,0,,18.400,17.250,93.000,89238.930,0.000,1387.711,339.394,0.000,0.000,0.000,0.000,0.000,0.000,-0.000,999,0.080,8.000,99,9999,99999,9,999999999,0.000,0.999,0,0,999,0.000,0
3,7,2012,4,0,,18.130,17.240,94.000,89238.930,0.000,1386.969,337.881,0.000,0.000,0.000,0.000,0.000,0.000,-0.000,999,0.080,8.000,99,9999,99999,9,999999999,0.000,0.999,0,0,999,0.000,0
3,7,2012,5,0,,17.870,17.230,96.000,89238.930,0.000,1386.969,336.945,0.000,0.000,0.000,0.000,0.000,0.000,-0.000,999,0.080,8.000,99,9999,99999,9,999999999,0.000,0.999,0,0,999,0.000,0
3,7,2012,6,0,,17.660,17.230,97.000,89238.930,0.000,1386.969,335.871,0.000,0.000,0.000,0.000,0.000,0.000,-0.000,999,0.080,8.000,99,9999,99999,9,999999999,0.000,0.999,0,0,999,0.000,0
3,7,2012,7,0,,17.490,17.220,98.000,89238.930,221.791,1386.969,335.091,2.130,0.000,2.130,255.600,0.000,234.300,4.285,999,0.080,8.000,99,9999,99999,9,999999999,0.000,0.999,0,0,999,0.000,0
3,7,2012,8,0,,17.310,17.210,99.000,89238.930,544.886,1386.969,334.233,112.200,0.000,112.200,13464.000,0.000,12342.000,91.054,999,0.080,8.000,99,9999,99999,9,999999999,0.000,0.999,0,0,999,0.000,0
3,7,2012,9,0,,19.810,17.300,85.000,89238.930,834.982,1386.969,345.672,253.880,23.740,239.596,30465.600,2255.290,26355.506,126.748,999,0.080,8.000,99,9999,99999,9,999999999,0.000,0.999,0,0,999,0.000,0
3,7,2012,10,0,,20.710,17.340,81.000,89238.930,1071.450,1386.969,350.159,379.890,36.619,351.607,45586.800,3478.768,38676.805,144.907,999,0.080,8.000,99,9999,99999,9,999999999,0.000,0.999,0,0,999,0.000,0
3,7,2012,11,0,,21.490,17.360,77.000,89238.930,1238.017,1386.969,353.620,477.340,45.052,437.130,57280.800,4279.916,48084.249,155.895,999,0.350,8.000,99,9999,99999,9,999999999,0.000,0.999,0,0,999,0.000,0
3,7,2012,12,0,,22.130,17.390,74.000,89238.930,1323.273,1386.969,356.561,538.480,42.428,498.001,64617.600,4030.693,54780.146,166.154,999,0.570,8.000,99,9999,99999,9,999999999,0.000,0.999,0,0,999,0.000,0
3,7,2012,13,0,,22.600,17.400,72.000,89238.930,1321.375,1386.969,358.817,558.750,49.360,511.726,67050.000,4689.178,56289.859,170.978,999,1.230,8.000,99,9999,99999,9,999999999,0.000,0.999,0,0,999,0.000,0
3,7,2012,14,0,,22.890,17.410,71.000,89238.930,1232.441,1386.969,360.362,536.670,71.993,472.703,64400.400,6839.359,51997.311,169.345,999,1.390,8.000,99,9999,99999,9,999999999,0.000,0.999,0,0,999,0.000,0
3,7,2012,15,0,,23.010,17.420,70.000,89238.930,1062.534,1386.969,360.570,473.830,74.228,416.977,56859.600,7051.660,45867.462,173.291,999,1.480,8.000,99,9999,99999,9,999999999,0.000,0.999,0,0,999,0.000,0
3,7,2012,16,0,,22.900,17.410,71.000,89238.930,823.269,1386.969,360.440,374.920,125.270,300.603,44990.400,11900.613,33066.361,161.288,999,1.130,8.000,99,9999,99999,9,999999999,0.000,0.999,0,0,999,0.000,0
3,7,2012,17,0,,22.520,17.400,72.000,89238.930,531.093,1386.969,358.194,247.840,219.224,164.038,29740.800,20826.233,18044.165,136.592,999,0.910,8.000,99,9999,99999,9,999999999,0.000,0.999,0,0,999,0.000,0
3,7,2012,18,0,,21.900,17.380,75.000,89238.930,206.854,1386.969,355.460,105.880,271.871,65.822,12705.600,25827.727,7240.395,142.197,999,0.470,8.000,99,9999,99999,9,999999999,0.000,0.999,0,0,999,0.000,0
3,7,2012,19,0,,21.450,17.360,77.000,89238.930,0.000,1386.969,353.312,1.020,0.000,0.000,122.400,0.000,0.000,-0.000,999,0.120,8.000,99,9999,99999,9,999999999,0.000,0.999,0,0,999,0.000,0
3,7,2012,20,0,,21.000,17.350,79.000,89238.930,0.000,1386.969,351.135,0.000,0.000,0.000,0.000,0.000,0.000,-0.000,999,0.080,8.000,99,9999,99999,9,999999999,0.000,0.999,0,0,999,0.000,0
3,7,2012,21,0,,20.540,17.330,81.000,89238.930,0.000,1386.969,348.855,0.000,0.000,0.000,0.000,0.000,0.000,-0.000,999,0.080,8.000,99,9999,99999,9,999999999,0.000,0.999,0,0,999,0.000,0
3,7,2012,22,0,,20.090,17.310,84.000,89238.930,0.000,1386.969,347.222,0.000,0.000,0.000,0.000,0.000,0.000,-0.000,999,0.080,8.000,99,9999,99999,9,999999999,0.000,0.999,0,0,999,0.000,0
3,7,2012,23,0,,19.640,17.300,86.000,89238.930,0.000,1386.969,344.955,0.000,0.000,0.000,0.000,0.000,0.000,-0.000,999,0.080,8.000,99,9999,99999,9,999999999,0.000,0.999,0,0,999,0.000,0
3,7,2012,24,0,,19.180,17.350,89.000,89238.930,0.000,1386.969,343.146,0.000,0.000,0.000,0.000,0.000,0.000,-0.000,999,0.130,8.000,99,9999,99999,9,999999999,0.000,0.999,0,0,999,0.000,0
3,8,2012,1,0,,18.960,17.370,95.000,89238.930,0.000,1386.969,344.678,0.000,0.000,0.000,0.000,0.000,0.000,-0.000,999,0.130,8.000,99,9999,99999,9,999999999,0.050,0.999,0,0,999,0.050,99
3,8,2012,2,0,,18.730,17.390,96.000,89238.930,0.000,1386.969,343.441,0.000,0.000,0.000,0.000,0.000,0.000,-0.000,999,0.130,8.000,99,9999,99999,9,999999999,0.100,0.999,0,0,999,0.100,99
3,8,2012,3,0,,18.500,17.400,93.000,89238.930,0.000,1386.969,340.148,0.000,0.000,0.000,0.000,0.000,0.000,-0.000,999,0.130,8.000,99,9999,99999,9,999999999,0.000,0.999,0,0,999,0.000,0
3,8,2012,4,0,,18.280,17.420,94.000,89238.930,0.000,1386.221,339.009,0.000,0.000,0.000,0.000,0.000,0.000,-0.000,999,0.130,8.000,99,9999,99999,9,999999999,0.000,0.999,0,0,999,0.000,0
3,8,2012,5,0,,18.050,17.440,96.000,89238.930,0.000,1386.221,338.297,0.000,0.000,0.000,0.000,0.000,0.000,-0.000,999,0.130,8.000,99,9999,99999,9,999999999,0.000,0.999,0,0,999,0.000,0
3,8,2012,6,0,,17.870,17.450,97.000,89238.930,0.000,1386.221,337.445,0.000,0.000,0.000,0.000,0.000,0.000,-0.000,999,0.130,8.000,99,9999,99999,9,999999999,0.000,0.999,0,0,999,0.000,0
3,8,2012,7,0,,17.720,17.470,98.000,89238.930,219.785,1386.221,336.813,2.560,0.000,2.560,307.200,0.000,281.600,5.195,999,0.130,8.000,99,9999,99999,9,999999999,0.000,0.999,0,0,999,0.000,0
3,8,2012,8,0,,17.570,17.480,99.000,89238.930,542.786,1386.221,336.176,144.650,13.684,139.301,17358.000,1299.945,15323.073,113.424,999,0.130,8.000,99,9999,99999,9,999999999,0.000,0.999,0,0,999,0.000,0
3,8,2012,9,0,,20.240,17.260,82.000,89238.930,832.712,1386.221,347.172,328.350,82.422,278.864,39402.000,7830.102,30675.060,147.845,999,0.130,7.000,99,9999,99999,9,999999999,0.000,0.999,0,0,999,0.000,0
3,8,2012,10,0,,21.200,17.190,77.000,89238.930,1068.933,1386.221,351.386,491.700,143.422,381.128,59004.000,13625.044,41924.071,157.358,999,0.160,6.000,99,9999,99999,9,999999999,0.000,0.999,0,0,999,0.000,0
3,8,2012,11,0,,22.040,17.120,73.000,89238.930,1235.193,1386.221,355.172,617.960,125.897,505.788,74155.200,11960.228,55636.663,180.696,999,0.170,6.000,99,9999,99999,9,999999999,0.000,0.999,0,0,999,0.000,0
3,8,2012,12,0,,22.720,17.060,70.000,89238.930,1320.100,1386.221,358.308,697.070,121.405,581.460,83648.400,11533.430,63960.578,194.361,999,0.310,6.000,99,9999,99999,9,999999999,0.000,0.999,0,0,999,0.000,0
3,8,2012,13,0,,23.220,17.020,68.000,89238.930,1317.838,1386.221,360.717,723.140,141.976,588.172,86776.800,13487.718,64698.917,196.942,999,0.600,6.000,99,9999,99999,9,999999999,0.000,0.999,0,0,999,0.000,0
3,8,2012,14,0,,23.540,17.000,66.000,89238.930,1228.548,1386.221,361.678,694.270,281.489,444.819,83312.400,26741.440,48930.039,159.775,999,2.070,6.000,99,9999,99999,9,999999999,0.000,0.999,0,0,999,0.000,0
3,8,2012,15,0,,23.650,16.990,66.000,89238.930,1058.319,1386.221,362.538,612.540,341.894,351.574,73504.800,32479.937,38673.100,146.613,999,1.710,6.000,99,9999,99999,9,999999999,0.000,0.999,0,0,999,0.000,0
3,8,2012,16,0,,23.540,17.000,66.000,89238.930,818.789,1386.221,361.678,484.040,428.378,231.151,58084.800,40695.916,25426.656,124.636,999,0.760,6.000,99,9999,99999,9,999999999,0.000,0.999,0,0,999,0.000,0
3,8,2012,17,0,,23.130,17.030,68.000,89238.930,526.426,1386.221,360.015,319.050,507.579,126.626,38286.000,48219.994,13928.895,106.321,999,0.730,7.000,99,9999,99999,9,999999999,0.000,0.999,0,0,999,0.000,0
3,8,2012,18,0,,22.470,17.080,71.000,89238.930,202.125,1386.221,357.091,134.940,325.709,88.046,16192.800,30942.358,9685.109,194.661,999,0.390,8.000,99,9999,99999,9,999999999,0.000,0.999,0,0,999,0.000,0
3,8,2012,19,0,,21.990,17.120,78.000,89238.930,0.000,1386.221,358.159,1.010,0.000,0.000,121.200,0.000,0.000,-0.000,999,0.130,8.000,99,9999,99999,9,999999999,0.010,0.999,0,0,999,0.010,99
3,8,2012,20,0,,21.500,17.160,81.000,89238.930,0.000,1386.221,356.266,0.000,0.000,0.000,0.000,0.000,0.000,-0.000,999,0.130,8.000,99,9999,99999,9,999999999,0.030,0.999,0,0,999,0.030,99
3,8,2012,21,0,,21.010,17.200,83.000,89238.930,0.000,1386.221,353.699,0.000,0.000,0.000,0.000,0.000,0.000,-0.000,999,0.130,8.000,99,9999,99999,9,999999999,0.220,0.999,0,0,999,0.220,99
3,8,2012,22,0,,20.530,17.240,91.000,89238.930,0.000,1386.221,354.627,0.000,0.000,0.000,0.000,0.000,0.000,-0.000,999,0.130,8.000,99,9999,99999,9,999999999,4.580,0.999,0,0,999,4.580,99
3,8,2012,23,0,,20.040,17.280,89.000,89238.930,0.000,1386.221,349.717,0.000,0.000,0.000,0.000,0.000,0.000,-0.000,999,0.130,8.000,99,9999,99999,9,999999999,0.010,0.999,0,0,999,0.010,99
3,8,2012,24,0,,19.560,17.510,86.000,89238.930,0.000,1386.221,344.347,0.000,0.000,0.000,0.000,0.000,0.000,-0.000,999,0.350,8.000,99,9999,99999,9,999999999,0.160,0.999,0,0,999,0.160,99
3,9,2012,1,0,,19.310,17.440,84.000,89238.930,0.000,1386.221,341.302,0.000,0.000,0.000,0.000,0.000,0.000,-0.000,999,0.660,8.000,99,9999,99999,9,999999999,0.000,0.999,0,0,999,0.000,0
3,9,2012,2,0,,19.070,17.380,84.000,89238.930,0.000,1386.221,339.497,0.000,0.000,0.000,0.000,0.000,0.000,-0.000,999,0.510,8.000,99,9999,99999,9,999999999,0.000,0.999,0,0,999,0.000,0
3,9,2012,3,0,,18.830,17.310,85.000,89238.930,0.000,1386.221,338.270,0.000,0.000,0.000,0.000,0.000,0.000,-0.000,999,0.350,8.000,99,9999,99999,9,999999999,0.000,0.999,0,0,999,0.000,0
3,9,2012,4,0,,18.590,17.250,95.000,89238.930,0.000,1385.467,341.865,0.000,0.000,0.000,0.000,0.000,0.000,-0.000,999,0.350,8.000,99,9999,99999,9,999999999,7.780,0.999,0,0,999,7.780,99
3,9,2012,5,0,,18.340,17.180,89.000,89238.930,0.000,1385.467,336.821,0.000,0.000,0.000,0.000,0.000,0.000,-0.000,999,0.350,8.000,99,9999,99999,9,999999999,0.490,0.999,0,0,999,0.490,99
3,9,2012,6,0,,18.150,17.130,90.000,89238.930,0.000,1385.467,335.938,0.000,0.000,0.000,0.000,0.000,0.000,-0.000,999,0.350,8.000,99,9999,99999,9,999999999,0.050,0.999,0,0,999,0.050,99
3,9,2012,7,0,,17.990,17.080,90.000,89238.930,217.797,1385.467,334.745,1.530,0.000,1.530,183.600,0.000,168.300,3.132,999,0.350,8.000,99,9999,99999,9,999999999,0.020,0.999,0,0,999,0.020,99
3,9,2012,8,0,,17.830,17.040,90.000,89238.930,540.686,1385.467,333.556,93.180,0.000,93.180,11181.600,0.000,10249.800,76.125,999,0.350,8.000,99,9999,99999,9,999999999,0.110,0.999,0,0,999,0.110,99
3,9,2012,9,0,,19.560,17.510,83.000,89238.930,830.423,1385.467,342.604,158.300,1.218,157.571,18996.000,115.680,17332.757,83.724,999,0.350,8.000,99,9999,99999,9,999999999,0.000,0.999,0,0,999,0.000,0
3,9,2012,10,0,,20.440,17.750,81.000,89238.930,1066.379,1385.467,348.090,317.990,14.356,306.943,38158.800,1363.798,33763.704,126.964,999,0.350,8.000,99,9999,99999,9,999999999,0.000,0.999,0,0,999,0.000,0
3,9,2012,11,0,,21.160,17.940,79.000,89238.930,1232.313,1385.467,352.367,399.720,25.055,377.437,47966.400,2380.191,41518.037,135.084,999,0.350,8.000,99,9999,99999,9,999999999,0.000,0.999,0,0,999,0.000,0
3,9,2012,12,0,,21.730,18.090,78.000,89238.930,1316.859,1385.467,356.134,450.860,38.698,414.079,54103.200,3676.321,45548.729,138.677,999,0.350,8.000,99,9999,99999,9,999999999,0.000,0.999,0,0,999,0.000,0
3,9,2012,13,0,,22.150,18.200,77.000,89238.930,1314.224,1385.467,358.747,467.610,43.793,426.070,56113.200,4160.332,46867.733,142.979,999,0.350,8.000,99,9999,99999,9,999999999,0.000,0.999,0,0,999,0.000,0
3,9,2012,14,0,,22.410,18.270,77.000,89238.930,1224.575,1385.467,360.782,448.740,51.067,403.607,53848.800,4851.406,44396.735,145.363,999,0.350,8.000,99,9999,99999,9,999999999,0.000,0.999,0,0,999,0.000,0
3,9,2012,15,0,,22.520,18.300,77.000,89238.930,1054.025,1385.467,361.646,395.630,31.496,371.674,47475.600,2992.098,40884.142,155.543,999,0.350,8.000,99,9999,99999,9,999999999,0.000,0.999,0,0,999,0.000,0
3,9,2012,16,0,,22.440,18.280,77.000,89238.930,814.236,1385.467,361.018,312.210,49.778,282.972,37465.200,4728.893,31126.913,153.349,999,0.350,8.000,99,9999,99999,9,999999999,0.000,0.999,0,0,999,0.000,0
3,9,2012,17,0,,22.130,18.190,77.000,89238.930,521.697,1385.467,358.591,205.190,112.057,163.069,24622.800,10645.459,17937.600,138.091,999,0.350,8.000,99,9999,99999,9,999999999,0.000,0.999,0,0,999,0.000,0
3,9,2012,18,0,,21.620,18.060,78.000,89238.930,197.351,1385.467,355.280,85.890,271.998,47.656,10306.800,25839.784,5242.182,107.916,999,0.350,8.000,99,9999,99999,9,999999999,0.000,0.999,0,0,999,0.000,0
3,9,2012,19,0,,20.980,17.890,80.000,89238.930,0.000,1385.467,351.612,0.490,0.000,0.000,58.800,0.000,0.000,-0.000,999,0.350,8.000,99,9999,99999,9,999999999,0.000,0.999,0,0,999,0.000,0
3,9,2012,20,0,,20.340,17.720,84.000,89238.930,0.000,1385.467,349.135,0.000,0.000,0.000,0.000,0.000,0.000,-0.000,999,0.350,8.000,99,9999,99999,9,999999999,0.260,0.999,0,0,999,0.260,99
3,9,2012,21,0,,19.690,17.550,86.000,89238.930,0.000,1385.467,345.335,0.000,0.000,0.000,0.000,0.000,0.000,-0.000,999,0.350,8.000,99,9999,99999,9,999999999,0.030,0.999,0,0,999,0.030,99
3,9,2012,22,0,,19.050,17.370,87.000,89238.930,0.000,1385.467,341.052,0.000,0.000,0.000,0.000,0.000,0.000,-0.000,999,0.350,8.000,99,9999,99999,9,999999999,0.010,0.999,0,0,999,0.010,99
3,9,2012,23,0,,18.410,17.200,89.000,89238.930,0.000,1385.467,337.344,0.000,0.000,0.000,0.000,0.000,0.000,-0.000,999,0.350,8.000,99,9999,99999,9,999999999,0.070,0.999,0,0,999,0.070,99
3,9,2012,24,0,,17.760,14.900,83.000,89238.930,0.000,1385.467,329.207,0.000,0.000,0.000,0.000,0.000,0.000,-0.000,999,0.240,8.000,99,9999,99999,9,999999999,0.000,0.999,0,0,999,0.000,0
3,10,2012,1,0,,17.440,14.810,84.000,89238.930,0.000,1385.467,327.427,0.000,0.000,0.000,0.000,0.000,0.000,-0.000,999,0.240,8.000,99,9999,99999,9,999999999,0.000,0.999,0,0,999,0.000,0
3,10,2012,2,0,,17.120,14.710,85.000,89238.930,0.000,1385.467,325.647,0.000,0.000,0.000,0.000,0.000,0.000,-0.000,999,0.240,8.000,99,9999,99999,9,999999999,0.000,0.999,0,0,999,0.000,0
3,10,2012,3,0,,16.800,14.620,86.000,89238.930,0.000,1385.467,323.867,0.000,0.000,0.000,0.000,0.000,0.000,-0.000,999,0.240,8.000,99,9999,99999,9,999999999,0.000,0.999,0,0,999,0.000,0
3,10,2012,4,0,,16.480,14.530,88.000,89238.930,0.000,1384.708,322.612,0.000,0.000,0.000,0.000,0.000,0.000,-0.000,999,0.240,8.000,99,9999,99999,9,999999999,0.000,0.999,0,0,999,0.000,0
3,10,2012,5,0,,16.150,14.430,89.000,89238.930,0.000,1384.708,320.750,0.000,0.000,0.000,0.000,0.000,0.000,-0.000,999,0.240,8.000,99,9999,99999,9,999999999,0.000,0.999,0,0,999,0.000,0
3,10,2012,6,0,,15.910,14.360,90.000,89238.930,0.000,1384.708,319.535,0.000,0.000,0.000,0.000,0.000,0.000,-0.000,999,0.240,8.000,99,9999,99999,9,999999999,0.000,0.999,0,0,999,0.000,0
3,10,2012,7,0,,15.690,14.300,91.000,89238.930,215.826,1384.708,318.460,2.240,0.000,2.240,268.800,0.000,246.400,4.626,999,0.240,8.000,99,9999,99999,9,999999999,0.000,0.999,0,0,999,0.000,0
3,10,2012,8,0,,15.480,14.240,92.000,89238.930,538.584,1384.708,317.453,146.560,9.721,142.785,17587.200,923.488,15706.372,117.044,999,0.240,8.000,99,9999,99999,9,999999999,0.000,0.999,0,0,999,0.000,0
3,10,2012,9,0,,17.960,14.950,82.000,89238.930,828.113,1384.708,330.103,143.540,0.086,143.489,17224.800,8.127,15783.775,76.413,999,0.240,8.000,99,9999,99999,9,999999999,0.000,0.999,0,0,999,0.000,0
3,10,2012,10,0,,18.970,15.240,78.000,89238.930,1063.785,1384.708,335.179,320.690,42.484,288.059,38482.800,4036.006,31686.452,119.378,999,0.240,8.000,99,9999,99999,9,999999999,0.000,0.999,0,0,999,0.000,0
3,10,2012,11,0,,21.040,15.800,72.000,89238.930,1229.379,1384.708,346.815,689.040,292.165,429.669,82684.800,27755.722,47263.538,154.060,999,0.240,4.000,99,9999,99999,9,999999999,0.000,0.999,0,0,999,0.000,0
3,10,2012,12,0,,22.630,16.230,67.000,89238.930,1313.551,1384.708,355.378,787.290,305.030,497.944,94474.800,28977.868,54773.849,167.092,999,0.240,4.000,99,9999,99999,9,999999999,0.000,0.999,0,0,999,0.000,0
3,10,2012,13,0,,24.250,16.650,62.000,89238.930,1310.535,1384.708,363.997,985.900,658.366,362.822,118308.000,62544.740,39910.405,122.030,999,0.510,0.000,99,9999,99999,9,999999999,0.000,0.999,0,0,999,0.000,0
3,10,2012,14,0,,25.200,16.890,60.000,89238.930,1220.522,1384.708,369.769,899.510,632.065,342.436,107941.200,60046.183,37668.012,123.674,999,1.600,0.000,99,9999,99999,9,999999999,0.000,0.999,0,0,999,0.000,0
3,10,2012,15,0,,24.970,16.830,60.000,89238.930,1049.654,1384.708,367.949,504.870,159.789,383.771,60584.400,15179.926,42214.848,161.187,999,1.190,7.000,99,9999,99999,9,999999999,0.000,0.999,0,0,999,0.000,0
3,10,2012,16,0,,24.980,16.830,60.000,89238.930,809.612,1384.708,368.028,562.030,712.534,145.660,67443.600,67690.685,16022.647,79.345,999,0.600,4.000,99,9999,99999,9,999999999,0.000,0.999,0,0,999,0.000,0
3,10,2012,17,0,,24.300,16.660,62.000,89238.930,516.908,1384.708,364.389,329.230,653.056,85.884,39507.600,62040.329,9447.192,73.364,999,0.380,6.000,99,9999,99999,9,999999999,0.000,0.999,0,0,999,0.000,0
3,10,2012,18,0,,23.170,16.370,65.000,89238.930,192.533,1384.708,358.011,107.730,397.192,53.265,12927.600,37733.273,5859.203,123.647,999,0.240,8.000,99,9999,99999,9,999999999,0.000,0.999,0,0,999,0.000,0
3,10,2012,19,0,,22.220,16.120,68.000,89238.930,0.000,1384.708,352.970,0.560,0.000,0.000,67.200,0.000,0.000,-0.000,999,0.240,8.000,99,9999,99999,9,999999999,0.000,0.999,0,0,999,0.000,0
3,10,2012,20,0,,21.260,15.860,71.000,89238.930,0.000,1384.708,347.793,0.000,0.000,0.000,0.000,0.000,0.000,-0.000,999,0.240,8.000,99,9999,99999,9,999999999,0.000,0.999,0,0,999,0.000,0
3,10,2012,21,0,,20.310,15.610,74.000,89238.930,0.000,1384.708,342.644,0.000,0.000,0.000,0.000,0.000,0.000,-0.000,999,0.240,8.000,99,9999,99999,9,999999999,0.000,0.999,0,0,999,0.000,0
3,10,2012,22,0,,19.360,15.350,77.000,89238.930,0.000,1384.708,337.459,0.000,0.000,0.000,0.000,0.000,0.000,-0.000,999,0.240,8.000,99,9999,99999,9,999999999,0.000,0.999,0,0,999,0.000,0
3,10,2012,23,0,,18.410,15.080,80.000,89238.930,0.000,1384.708,332.245,0.000,0.000,0.000,0.000,0.000,0.000,-0.000,999,0.240,8.000,99,9999,99999,9,999999999,0.000,0.999,0,0,999,0.000,0
3,10,2012,24,0,,17.450,14.620,88.000,89238.930,0.000,1384.708,329.684,0.000,0.000,0.000,0.000,0.000,0.000,-0.000,999,0.130,8.000,99,9999,99999,9,999999999,0.010,0.999,0,0,999,0.010,99
3,11,2012,1,0,,16.980,14.410,89.000,89238.930,0.000,1384.708,326.770,0.000,0.000,0.000,0.000,0.000,0.000,-0.000,999,0.130,8.000,99,9999,99999,9,999999999,0.220,0.999,0,0,999,0.220,99
3,11,2012,2,0,,16.500,14.190,86.000,89238.930,0.000,1384.708,321.698,0.000,0.000,0.000,0.000,0.000,0.000,-0.000,999,0.130,8.000,99,9999,99999,9,999999999,0.000,0.999,0,0,999,0.000,0
3,11,2012,3,0,,16.020,13.970,87.000,89238.930,0.000,1384.708,318.778,0.000,0.000,0.000,0.000,0.000,0.000,-0.000,999,0.130,8.000,99,9999,99999,9,999999999,0.000,0.999,0,0,999,0.000,0
3,11,2012,4,0,,15.550,13.760,89.000,89238.930,0.000,1383.945,316.452,0.000,0.000,0.000,0.000,0.000,0.000,-0.000,999,0.130,8.000,99,9999,99999,9,999999999,0.000,0.999,0,0,999,0.000,0
3,11,2012,5,0,,15.070,13.530,90.000,89238.930,0.000,1383.945,313.545,0.000,0.000,0.000,0.000,0.000,0.000,-0.000,999,0.130,8.000,99,9999,99999,9,999999999,0.000,0.999,0,0,999,0.000,0
3,11,2012,6,0,,14.700,13.360,91.000,89238.930,0.000,1383.945,311.426,0.000,0.000,0.000,0.000,0.000,0.000,-0.000,999,0.130,8.000,99,9999,99999,9,999999999,0.000,0.999,0,0,999,0.000,0
3,11,2012,7,0,,14.390,13.210,92.000,89238.930,213.870,1383.945,309.731,3.530,0.000,3.530,423.600,0.000,388.300,7.354,999,0.130,8.000,99,9999,99999,9,999999999,0.000,0.999,0,0,999,0.000,0
3,11,2012,8,0,,14.070,13.060,93.000,89238.930,536.479,1383.945,307.967,74.320,0.000,74.320,8918.400,0.000,8175.200,61.128,999,0.130,8.000,99,9999,99999,9,999999999,0.000,0.999,0,0,999,0.000,0
3,11,2012,9,0,,17.930,14.830,82.000,89238.930,825.780,1383.945,329.883,285.240,26.947,269.170,34228.800,2559.959,29608.665,143.668,999,0.130,8.000,99,9999,99999,9,999999999,0.000,0.999,0,0,999,0.000,0
3,11,2012,10,0,,19.700,15.580,77.000,89238.930,1061.150,1383.945,340.000,428.090,71.796,373.051,51370.800,6820.587,41035.661,154.900,999,0.130,7.000,99,9999,99999,9,999999999,0.000,0.999,0,0,999,0.000,0
3,11,2012,11,0,,21.180,16.190,78.000,89238.930,1226.390,1383.945,351.880,538.310,123.965,428.467,64597.200,11776.633,47131.369,153.919,999,0.210,7.000,99,9999,99999,9,999999999,0.010,0.999,0,0,999,0.010,99
3,11,2012,12,0,,22.360,16.650,70.000,89238.930,1310.176,1383.945,355.516,607.090,71.573,539.334,72850.800,6799.478,59326.733,181.348,999,0.250,7.000,99,9999,99999,9,999999999,0.000,0.999,0,0,999,0.000,0
3,11,2012,13,0,,23.230,16.990,72.000,89238.930,1306.771,1383.945,363.753,629.330,83.956,550.059,75519.600,7975.791,60506.471,185.436,999,0.730,7.000,99,9999,99999,9,999999999,0.030,0.999,0,0,999,0.030,99
3,11,2012,14,0,,23.770,17.200,66.000,89238.930,1216.393,1383.945,363.479,603.390,122.903,495.376,72406.800,11675.754,54491.394,179.419,999,1.500,7.000,99,9999,99999,9,999999999,0.000,0.999,0,0,999,0.000,0
3,11,2012,15,0,,23.980,17.280,66.000,89238.930,1045.208,1383.945,365.131,531.160,126.398,435.720,63739.200,12007.834,47929.241,183.684,999,1.770,7.000,99,9999,99999,9,999999999,0.000,0.999,0,0,999,0.000,0
3,11,2012,16,0,,23.800,17.210,66.000,89238.930,804.921,1383.945,363.715,418.010,210.900,295.418,50161.200,20035.522,32495.969,161.771,999,1.160,7.000,99,9999,99999,9,999999999,0.000,0.999,0,0,999,0.000,0
3,11,2012,17,0,,22.960,16.890,68.000,89238.930,512.063,1383.945,358.690,227.180,208.968,150.003,27261.600,19851.961,16500.328,129.283,999,0.960,8.000,99,9999,99999,9,999999999,0.000,0.999,0,0,999,0.000,0
3,11,2012,18,0,,21.900,16.470,71.000,89238.930,187.678,1383.945,352.687,111.840,387.026,60.115,13420.800,36767.480,6612.633,143.176,999,0.200,8.000,99,9999,99999,9,999999999,0.000,0.999,0,0,999,0.000,0
3,11,2012,19,0,,21.060,16.140,73.000,89238.930,0.000,1383.945,347.651,0.320,0.000,0.000,38.400,0.000,0.000,-0.000,999,0.130,8.000,99,9999,99999,9,999999999,0.000,0.999,0,0,999,0.000,0
3,11,2012,20,0,,20.230,15.800,75.000,89238.930,0.000,1383.945,342.699,0.000,0.000,0.000,0.000,0.000,0.000,-0.000,999,0.130,8.000,99,9999,99999,9,999999999,0.000,0.999,0,0,999,0.000,0
3,11,2012,21,0,,19.390,15.450,87.000,89238.930,0.000,1383.945,343.624,0.000,0.000,0.000,0.000,0.000,0.000,-0.000,999,0.130,8.000,99,9999,99999,9,999999999,4.580,0.999,0,0,999,4.580,99
3,11,2012,22,0,,18.560,15.100,85.000,89238.930,0.000,1383.945,336.252,0.000,0.000,0.000,0.000,0.000,0.000,-0.000,999,0.130,8.000,99,9999,99999,9,999999999,0.100,0.999,0,0,999,0.100,99
3,11,2012,23,0,,17.720,14.730,87.000,89238.930,0.000,1383.945,331.133,0.000,0.000,0.000,0.000,0.000,0.000,-0.000,999,0.130,8.000,99,9999,99999,9,999999999,0.050,0.999,0,0,999,0.050,99
3,11,2012,24,0,,16.890,14.250,84.000,89238.930,0.000,1383.945,323.430,0.000,0.000,0.000,0.000,0.000,0.000,-0.000,999,0.200,8.000,99,9999,99999,9,999999999,0.000,0.999,0,0,999,0.000,0
3,12,2012,1,0,,16.470,14.190,86.000,89238.930,0.000,1383.945,321.482,0.000,0.000,0.000,0.000,0.000,0.000,-0.000,999,0.200,8.000,99,9999,99999,9,999999999,0.000,0.999,0,0,999,0.000,0
3,12,2012,2,0,,16.050,14.130,88.000,89238.930,0.000,1383.945,319.514,0.000,0.000,0.000,0.000,0.000,0.000,-0.000,999,0.200,8.000,99,9999,99999,9,999999999,0.000,0.999,0,0,999,0.000,0
3,12,2012,3,0,,15.640,14.070,90.000,89238.930,0.000,1383.945,317.600,0.000,0.000,0.000,0.000,0.000,0.000,-0.000,999,0.200,8.000,99,9999,99999,9,999999999,0.000,0.999,0,0,999,0.000,0
3,12,2012,4,0,,15.220,14.020,92.000,89238.930,0.000,1383.176,315.598,0.000,0.000,0.000,0.000,0.000,0.000,-0.000,999,0.200,8.000,99,9999,99999,9,999999999,0.000,0.999,0,0,999,0.000,0
3,12,2012,5,0,,14.800,13.960,94.000,89238.930,0.000,1383.176,313.581,0.000,0.000,0.000,0.000,0.000,0.000,-0.000,999,0.200,8.000,99,9999,99999,9,999999999,0.000,0.999,0,0,999,0.000,0
3,12,2012,6,0,,14.480,13.910,96.000,89238.930,0.000,1383.176,312.256,0.000,0.000,0.000,0.000,0.000,0.000,-0.000,999,0.200,8.000,99,9999,99999,9,999999999,0.000,0.999,0,0,999,0.000,0
3,12,2012,7,0,,14.200,13.870,97.000,89238.930,211.927,1383.176,310.741,1.990,0.000,1.990,238.800,0.000,218.900,4.182,999,0.200,8.000,99,9999,99999,9,999999999,0.000,0.999,0,0,999,0.000,0
3,12,2012,8,0,,13.930,13.830,99.000,89238.930,534.368,1383.176,309.744,151.900,13.826,146.568,18228.000,1313.430,16122.432,120.961,999,0.200,8.000,99,9999,99999,9,999999999,0.000,0.999,0,0,999,0.000,0
3,12,2012,9,0,,19.080,14.550,74.000,89238.930,823.423,1383.176,333.478,349.200,103.288,287.744,41904.000,9812.395,31651.829,153.937,999,0.200,6.000,99,9999,99999,9,999999999,0.000,0.999,0,0,999,0.000,0
3,12,2012,10,0,,20.960,14.800,67.000,89238.930,1058.476,1383.176,342.666,524.470,138.578,418.446,62936.400,13164.864,46029.017,174.091,999,0.200,5.000,99,9999,99999,9,999999999,0.000,0.999,0,0,999,0.000,0
3,12,2012,11,0,,22.590,15.010,62.000,89238.930,1223.345,1383.176,351.157,659.600,284.619,407.891,79152.000,27038.759,44867.997,146.811,999,0.200,5.000,99,9999,99999,9,999999999,0.000,0.999,0,0,999,0.000,0
3,12,2012,12,0,,23.920,15.190,58.000,89238.930,1306.735,1383.176,357.989,743.820,265.878,492.645,89258.400,25258.373,54190.958,165.993,999,0.300,5.000,99,9999,99999,9,999999999,0.000,0.999,0,0,999,0.000,0
3,12,2012,13,0,,24.900,15.320,55.000,89238.930,1302.933,1383.176,362.858,770.870,310.455,478.437,92504.400,29493.210,52628.035,161.676,999,1.600,5.000,99,9999,99999,9,999999999,0.000,0.999,0,0,999,0.000,0
3,12,2012,14,0,,25.500,15.390,53.000,89238.930,1212.188,1383.176,365.616,738.740,344.358,436.978,88648.800,32714.054,48067.581,158.729,999,1.080,5.000,99,9999,99999,9,999999999,0.000,0.999,0,0,999,0.000,0
3,12,2012,15,0,,25.720,15.420,52.000,89238.930,1040.689,1383.176,366.343,649.800,440.677,318.314,77976.000,41864.270,35014.520,134.698,999,1.120,5.000,99,9999,99999,9,999999999,0.000,0.999,0,0,999,0.000,0
3,12,2012,16,0,,25.480,15.390,53.000,89238.930,800.165,1383.176,365.460,510.660,531.676,203.266,61279.200,50509.184,22359.257,111.909,999,0.640,5.000,99,9999,99999,9,999999999,0.000,0.999,0,0,999,0.000,0
3,12,2012,17,0,,24.660,15.280,55.000,89238.930,507.165,1383.176,360.991,332.520,559.968,127.582,39902.400,53196.998,14034.034,110.964,999,0.540,6.000,99,9999,99999,9,999999999,0.000,0.999,0,0,999,0.000,0
3,12,2012,18,0,,23.360,15.120,59.000,89238.930,182.787,1383.176,354.548,134.660,386.463,84.365,16159.200,36713.983,9280.194,206.348,999,0.200,8.000,99,9999,99999,9,999999999,0.000,0.999,0,0,999,0.000,0
3,12,2012,19,0,,22.480,15.000,62.000,89238.930,0.000,1383.176,350.319,0.260,0.000,0.000,31.200,0.000,0.000,-0.000,999,0.200,8.000,99,9999,99999,9,999999999,0.000,0.999,0,0,999,0.000,0
3,12,2012,20,0,,21.600,14.880,65.000,89238.930,0.000,1383.176,345.995,0.000,0.000,0.000,0.000,0.000,0.000,-0.000,999,0.200,8.000,99,9999,99999,9,999999999,0.000,0.999,0,0,999,0.000,0
3,12,2012,21,0,,20.720,14.770,68.000,89238.930,0.000,1383.176,341.591,0.000,0.000,0.000,0.000,0.000,0.000,-0.000,999,0.200,8.000,99,9999,99999,9,999999999,0.000,0.999,0,0,999,0.000,0
3,12,2012,22,0,,19.830,14.650,72.000,89238.930,0.000,1383.176,337.720,0.000,0.000,0.000,0.000,0.000,0.000,-0.000,999,0.200,8.000,99,9999,99999,9,999999999,0.000,0.999,0,0,999,0.000,0
3,12,2012,23,0,,18.950,14.530,75.000,89238.930,0.000,1383.176,333.159,0.000,0.000,0.000,0.000,0.000,0.000,-0.000,999,0.200,8.000,99,9999,99999,9,999999999,0.000,0.999,0,0,999,0.000,0
3,12,2012,24,0,,18.070,15.540,89.000,89238.930,0.000,1383.176,334.807,0.000,0.000,0.000,0.000,0.000,0.000,-0.000,999,0.140,8.000,99,9999,99999,9,999999999,0.140,0.999,0,0,999,0.140,99
3,13,2012,1,0,,17.630,15.450,91.000,89238.930,0.000,1383.176,332.598,0.000,0.000,0.000,0.000,0.000,0.000,-0.000,999,0.140,8.000,99,9999,99999,9,999999999,0.010,0.999,0,0,999,0.010,99
3,13,2012,2,0,,17.190,15.350,88.000,89238.930,0.000,1383.176,327.777,0.000,0.000,0.000,0.000,0.000,0.000,-0.000,999,0.140,8.000,99,9999,99999,9,999999999,0.000,0.999,0,0,999,0.000,0
3,13,2012,3,0,,16.750,15.250,90.000,89238.930,0.000,1383.176,325.612,0.000,0.000,0.000,0.000,0.000,0.000,-0.000,999,0.140,8.000,99,9999,99999,9,999999999,0.000,0.999,0,0,999,0.000,0
3,13,2012,4,0,,16.310,15.150,97.000,89238.930,0.000,1382.404,325.886,0.000,0.000,0.000,0.000,0.000,0.000,-0.000,999,0.140,8.000,99,9999,99999,9,999999999,0.080,0.999,0,0,999,0.080,99
3,13,2012,5,0,,15.870,15.060,99.000,89238.930,0.000,1382.404,323.624,0.000,0.000,0.000,0.000,0.000,0.000,-0.000,999,0.140,8.000,99,9999,99999,9,999999999,0.040,0.999,0,0,999,0.040,99
3,13,2012,6,0,,15.520,14.980,96.000,89238.930,0.000,1382.404,319.677,0.000,0.000,0.000,0.000,0.000,0.000,-0.000,999,0.140,8.000,99,9999,99999,9,999999999,0.000,0.999,0,0,999,0.000,0
3,13,2012,7,0,,15.230,14.910,97.000,89238.930,209.997,1382.404,318.065,1.500,0.000,1.500,180.000,0.000,165.000,3.180,999,0.140,8.000,99,9999,99999,9,999999999,0.000,0.999,0,0,999,0.000,0
3,13,2012,8,0,,14.940,14.850,98.000,89238.930,532.251,1382.404,316.453,124.800,0.000,124.800,14976.000,0.000,13728.000,103.350,999,0.140,8.000,99,9999,99999,9,999999999,0.000,0.999,0,0,999,0.000,0
3,13,2012,9,0,,19.640,15.880,78.000,89238.930,821.042,1382.404,340.177,287.800,28.748,270.735,34536.000,2731.054,29780.861,145.177,999,0.140,7.000,99,9999,99999,9,999999999,0.000,0.999,0,0,999,0.000,0
3,13,2012,10,0,,21.350,16.240,72.000,89238.930,1055.760,1382.404,349.175,432.560,64.588,383.243,51907.200,6135.907,42156.761,159.766,999,0.140,7.000,99,9999,99999,9,999999999,0.000,0.999,0,0,999,0.000,0
3,13,2012,11,0,,22.840,16.550,67.000,89238.930,1220.244,1382.404,357.002,544.100,132.403,427.238,65292.000,12578.246,46996.212,154.079,999,0.140,7.000,99,9999,99999,9,999999999,0.000,0.999,0,0,999,0.000,0
3,13,2012,12,0,,24.060,16.800,63.000,89238.930,1303.227,1382.404,363.339,613.510,76.550,541.347,73621.200,7272.203,59548.223,182.792,999,0.270,7.000,99,9999,99999,9,999999999,0.000,0.999,0,0,999,0.000,0
3,13,2012,13,0,,24.950,16.980,61.000,89238.930,1299.024,1382.404,368.660,635.650,89.885,551.190,76278.000,8539.044,60630.903,186.718,999,0.650,7.000,99,9999,99999,9,999999999,0.000,0.999,0,0,999,0.000,0
3,13,2012,14,0,,25.500,17.090,59.000,89238.930,1207.909,1382.404,371.261,608.880,131.654,493.854,73065.600,12507.172,54323.959,179.924,999,0.820,7.000,99,9999,99999,9,999999999,0.000,0.999,0,0,999,0.000,0
3,13,2012,15,0,,25.700,17.120,59.000,89238.930,1036.100,1382.404,372.853,535.140,135.403,433.680,64216.800,12863.263,47704.802,184.227,999,1.200,7.000,99,9999,99999,9,999999999,0.000,0.999,0,0,999,0.000,0
3,13,2012,16,0,,25.470,17.080,59.000,89238.930,795.346,1382.404,371.022,419.940,225.865,290.069,50392.800,21457.185,31907.554,160.578,999,1.140,7.000,99,9999,99999,9,999999999,0.000,0.999,0,0,999,0.000,0
3,13,2012,17,0,,24.720,16.930,66.000,89238.930,502.217,1382.404,370.995,272.570,362.789,141.023,32708.400,34464.920,15512.551,123.798,999,0.970,8.000,99,9999,99999,9,999999999,0.020,0.999,0,0,999,0.020,99
3,13,2012,18,0,,23.530,16.690,70.000,89238.930,177.866,1382.404,364.652,109.100,382.317,60.697,13092.000,36320.137,6676.620,152.602,999,1.080,8.000,99,9999,99999,9,999999999,0.010,0.999,0,0,999,0.010,99
3,13,2012,19,0,,22.590,16.500,83.000,89238.930,0.000,1382.404,366.100,0.130,0.000,0.000,15.600,0.000,0.000,-0.000,999,0.530,8.000,99,9999,99999,9,999999999,5.420,0.999,0,0,999,5.420,99
3,13,2012,20,0,,21.650,16.300,76.000,89238.930,0.000,1382.404,354.196,0.000,0.000,0.000,0.000,0.000,0.000,-0.000,999,0.140,8.000,99,9999,99999,9,999999999,0.280,0.999,0,0,999,0.280,99
3,13,2012,21,0,,20.710,16.110,74.000,89238.930,0.000,1382.404,345.667,0.000,0.000,0.000,0.000,0.000,0.000,-0.000,999,0.140,7.000,99,9999,99999,9,999999999,0.000,0.999,0,0,999,0.000,0
3,13,2012,22,0,,19.770,15.910,78.000,89238.930,0.000,1382.404,341.153,0.000,0.000,0.000,0.000,0.000,0.000,-0.000,999,0.140,7.000,99,9999,99999,9,999999999,0.000,0.999,0,0,999,0.000,0
3,13,2012,23,0,,18.830,15.710,81.000,89238.930,0.000,1382.404,335.949,0.000,0.000,0.000,0.000,0.000,0.000,-0.000,999,0.140,7.000,99,9999,99999,9,999999999,0.000,0.999,0,0,999,0.000,0
3,13,2012,24,0,,17.890,13.780,76.000,89238.930,0.000,1382.404,326.031,0.000,0.000,0.000,0.000,0.000,0.000,-0.000,999,0.060,7.000,99,9999,99999,9,999999999,0.000,0.999,0,0,999,0.000,0
3,14,2012,1,0,,17.420,13.770,79.000,89238.930,0.000,1382.404,324.425,0.000,0.000,0.000,0.000,0.000,0.000,-0.000,999,0.060,6.000,99,9999,99999,9,999999999,0.000,0.999,0,0,999,0.000,0
3,14,2012,2,0,,16.950,13.770,81.000,89238.930,0.000,1382.404,322.186,0.000,0.000,0.000,0.000,0.000,0.000,-0.000,999,0.060,6.000,99,9999,99999,9,999999999,0.000,0.999,0,0,999,0.000,0
3,14,2012,3,0,,16.480,13.760,83.000,89238.930,0.000,1382.404,319.927,0.000,0.000,0.000,0.000,0.000,0.000,-0.000,999,0.060,6.000,99,9999,99999,9,999999999,0.000,0.999,0,0,999,0.000,0
3,14,2012,4,0,,16.010,13.750,86.000,89238.930,0.000,1381.627,318.181,0.000,0.000,0.000,0.000,0.000,0.000,-0.000,999,0.060,6.000,99,9999,99999,9,999999999,0.000,0.999,0,0,999,0.000,0
3,14,2012,5,0,,15.540,13.750,89.000,89238.930,0.000,1381.627,316.381,0.000,0.000,0.000,0.000,0.000,0.000,-0.000,999,0.060,6.000,99,9999,99999,9,999999999,0.000,0.999,0,0,999,0.000,0
3,14,2012,6,0,,15.180,13.740,91.000,89238.930,0.000,1381.627,314.821,0.000,0.000,0.000,0.000,0.000,0.000,-0.000,999,0.060,5.000,99,9999,99999,9,999999999,0.000,0.999,0,0,999,0.000,0
3,14,2012,7,0,,14.860,13.740,92.000,89238.930,208.079,1381.627,313.043,2.270,0.000,2.270,272.400,0.000,249.700,4.855,999,0.060,5.000,99,9999,99999,9,999999999,0.000,0.999,0,0,999,0.000,0
3,14,2012,8,0,,14.550,13.730,94.000,89238.930,530.127,1381.627,311.812,197.030,79.073,166.741,23643.600,7511.943,18341.504,138.559,999,0.060,5.000,99,9999,99999,9,999999999,0.000,0.999,0,0,999,0.000,0
3,14,2012,9,0,,19.840,13.810,68.000,89238.930,818.636,1381.627,335.048,459.790,312.777,274.565,55174.800,29713.818,30202.152,147.581,999,0.070,0.000,99,9999,99999,9,999999999,0.000,0.999,0,0,999,0.000,0
3,14,2012,10,0,,21.800,13.840,60.000,89238.930,1053.002,1381.627,343.557,692.910,486.166,322.459,83149.200,46185.793,35470.467,134.703,999,0.220,0.000,99,9999,99999,9,999999999,0.000,0.999,0,0,999,0.000,0
3,14,2012,11,0,,23.490,13.860,54.000,89238.930,1217.089,1381.627,351.077,870.820,565.212,372.962,104498.400,53695.116,41025.785,134.778,999,0.710,0.000,99,9999,99999,9,999999999,0.000,0.999,0,0,999,0.000,0
3,14,2012,12,0,,24.870,13.880,50.000,89238.930,1299.654,1381.627,357.720,981.760,699.132,324.133,117811.200,66417.544,35654.621,109.686,999,1.040,0.000,99,9999,99999,9,999999999,0.000,0.999,0,0,999,0.000,0
3,14,2012,13,0,,25.860,13.890,47.000,89238.930,1295.043,1381.627,362.173,1009.260,805.730,254.054,121111.200,76544.355,27945.936,86.278,999,1.410,0.000,99,9999,99999,9,999999999,0.000,0.999,0,0,999,0.000,0
3,14,2012,14,0,,26.460,13.900,45.000,89238.930,1203.559,1381.627,364.568,962.300,936.055,146.962,115476.000,88925.261,16165.843,53.706,999,1.240,0.000,99,9999,99999,9,999999999,0.000,0.999,0,0,999,0.000,0
3,14,2012,15,0,,26.660,13.910,45.000,89238.930,1031.443,1381.627,366.124,840.210,828.878,221.562,100825.200,78743.389,24371.790,94.491,999,1.170,0.000,99,9999,99999,9,999999999,0.000,0.999,0,0,999,0.000,0
3,14,2012,16,0,,26.370,13.900,46.000,89238.930,790.469,1381.627,365.014,656.230,827.496,183.081,78747.600,78612.080,20138.877,101.920,999,1.020,0.000,99,9999,99999,9,999999999,0.000,0.999,0,0,999,0.000,0
3,14,2012,17,0,,25.480,13.890,48.000,89238.930,497.224,1381.627,360.323,418.180,745.813,150.298,50181.600,70852.278,16532.819,133.196,999,0.830,2.000,99,9999,99999,9,999999999,0.000,0.999,0,0,999,0.000,0
3,14,2012,18,0,,24.120,13.870,52.000,89238.930,172.916,1381.627,353.971,162.070,396.492,113.284,19448.400,37666.787,12461.233,293.061,999,0.270,6.000,99,9999,99999,9,999999999,0.000,0.999,0,0,999,0.000,0
3,14,2012,19,0,,23.130,13.860,55.000,89238.930,0.000,1381.627,349.266,0.120,0.000,0.000,14.400,0.000,0.000,-0.000,999,0.070,6.000,99,9999,99999,9,999999999,0.000,0.999,0,0,999,0.000,0
3,14,2012,20,0,,22.140,13.840,59.000,89238.930,0.000,1381.627,345.282,0.000,0.000,0.000,0.000,0.000,0.000,-0.000,999,0.060,6.000,99,9999,99999,9,999999999,0.000,0.999,0,0,999,0.000,0
3,14,2012,21,0,,21.150,13.830,62.000,89238.930,0.000,1381.627,340.303,0.000,0.000,0.000,0.000,0.000,0.000,-0.000,999,0.060,6.000,99,9999,99999,9,999999999,0.000,0.999,0,0,999,0.000,0
3,14,2012,22,0,,20.150,13.810,66.000,89238.930,0.000,1381.627,335.906,0.000,0.000,0.000,0.000,0.000,0.000,-0.000,999,0.060,7.000,99,9999,99999,9,999999999,0.000,0.999,0,0,999,0.000,0
3,14,2012,23,0,,19.160,13.800,71.000,89238.930,0.000,1381.627,332.100,0.000,0.000,0.000,0.000,0.000,0.000,-0.000,999,0.060,7.000,99,9999,99999,9,999999999,0.000,0.999,0,0,999,0.000,0
3,14,2012,24,0,,18.170,15.220,82.000,89238.930,0.000,1381.627,331.647,0.000,0.000,0.000,0.000,0.000,0.000,-0.000,999,0.140,7.000,99,9999,99999,9,999999999,0.000,0.999,0,0,999,0.000,0
3,15,2012,1,0,,17.670,15.130,85.000,89238.930,0.000,1381.627,329.667,0.000,0.000,0.000,0.000,0.000,0.000,-0.000,999,0.140,7.000,99,9999,99999,9,999999999,0.000,0.999,0,0,999,0.000,0
3,15,2012,2,0,,17.170,15.040,87.000,89238.930,0.000,1381.627,327.096,0.000,0.000,0.000,0.000,0.000,0.000,-0.000,999,0.140,7.000,99,9999,99999,9,999999999,0.000,0.999,0,0,999,0.000,0
3,15,2012,3,0,,16.680,14.940,89.000,89238.930,0.000,1381.627,324.584,0.000,0.000,0.000,0.000,0.000,0.000,-0.000,999,0.140,7.000,99,9999,99999,9,999999999,0.000,0.999,0,0,999,0.000,0
3,15,2012,4,0,,16.180,14.850,91.000,89238.930,0.000,1380.846,321.987,0.000,0.000,0.000,0.000,0.000,0.000,-0.000,999,0.140,7.000,99,9999,99999,9,999999999,0.000,0.999,0,0,999,0.000,0
3,15,2012,5,0,,15.690,14.750,94.000,89238.930,0.000,1380.846,319.939,0.000,0.000,0.000,0.000,0.000,0.000,-0.000,999,0.140,8.000,99,9999,99999,9,999999999,0.000,0.999,0,0,999,0.000,0
3,15,2012,6,0,,15.300,14.680,96.000,89238.930,0.000,1380.846,318.096,0.000,0.000,0.000,0.000,0.000,0.000,-0.000,999,0.140,8.000,99,9999,99999,9,999999999,0.000,0.999,0,0,999,0.000,0
3,15,2012,7,0,,14.970,14.610,97.000,89238.930,206.170,1380.846,316.204,1.410,0.000,1.410,169.200,0.000,155.100,3.043,999,0.140,8.000,99,9999,99999,9,999999999,0.000,0.999,0,0,999,0.000,0
3,15,2012,8,0,,14.650,14.550,99.000,89238.930,527.995,1380.846,314.841,138.570,6.666,136.026,16628.400,633.223,14962.820,113.429,999,0.140,8.000,99,9999,99999,9,999999999,0.000,0.999,0,0,999,0.000,0
3,15,2012,9,0,,19.520,15.470,77.000,89238.930,816.204,1380.846,338.653,321.540,76.525,276.332,38584.800,7269.865,30396.479,148.890,999,0.140,7.000,99,9999,99999,9,999999999,0.000,0.999,0,0,999,0.000,0
3,15,2012,10,0,,21.310,15.800,70.000,89238.930,1050.202,1380.846,347.469,483.940,104.033,404.835,58072.800,9883.114,44531.836,169.470,999,0.140,6.000,99,9999,99999,9,999999999,0.000,0.999,0,0,999,0.000,0
3,15,2012,11,0,,22.870,16.080,65.000,89238.930,1213.877,1380.846,355.691,608.890,213.797,420.961,73066.800,20310.716,46305.715,152.440,999,0.180,6.000,99,9999,99999,9,999999999,0.000,0.999,0,0,999,0.000,0
3,15,2012,12,0,,24.130,16.300,61.000,89238.930,1296.017,1380.846,362.214,686.450,123.976,570.095,82374.000,11777.713,62710.438,193.352,999,0.270,6.000,99,9999,99999,9,999999999,0.000,0.999,0,0,999,0.000,0
3,15,2012,13,0,,25.060,16.470,58.000,89238.930,1290.993,1380.846,366.879,710.810,145.356,574.918,85297.200,13808.850,63240.968,195.747,999,1.090,6.000,99,9999,99999,9,999999999,0.000,0.999,0,0,999,0.000,0
3,15,2012,14,0,,25.630,16.560,57.000,89238.930,1199.139,1380.846,370.466,680.210,259.164,455.171,81625.200,24620.596,50068.823,166.856,999,1.190,6.000,99,9999,99999,9,999999999,0.000,0.999,0,0,999,0.000,0
3,15,2012,15,0,,25.840,16.600,56.000,89238.930,1026.722,1380.846,371.193,596.860,325.056,355.223,71623.200,30880.354,39074.560,152.106,999,1.940,6.000,99,9999,99999,9,999999999,0.000,0.999,0,0,999,0.000,0
3,15,2012,16,0,,25.590,16.560,57.000,89238.930,785.536,1380.846,370.149,466.990,428.761,223.226,56038.800,40732.294,24554.845,124.980,999,1.580,6.000,99,9999,99999,9,999999999,0.000,0.999,0,0,999,0.000,0
3,15,2012,17,0,,24.800,16.420,59.000,89238.930,492.187,1380.846,365.729,301.100,456.107,138.850,36132.000,43330.131,15273.529,124.245,999,0.180,7.000,99,9999,99999,9,999999999,0.000,0.999,0,0,999,0.000,0
3,15,2012,18,0,,23.550,16.200,73.000,89238.930,167.943,1380.846,367.003,117.580,375.570,72.715,14109.600,35679.104,7998.632,193.756,999,0.140,8.000,99,9999,99999,9,999999999,1.910,0.999,0,0,999,1.910,99
3,15,2012,19,0,,22.690,16.050,71.000,89238.930,0.000,1380.846,358.801,0.000,0.000,0.000,0.000,0.000,0.000,-0.000,999,0.140,8.000,99,9999,99999,9,999999999,0.010,0.999,0,0,999,0.010,99
3,15,2012,20,0,,21.840,15.900,68.000,89238.930,0.000,1380.846,350.061,0.000,0.000,0.000,0.000,0.000,0.000,-0.000,999,0.140,8.000,99,9999,99999,9,999999999,0.000,0.999,0,0,999,0.000,0
3,15,2012,21,0,,20.980,15.740,71.000,89238.930,0.000,1380.846,345.668,0.000,0.000,0.000,0.000,0.000,0.000,-0.000,999,0.140,8.000,99,9999,99999,9,999999999,0.000,0.999,0,0,999,0.000,0
3,15,2012,22,0,,20.130,15.590,80.000,89238.930,0.000,1380.846,345.113,0.000,0.000,0.000,0.000,0.000,0.000,-0.000,999,0.140,8.000,99,9999,99999,9,999999999,0.020,0.999,0,0,999,0.020,99
3,15,2012,23,0,,19.270,15.430,83.000,89238.930,0.000,1380.846,340.418,0.000,0.000,0.000,0.000,0.000,0.000,-0.000,999,0.140,8.000,99,9999,99999,9,999999999,0.060,0.999,0,0,999,0.060,99
3,15,2012,24,0,,18.420,15.370,82.000,89238.930,0.000,1380.846,333.493,0.000,0.000,0.000,0.000,0.000,0.000,-0.000,999,0.100,8.000,99,9999,99999,9,999999999,0.000,0.999,0,0,999,0.000,0
3,16,2012,1,0,,17.990,15.220,83.000,89238.930,0.000,1380.846,330.896,0.000,0.000,0.000,0.000,0.000,0.000,-0.000,999,0.100,8.000,99,9999,99999,9,999999999,0.000,0.999,0,0,999,0.000,0
3,16,2012,2,0,,17.560,15.070,85.000,89238.930,0.000,1380.846,328.860,0.000,0.000,0.000,0.000,0.000,0.000,-0.000,999,0.100,8.000,99,9999,99999,9,999999999,0.000,0.999,0,0,999,0.000,0
3,16,2012,3,0,,17.140,14.920,86.000,89238.930,0.000,1380.846,326.338,0.000,0.000,0.000,0.000,0.000,0.000,-0.000,999,0.100,8.000,99,9999,99999,9,999999999,0.000,0.999,0,0,999,0.000,0
3,16,2012,4,0,,16.710,14.770,88.000,89238.930,0.000,1380.062,324.278,0.000,0.000,0.000,0.000,0.000,0.000,-0.000,999,0.100,8.000,99,9999,99999,9,999999999,0.000,0.999,0,0,999,0.000,0
3,16,2012,5,0,,16.280,14.620,89.000,89238.930,0.000,1380.062,321.687,0.000,0.000,0.000,0.000,0.000,0.000,-0.000,999,0.100,8.000,99,9999,99999,9,999999999,0.000,0.999,0,0,999,0.000,0
3,16,2012,6,0,,15.950,14.500,91.000,89238.930,0.000,1380.062,320.328,0.000,0.000,0.000,0.000,0.000,0.000,-0.000,999,0.100,8.000,99,9999,99999,9,999999999,0.000,0.999,0,0,999,0.000,0
3,16,2012,7,0,,15.670,14.400,92.000,89238.930,204.270,1380.062,318.814,1.320,0.000,1.320,158.400,0.000,145.200,2.874,999,0.100,8.000,99,9999,99999,9,999999999,0.000,0.999,0,0,999,0.000,0
3,16,2012,8,0,,15.390,14.300,93.000,89238.930,525.853,1380.062,317.300,141.740,8.807,138.390,17008.800,836.624,15222.914,115.807,999,0.100,8.000,99,9999,99999,9,999999999,0.000,0.999,0,0,999,0.000,0
3,16,2012,9,0,,19.800,15.830,77.000,89238.930,813.744,1380.062,340.750,329.970,86.400,279.053,39596.400,8208.019,30695.798,150.725,999,0.130,6.000,99,9999,99999,9,999999999,0.000,0.999,0,0,999,0.000,0
3,16,2012,10,0,,21.420,16.360,72.000,89238.930,1047.359,1380.062,349.710,497.000,117.185,408.085,59640.000,11132.582,44889.339,171.198,999,0.200,6.000,99,9999,99999,9,999999999,0.000,0.999,0,0,999,0.000,0
3,16,2012,11,0,,22.840,16.810,68.000,89238.930,1210.611,1380.062,357.758,625.430,144.595,498.600,75051.600,13736.565,54845.981,180.940,999,0.280,6.000,99,9999,99999,9,999999999,0.000,0.999,0,0,999,0.000,0
3,16,2012,12,0,,23.980,17.160,65.000,89238.930,1292.315,1380.062,364.335,705.020,139.829,574.087,84602.400,13283.792,63149.522,195.153,999,1.020,5.000,99,9999,99999,9,999999999,0.000,0.999,0,0,999,0.000,0
3,16,2012,13,0,,24.820,17.420,63.000,89238.930,1286.875,1380.062,369.331,729.840,294.002,455.702,87580.800,27930.170,50127.256,155.565,999,1.470,5.000,99,9999,99999,9,999999999,0.000,0.999,0,0,999,0.000,0
3,16,2012,14,0,,25.340,17.570,62.000,89238.930,1194.651,1380.062,372.622,698.070,325.178,416.607,83768.400,30891.945,45826.754,153.206,999,1.280,5.000,99,9999,99999,9,999999999,0.000,0.999,0,0,999,0.000,0
3,16,2012,15,0,,25.530,17.630,61.000,89238.930,1021.937,1380.062,373.273,612.010,395.273,319.381,73441.200,37550.921,35131.890,137.321,999,1.190,6.000,99,9999,99999,9,999999999,0.000,0.999,0,0,999,0.000,0
3,16,2012,16,0,,25.300,17.560,62.000,89238.930,780.549,1380.062,372.302,478.100,523.168,182.386,57372.000,49700.923,20062.467,102.710,999,1.050,6.000,99,9999,99999,9,999999999,0.000,0.999,0,0,999,0.000,0
3,16,2012,17,0,,24.570,17.340,64.000,89238.930,487.110,1380.062,368.179,307.200,502.964,130.035,36864.000,47781.577,14303.814,117.508,999,0.600,7.000,99,9999,99999,9,999999999,0.000,0.999,0,0,999,0.000,0
3,16,2012,18,0,,23.440,17.000,67.000,89238.930,162.949,1380.062,361.672,118.400,286.145,85.249,14208.000,27183.743,9377.437,234.227,999,0.210,8.000,99,9999,99999,9,999999999,0.000,0.999,0,0,999,0.000,0
3,16,2012,19,0,,22.640,16.750,69.000,89238.930,0.000,1380.062,356.952,0.000,0.000,0.000,0.000,0.000,0.000,-0.000,999,0.100,8.000,99,9999,99999,9,999999999,0.000,0.999,0,0,999,0.000,0
3,16,2012,20,0,,21.850,16.500,71.000,89238.930,0.000,1380.062,352.303,0.000,0.000,0.000,0.000,0.000,0.000,-0.000,999,0.100,8.000,99,9999,99999,9,999999999,0.000,0.999,0,0,999,0.000,0
3,16,2012,21,0,,21.060,16.240,73.000,89238.930,0.000,1380.062,347.651,0.000,0.000,0.000,0.000,0.000,0.000,-0.000,999,0.100,8.000,99,9999,99999,9,999999999,0.000,0.999,0,0,999,0.000,0
3,16,2012,22,0,,20.270,15.990,76.000,89238.930,0.000,1380.062,343.650,0.000,0.000,0.000,0.000,0.000,0.000,-0.000,999,0.100,8.000,99,9999,99999,9,999999999,0.000,0.999,0,0,999,0.000,0
3,16,2012,23,0,,19.480,15.720,78.000,89238.930,0.000,1380.062,338.978,0.000,0.000,0.000,0.000,0.000,0.000,-0.000,999,0.100,8.000,99,9999,99999,9,999999999,0.000,0.999,0,0,999,0.000,0
3,16,2012,24,0,,18.690,16.270,90.000,89238.930,0.000,1380.062,339.987,0.000,0.000,0.000,0.000,0.000,0.000,-0.000,999,0.270,8.000,99,9999,99999,9,999999999,0.010,0.999,0,0,999,0.010,99
3,17,2012,1,0,,18.290,16.200,87.000,89238.930,0.000,1380.062,335.356,0.000,0.000,0.000,0.000,0.000,0.000,-0.000,999,0.270,8.000,99,9999,99999,9,999999999,0.000,0.999,0,0,999,0.000,0
3,17,2012,2,0,,17.900,16.140,89.000,89238.930,0.000,1380.062,333.543,0.000,0.000,0.000,0.000,0.000,0.000,-0.000,999,0.270,8.000,99,9999,99999,9,999999999,0.000,0.999,0,0,999,0.000,0
3,17,2012,3,0,,17.500,16.070,91.000,89238.930,0.000,1380.062,331.636,0.000,0.000,0.000,0.000,0.000,0.000,-0.000,999,0.270,8.000,99,9999,99999,9,999999999,0.000,0.999,0,0,999,0.000,0
3,17,2012,4,0,,17.100,16.000,93.000,89238.930,0.000,1379.274,329.711,0.000,0.000,0.000,0.000,0.000,0.000,-0.000,999,0.270,8.000,99,9999,99999,9,999999999,0.000,0.999,0,0,999,0.000,0
3,17,2012,5,0,,16.710,15.930,95.000,89238.930,0.000,1379.274,327.843,0.000,0.000,0.000,0.000,0.000,0.000,-0.000,999,0.270,8.000,99,9999,99999,9,999999999,0.000,0.999,0,0,999,0.000,0
3,17,2012,6,0,,16.400,15.880,96.000,89238.930,0.000,1379.274,326.062,0.000,0.000,0.000,0.000,0.000,0.000,-0.000,999,0.270,8.000,99,9999,99999,9,999999999,0.000,0.999,0,0,999,0.000,0
3,17,2012,7,0,,16.140,15.830,98.000,89238.930,202.378,1379.274,325.122,1.110,0.000,1.110,133.200,0.000,122.100,2.438,999,0.270,8.000,99,9999,99999,9,999999999,0.000,0.999,0,0,999,0.000,0
3,17,2012,8,0,,15.880,15.790,99.000,89238.930,523.700,1379.274,323.697,130.870,3.141,129.680,15704.400,298.352,14264.757,108.903,999,0.270,8.000,99,9999,99999,9,999999999,0.000,0.999,0,0,999,0.000,0
3,17,2012,9,0,,20.340,16.550,78.000,89238.930,811.258,1379.274,345.459,305.720,39.293,282.622,36686.400,3732.797,31088.397,153.034,999,0.270,7.000,99,9999,99999,9,999999999,0.000,0.999,0,0,999,0.000,0
3,17,2012,10,0,,22.000,16.830,72.000,89238.930,1044.474,1379.274,354.164,460.850,89.518,393.076,55302.000,8504.255,43238.327,165.262,999,0.270,7.000,99,9999,99999,9,999999999,0.000,0.999,0,0,999,0.000,0
3,17,2012,11,0,,23.430,17.070,67.000,89238.930,1207.291,1379.274,361.594,580.050,108.036,485.494,69606.000,10263.427,53404.288,176.568,999,0.470,6.000,99,9999,99999,9,999999999,0.000,0.999,0,0,999,0.000,0
3,17,2012,12,0,,24.600,17.260,63.000,89238.930,1288.551,1379.274,367.588,653.820,104.490,556.207,78458.400,9926.578,61182.747,189.519,999,0.490,6.000,99,9999,99999,9,999999999,0.000,0.999,0,0,999,0.000,0
3,17,2012,13,0,,25.450,17.390,61.000,89238.930,1282.690,1379.274,372.634,676.630,122.778,562.455,81195.600,11663.897,61870.038,192.525,999,1.050,6.000,99,9999,99999,9,999999999,0.000,0.999,0,0,999,0.000,0
3,17,2012,14,0,,25.970,17.480,59.000,89238.930,1190.097,1379.274,375.011,646.840,179.363,492.093,77620.800,17039.511,54130.249,181.555,999,0.680,6.000,99,9999,99999,9,999999999,0.000,0.999,0,0,999,0.000,0
3,17,2012,15,0,,26.160,17.510,58.000,89238.930,1017.092,1379.274,375.617,566.610,301.966,343.991,67993.200,28686.813,37839.045,148.523,999,0.580,6.000,99,9999,99999,9,999999999,0.000,0.999,0,0,999,0.000,0
3,17,2012,16,0,,25.930,17.470,59.000,89238.930,775.512,1379.274,374.691,441.920,400.581,216.832,53030.400,38055.178,23851.507,122.832,999,0.360,7.000,99,9999,99999,9,999999999,0.000,0.999,0,0,999,0.000,0
3,17,2012,17,0,,25.190,17.350,61.000,89238.930,481.996,1379.274,370.564,282.940,473.839,117.699,33952.800,45014.696,12946.931,107.433,999,0.630,7.000,99,9999,99999,9,999999999,0.000,0.999,0,0,999,0.000,0
3,17,2012,18,0,,24.030,17.160,65.000,89238.930,157.938,1379.274,364.728,107.560,230.391,81.704,12907.200,21887.133,8987.437,231.738,999,0.270,8.000,99,9999,99999,9,999999999,0.000,0.999,0,0,999,0.000,0
3,17,2012,19,0,,23.160,17.020,68.000,89238.930,0.000,1379.274,360.249,0.000,0.000,0.000,0.000,0.000,0.000,-0.000,999,0.270,8.000,99,9999,99999,9,999999999,0.000,0.999,0,0,999,0.000,0
3,17,2012,20,0,,22.300,16.880,71.000,89238.930,0.000,1379.274,355.773,0.000,0.000,0.000,0.000,0.000,0.000,-0.000,999,0.270,8.000,99,9999,99999,9,999999999,0.000,0.999,0,0,999,0.000,0
3,17,2012,21,0,,21.430,16.740,74.000,89238.930,0.000,1379.274,351.158,0.000,0.000,0.000,0.000,0.000,0.000,-0.000,999,0.270,8.000,99,9999,99999,9,999999999,0.000,0.999,0,0,999,0.000,0
3,17,2012,22,0,,20.570,16.590,82.000,89238.930,0.000,1379.274,349.697,0.000,0.000,0.000,0.000,0.000,0.000,-0.000,999,0.270,8.000,99,9999,99999,9,999999999,0.020,0.999,0,0,999,0.020,99
3,17,2012,23,0,,19.710,16.450,86.000,89238.930,0.000,1379.274,345.488,0.000,0.000,0.000,0.000,0.000,0.000,-0.000,999,0.270,8.000,99,9999,99999,9,999999999,0.970,0.999,0,0,999,0.970,99
3,17,2012,24,0,,18.840,16.650,88.000,89238.930,0.000,1379.274,340.026,0.000,0.000,0.000,0.000,0.000,0.000,-0.000,999,0.140,8.000,99,9999,99999,9,999999999,0.020,0.999,0,0,999,0.020,99
3,18,2012,1,0,,18.410,16.520,90.000,89238.930,0.000,1379.274,337.883,0.000,0.000,0.000,0.000,0.000,0.000,-0.000,999,0.140,8.000,99,9999,99999,9,999999999,0.070,0.999,0,0,999,0.070,99
3,18,2012,2,0,,17.980,16.380,95.000,89238.930,0.000,1379.274,337.266,0.000,0.000,0.000,0.000,0.000,0.000,-0.000,999,0.140,8.000,99,9999,99999,9,999999999,3.720,0.999,0,0,999,3.720,99
3,18,2012,3,0,,17.550,16.250,88.000,89238.930,0.000,1379.274,330.420,0.000,0.000,0.000,0.000,0.000,0.000,-0.000,999,0.140,8.000,99,9999,99999,9,999999999,0.000,0.999,0,0,999,0.000,0
3,18,2012,4,0,,17.110,16.110,94.000,89238.930,0.000,1378.483,330.289,0.000,0.000,0.000,0.000,0.000,0.000,-0.000,999,0.140,8.000,99,9999,99999,9,999999999,0.160,0.999,0,0,999,0.160,99
3,18,2012,5,0,,16.680,15.970,91.000,89238.930,0.000,1378.483,325.616,0.000,0.000,0.000,0.000,0.000,0.000,-0.000,999,0.140,8.000,99,9999,99999,9,999999999,0.000,0.999,0,0,999,0.000,0
3,18,2012,6,0,,16.350,15.870,92.000,89238.930,0.000,1378.483,323.722,0.000,0.000,0.000,0.000,0.000,0.000,-0.000,999,0.140,8.000,99,9999,99999,9,999999999,0.000,0.999,0,0,999,0.000,0
3,18,2012,7,0,,16.060,15.770,98.000,89238.930,200.493,1378.483,324.538,0.860,0.000,0.860,103.200,0.000,94.600,1.906,999,0.140,8.000,99,9999,99999,9,999999999,0.030,0.999,0,0,999,0.030,99
3,18,2012,8,0,,15.780,15.680,99.000,89238.930,521.537,1378.483,322.970,110.960,0.000,110.960,13315.200,0.000,12205.600,93.517,999,0.140,8.000,99,9999,99999,9,999999999,0.010,0.999,0,0,999,0.010,99
3,18,2012,9,0,,18.490,16.540,85.000,89238.930,808.744,1378.483,335.731,117.140,0.000,117.140,14056.800,0.000,12885.400,63.590,999,0.140,8.000,99,9999,99999,9,999999999,0.000,0.999,0,0,999,0.000,0
3,18,2012,10,0,,20.700,17.210,78.000,89238.930,1041.547,1378.483,348.200,392.410,88.840,325.300,47089.200,8439.785,35782.962,137.073,999,0.140,8.000,99,9999,99999,9,999999999,0.000,0.999,0,0,999,0.000,0
3,18,2012,11,0,,21.140,17.340,77.000,89238.930,1203.916,1378.483,350.925,279.430,21.961,260.252,33531.600,2086.270,28627.726,94.861,999,0.140,8.000,99,9999,99999,9,999999999,0.000,0.999,0,0,999,0.000,0
3,18,2012,12,0,,23.740,18.090,70.000,89238.930,1284.725,1378.483,366.310,771.910,350.124,445.615,92629.200,33261.737,49017.603,152.202,999,0.400,4.000,99,9999,99999,9,999999999,0.000,0.999,0,0,999,0.000,0
3,18,2012,13,0,,23.910,18.140,69.000,89238.930,1278.440,1378.483,366.902,376.470,26.236,352.140,45176.400,2492.378,38735.359,120.867,999,0.980,8.000,99,9999,99999,9,999999999,0.000,0.999,0,0,999,0.000,0
3,18,2012,14,0,,25.240,18.500,66.000,89238.930,1185.480,1378.483,375.160,731.880,386.196,399.790,87825.600,36688.644,43976.879,147.991,999,1.710,5.000,99,9999,99999,9,999999999,0.000,0.999,0,0,999,0.000,0
3,18,2012,15,0,,25.230,18.500,66.000,89238.930,1012.190,1378.483,375.079,395.360,54.154,355.606,47443.200,5144.610,39116.664,154.194,999,1.490,8.000,99,9999,99999,9,999999999,0.000,0.999,0,0,999,0.000,0
3,18,2012,16,0,,24.950,18.430,67.000,89238.930,770.427,1378.483,373.635,335.820,143.686,255.567,40298.400,13650.140,28112.331,145.648,999,1.240,8.000,99,9999,99999,9,999999999,0.000,0.999,0,0,999,0.000,0
3,18,2012,17,0,,24.690,18.350,67.000,89238.930,476.848,1378.483,371.554,325.030,607.680,115.268,39003.600,57729.623,12679.518,106.294,999,0.410,6.000,99,9999,99999,9,999999999,0.000,0.999,0,0,999,0.000,0
3,18,2012,18,0,,24.240,18.230,68.000,89238.930,152.913,1378.483,368.752,261.320,209.031,238.623,31358.400,19857.931,26248.485,699.513,999,0.190,0.000,99,9999,99999,9,999999999,0.000,0.999,0,0,999,0.000,0
3,18,2012,19,0,,23.300,17.960,71.000,89238.930,0.000,1378.483,363.578,0.000,0.000,0.000,0.000,0.000,0.000,-0.000,999,0.140,0.000,99,9999,99999,9,999999999,0.000,0.999,0,0,999,0.000,0
3,18,2012,20,0,,22.350,17.690,73.000,89238.930,0.000,1378.483,357.576,0.000,0.000,0.000,0.000,0.000,0.000,-0.000,999,0.140,1.000,99,9999,99999,9,999999999,0.000,0.999,0,0,999,0.000,0
3,18,2012,21,0,,21.410,17.420,76.000,89238.930,0.000,1378.483,352.344,0.000,0.000,0.000,0.000,0.000,0.000,-0.000,999,0.140,2.000,99,9999,99999,9,999999999,0.000,0.999,0,0,999,0.000,0
3,18,2012,22,0,,20.470,17.140,79.000,89238.930,0.000,1378.483,347.078,0.000,0.000,0.000,0.000,0.000,0.000,-0.000,999,0.140,2.000,99,9999,99999,9,999999999,0.000,0.999,0,0,999,0.000,0
3,18,2012,23,0,,19.520,16.860,82.000,89238.930,0.000,1378.483,341.710,0.000,0.000,0.000,0.000,0.000,0.000,-0.000,999,0.140,2.000,99,9999,99999,9,999999999,0.000,0.999,0,0,999,0.000,0
3,18,2012,24,0,,18.580,15.100,80.000,89238.930,0.000,1378.483,333.501,0.000,0.000,0.000,0.000,0.000,0.000,-0.000,999,0.070,3.000,99,9999,99999,9,999999999,0.000,0.999,0,0,999,0.000,0
3,19,2012,1,0,,18.110,14.960,81.000,89238.930,0.000,1378.483,330.626,0.000,0.000,0.000,0.000,0.000,0.000,-0.000,999,0.070,4.000,99,9999,99999,9,999999999,0.000,0.999,0,0,999,0.000,0
3,19,2012,2,0,,17.640,14.820,83.000,89238.930,0.000,1378.483,328.328,0.000,0.000,0.000,0.000,0.000,0.000,-0.000,999,0.070,4.000,99,9999,99999,9,999999999,0.000,0.999,0,0,999,0.000,0
3,19,2012,3,0,,17.170,14.680,85.000,89238.930,0.000,1378.483,326.011,0.000,0.000,0.000,0.000,0.000,0.000,-0.000,999,0.070,4.000,99,9999,99999,9,999999999,0.000,0.999,0,0,999,0.000,0
3,19,2012,4,0,,16.690,14.530,87.000,89238.930,0.000,1377.689,323.604,0.000,0.000,0.000,0.000,0.000,0.000,-0.000,999,0.070,5.000,99,9999,99999,9,999999999,0.000,0.999,0,0,999,0.000,0
3,19,2012,5,0,,16.220,14.390,88.000,89238.930,0.000,1377.689,320.736,0.000,0.000,0.000,0.000,0.000,0.000,-0.000,999,0.070,6.000,99,9999,99999,9,999999999,0.000,0.999,0,0,999,0.000,0
3,19,2012,6,0,,15.860,14.280,90.000,89238.930,0.000,1377.689,319.176,0.000,0.000,0.000,0.000,0.000,0.000,-0.000,999,0.070,6.000,99,9999,99999,9,999999999,0.000,0.999,0,0,999,0.000,0
3,19,2012,7,0,,15.550,14.180,91.000,89238.930,198.614,1377.689,317.458,1.470,0.000,1.470,176.400,0.000,161.700,3.288,999,0.110,6.000,99,9999,99999,9,999999999,0.000,0.999,0,0,999,0.000,0
3,19,2012,8,0,,15.240,14.090,92.000,89238.930,519.363,1377.689,315.740,169.170,32.419,156.970,20300.400,3079.759,17266.730,132.773,999,0.110,7.000,99,9999,99999,9,999999999,0.000,0.999,0,0,999,0.000,0
3,19,2012,9,0,,20.020,15.520,75.000,89238.930,806.202,1377.689,341.120,408.530,210.353,285.504,49023.600,19983.516,31405.462,155.387,999,0.220,4.000,99,9999,99999,9,999999999,0.000,0.999,0,0,999,0.000,0
3,19,2012,10,0,,21.870,16.050,69.000,89238.930,1038.578,1377.689,351.021,623.200,344.046,363.897,74784.000,32684.395,40028.654,153.687,999,0.290,2.000,99,9999,99999,9,999999999,0.000,0.999,0,0,999,0.000,0
3,19,2012,11,0,,23.410,16.470,65.000,89238.930,1200.488,1377.689,359.876,770.400,426.550,398.748,92448.000,40522.296,43862.257,145.674,999,0.410,1.000,99,9999,99999,9,999999999,0.000,0.999,0,0,999,0.000,0
3,19,2012,12,0,,24.650,16.810,61.000,89238.930,1280.839,1377.689,366.292,869.180,530.824,375.695,104301.600,50428.251,41326.489,128.636,999,0.850,0.000,99,9999,99999,9,999999999,0.000,0.999,0,0,999,0.000,0
3,19,2012,13,0,,25.560,17.050,59.000,89238.930,1274.127,1377.689,371.738,896.220,592.679,348.121,107546.400,56304.472,38293.273,119.823,999,1.390,0.000,99,9999,99999,9,999999999,0.000,0.999,0,0,999,0.000,0
3,19,2012,14,0,,26.100,17.190,57.000,89238.930,1180.801,1377.689,374.205,849.940,664.691,280.301,101992.800,63145.682,30833.130,104.111,999,1.830,1.000,99,9999,99999,9,999999999,0.000,0.999,0,0,999,0.000,0
3,19,2012,15,0,,26.270,17.230,57.000,89238.930,1007.232,1377.689,375.565,736.690,823.389,134.862,88402.800,78221.969,14834.808,58.732,999,1.360,2.000,99,9999,99999,9,999999999,0.000,0.999,0,0,999,0.000,0
3,19,2012,16,0,,25.940,17.150,58.000,89238.930,765.297,1377.689,373.857,561.480,842.546,93.758,67377.600,80041.915,10313.423,53.761,999,0.680,3.000,99,9999,99999,9,999999999,0.000,0.999,0,0,999,0.000,0
3,19,2012,17,0,,25.080,16.920,60.000,89238.930,471.669,1377.689,368.818,349.400,512.734,174.242,41928.000,48709.773,19166.639,162.355,999,0.520,5.000,99,9999,99999,9,999999999,0.000,0.999,0,0,999,0.000,0
3,19,2012,18,0,,23.840,16.590,63.000,89238.930,147.879,1377.689,361.618,136.880,346.251,100.549,16425.600,32893.856,11060.402,305.031,999,0.200,7.000,99,9999,99999,9,999999999,0.000,0.999,0,0,999,0.000,0
3,19,2012,19,0,,23.020,16.370,66.000,89238.930,0.000,1377.689,357.629,0.000,0.000,0.000,0.000,0.000,0.000,-0.000,999,0.070,7.000,99,9999,99999,9,999999999,0.000,0.999,0,0,999,0.000,0
3,19,2012,20,0,,22.210,16.140,68.000,89238.930,0.000,1377.689,352.894,0.000,0.000,0.000,0.000,0.000,0.000,-0.000,999,0.070,7.000,99,9999,99999,9,999999999,0.000,0.999,0,0,999,0.000,0
3,19,2012,21,0,,21.400,15.920,70.000,89238.930,0.000,1377.689,348.153,0.000,0.000,0.000,0.000,0.000,0.000,-0.000,999,0.070,7.000,99,9999,99999,9,999999999,0.000,0.999,0,0,999,0.000,0
3,19,2012,22,0,,20.580,15.680,73.000,89238.930,0.000,1377.689,344.013,0.000,0.000,0.000,0.000,0.000,0.000,-0.000,999,0.070,7.000,99,9999,99999,9,999999999,0.000,0.999,0,0,999,0.000,0
3,19,2012,23,0,,19.770,15.450,76.000,89238.930,0.000,1377.689,339.889,0.000,0.000,0.000,0.000,0.000,0.000,-0.000,999,0.070,7.000,99,9999,99999,9,999999999,0.000,0.999,0,0,999,0.000,0
3,19,2012,24,0,,18.960,16.760,86.000,89238.930,0.000,1377.689,339.812,0.000,0.000,0.000,0.000,0.000,0.000,-0.000,999,0.040,7.000,99,9999,99999,9,999999999,0.000,0.999,0,0,999,0.000,0
3,20,2012,1,0,,18.550,16.650,93.000,89238.930,0.000,1377.689,340.525,0.000,0.000,0.000,0.000,0.000,0.000,-0.000,999,0.040,8.000,99,9999,99999,9,999999999,0.020,0.999,0,0,999,0.020,99
3,20,2012,2,0,,18.140,16.540,90.000,89238.930,0.000,1377.689,335.863,0.000,0.000,0.000,0.000,0.000,0.000,-0.000,999,0.040,8.000,99,9999,99999,9,999999999,0.000,0.999,0,0,999,0.000,0
3,20,2012,3,0,,17.740,16.440,96.000,89238.930,0.000,1377.689,335.972,0.000,0.000,0.000,0.000,0.000,0.000,-0.000,999,0.040,8.000,99,9999,99999,9,999999999,0.040,0.999,0,0,999,0.040,99
3,20,2012,4,0,,17.330,16.320,93.000,89238.930,0.000,1376.892,331.409,0.000,0.000,0.000,0.000,0.000,0.000,-0.000,999,0.040,8.000,99,9999,99999,9,999999999,0.000,0.999,0,0,999,0.000,0
3,20,2012,5,0,,16.920,16.210,95.000,89238.930,0.000,1376.892,329.387,0.000,0.000,0.000,0.000,0.000,0.000,-0.000,999,0.040,8.000,99,9999,99999,9,999999999,0.000,0.999,0,0,999,0.000,0
3,20,2012,6,0,,16.610,16.130,96.000,89238.930,0.000,1376.892,327.600,0.000,0.000,0.000,0.000,0.000,0.000,-0.000,999,0.040,8.000,99,9999,99999,9,999999999,0.000,0.999,0,0,999,0.000,0
3,20,2012,7,0,,16.340,16.050,97.000,89238.930,196.741,1376.892,326.106,0.650,0.000,0.650,78.000,0.000,71.500,1.467,999,0.040,8.000,99,9999,99999,9,999999999,0.000,0.999,0,0,999,0.000,0
3,20,2012,8,0,,16.070,15.980,98.000,89238.930,517.177,1376.892,324.611,102.730,0.000,102.730,12327.600,0.000,11300.300,87.212,999,0.040,8.000,99,9999,99999,9,999999999,0.000,0.999,0,0,999,0.000,0
3,20,2012,9,0,,18.310,16.590,89.000,89238.930,803.631,1376.892,336.596,132.750,0.000,132.750,15930.000,0.000,14602.500,72.439,999,0.040,8.000,99,9999,99999,9,999999999,0.000,0.999,0,0,999,0.000,0
3,20,2012,10,0,,19.890,17.010,83.000,89238.930,1035.566,1376.892,345.105,366.400,35.995,339.334,43968.000,3419.486,37326.788,143.648,999,0.190,8.000,99,9999,99999,9,999999999,0.000,0.999,0,0,999,0.000,0
3,20,2012,11,0,,21.130,17.330,78.000,89238.930,1197.007,1376.892,351.495,461.420,45.657,421.731,55370.400,4337.447,46390.449,154.430,999,0.490,8.000,99,9999,99999,9,999999999,0.000,0.999,0,0,999,0.000,0
3,20,2012,12,0,,22.100,17.580,75.000,89238.930,1276.893,1376.892,357.012,519.950,43.300,479.797,62394.000,4113.454,52777.682,164.693,999,0.530,8.000,99,9999,99999,9,999999999,0.000,0.999,0,0,999,0.000,0
3,20,2012,13,0,,22.800,17.760,73.000,89238.930,1269.752,1376.892,361.089,537.620,50.732,490.838,64514.400,4819.509,53992.217,169.431,999,0.650,8.000,99,9999,99999,9,999999999,0.000,0.999,0,0,999,0.000,0
3,20,2012,14,0,,23.230,17.860,71.000,89238.930,1176.063,1376.892,363.027,513.140,74.658,449.378,61576.800,7092.512,49431.616,167.486,999,1.150,8.000,99,9999,99999,9,999999999,0.000,0.999,0,0,999,0.000,0
3,20,2012,15,0,,23.400,17.910,71.000,89238.930,1002.222,1376.892,364.365,448.280,122.904,358.843,53793.600,11675.852,39472.767,156.966,999,1.240,8.000,99,9999,99999,9,999999999,0.000,0.999,0,0,999,0.000,0
3,20,2012,16,0,,23.710,17.980,70.000,89238.930,760.125,1376.892,366.073,532.980,483.021,266.503,63957.600,45886.965,29315.280,153.765,999,1.440,4.000,99,9999,99999,9,999999999,0.000,0.999,0,0,999,0.000,0
3,20,2012,17,0,,22.730,17.740,78.000,89238.930,466.462,1376.892,363.969,96.490,0.000,96.490,11578.800,0.000,10613.900,90.863,999,0.940,8.000,99,9999,99999,9,999999999,0.180,0.999,0,0,999,0.180,99
3,20,2012,18,0,,21.870,17.520,76.000,89238.930,142.837,1376.892,355.900,80.130,189.837,60.908,9615.600,18034.560,6699.859,191.471,999,0.600,8.000,99,9999,99999,9,999999999,0.000,0.999,0,0,999,0.000,0
3,20,2012,19,0,,21.280,17.370,83.000,89238.930,0.000,1376.892,355.795,0.000,0.000,0.000,0.000,0.000,0.000,-0.000,999,0.370,8.000,99,9999,99999,9,999999999,0.060,0.999,0,0,999,0.060,99
3,20,2012,20,0,,20.690,17.220,85.000,89238.930,0.000,1376.892,352.424,0.000,0.000,0.000,0.000,0.000,0.000,-0.000,999,0.250,8.000,99,9999,99999,9,999999999,0.100,0.999,0,0,999,0.100,99
3,20,2012,21,0,,20.100,17.060,87.000,89238.930,0.000,1376.892,349.043,0.000,0.000,0.000,0.000,0.000,0.000,-0.000,999,0.190,8.000,99,9999,99999,9,999999999,0.010,0.999,0,0,999,0.010,99
3,20,2012,22,0,,19.510,16.910,99.000,89238.930,0.000,1376.892,350.954,0.000,0.000,0.000,0.000,0.000,0.000,-0.000,999,0.220,8.000,99,9999,99999,9,999999999,6.230,0.999,0,0,999,6.230,99
3,20,2012,23,0,,18.920,16.750,91.000,89238.930,0.000,1376.892,342.263,0.000,0.000,0.000,0.000,0.000,0.000,-0.000,999,0.180,8.000,99,9999,99999,9,999999999,0.350,0.999,0,0,999,0.350,99
3,20,2012,24,0,,18.330,16.690,95.000,89238.930,0.000,1376.892,339.899,0.000,0.000,0.000,0.000,0.000,0.000,-0.000,999,0.660,8.000,99,9999,99999,9,999999999,0.030,0.999,0,0,999,0.030,99
3,21,2012,1,0,,18.040,16.620,96.000,89238.930,0.000,1376.892,338.222,0.000,0.000,0.000,0.000,0.000,0.000,-0.000,999,1.210,8.000,99,9999,99999,9,999999999,0.010,0.999,0,0,999,0.010,99
3,21,2012,2,0,,17.740,16.540,97.000,89238.930,0.000,1376.892,336.469,0.000,0.000,0.000,0.000,0.000,0.000,-0.000,999,0.410,8.000,99,9999,99999,9,999999999,0.160,0.999,0,0,999,0.160,99
3,21,2012,3,0,,17.450,16.460,93.000,89238.930,0.000,1376.892,332.297,0.000,0.000,0.000,0.000,0.000,0.000,-0.000,999,0.800,8.000,99,9999,99999,9,999999999,0.000,0.999,0,0,999,0.000,0
3,21,2012,4,0,,17.150,16.380,95.000,89238.930,0.000,1376.093,331.085,0.000,0.000,0.000,0.000,0.000,0.000,-0.000,999,0.770,8.000,99,9999,99999,9,999999999,0.000,0.999,0,0,999,0.000,0
3,21,2012,5,0,,16.860,16.310,96.000,89238.930,0.000,1376.093,329.438,0.000,0.000,0.000,0.000,0.000,0.000,-0.000,999,0.620,8.000,99,9999,99999,9,999999999,0.000,0.999,0,0,999,0.000,0
3,21,2012,6,0,,16.630,16.250,97.000,89238.930,0.000,1376.093,328.232,0.000,0.000,0.000,0.000,0.000,0.000,-0.000,999,0.560,8.000,99,9999,99999,9,999999999,0.000,0.999,0,0,999,0.000,0
3,21,2012,7,0,,16.430,16.190,98.000,89238.930,194.873,1376.093,327.244,0.690,0.000,0.690,82.800,0.000,75.900,1.572,999,0.550,8.000,99,9999,99999,9,999999999,0.000,0.999,0,0,999,0.000,0
3,21,2012,8,0,,16.240,16.140,99.000,89238.930,514.978,1376.093,326.325,121.170,0.000,121.170,14540.400,0.000,13328.700,103.248,999,0.580,8.000,99,9999,99999,9,999999999,0.000,0.999,0,0,999,0.000,0
3,21,2012,9,0,,20.040,17.130,83.000,89238.930,801.033,1376.093,346.247,287.020,45.132,260.764,34442.400,4287.509,28683.994,142.673,999,1.120,7.000,99,9999,99999,9,999999999,0.000,0.999,0,0,999,0.000,0
3,21,2012,10,0,,21.470,17.480,78.000,89238.930,1032.513,1376.093,354.118,434.020,74.012,378.500,52082.400,7031.171,41634.954,160.608,999,1.220,7.000,99,9999,99999,9,999999999,0.000,0.999,0,0,999,0.000,0
3,21,2012,11,0,,22.710,17.780,73.000,89238.930,1193.475,1376.093,360.384,546.690,89.576,469.009,65602.800,8509.752,51590.954,172.150,999,1.840,7.000,99,9999,99999,9,999999999,0.000,0.999,0,0,999,0.000,0
3,21,2012,12,0,,23.710,18.020,70.000,89238.930,1272.889,1376.093,366.073,615.970,86.734,535.745,73916.400,8239.738,58931.927,184.369,999,3.880,7.000,99,9999,99999,9,999999999,0.000,0.999,0,0,999,0.000,0
3,21,2012,13,0,,24.450,18.200,68.000,89238.930,1265.317,1376.093,370.424,636.710,102.209,542.734,76405.200,9709.831,59700.759,187.892,999,4.200,7.000,99,9999,99999,9,999999999,0.000,0.999,0,0,999,0.000,0
3,21,2012,14,0,,24.890,18.300,66.000,89238.930,1171.267,1376.093,372.353,607.380,150.158,479.587,72885.600,14264.965,52754.584,179.373,999,4.980,7.000,99,9999,99999,9,999999999,0.000,0.999,0,0,999,0.000,0
3,21,2012,15,0,,25.040,18.340,66.000,89238.930,997.161,1376.093,373.554,530.130,154.918,417.901,63615.600,14717.243,45969.118,183.621,999,5.310,7.000,99,9999,99999,9,999999999,0.000,0.999,0,0,999,0.000,0
3,21,2012,16,0,,24.830,18.290,66.000,89238.930,754.914,1376.093,371.873,410.740,344.052,222.124,49288.800,32684.956,24433.650,128.971,999,3.390,7.000,99,9999,99999,9,999999999,0.000,0.999,0,0,999,0.000,0
3,21,2012,17,0,,24.170,18.130,69.000,89238.930,461.231,1376.093,368.965,259.020,399.302,125.491,31082.400,37933.674,13803.976,119.450,999,1.780,7.000,99,9999,99999,9,999999999,0.000,0.999,0,0,999,0.000,0
3,21,2012,18,0,,23.160,17.890,82.000,89238.930,137.791,1376.093,370.013,92.780,217.083,71.598,11133.600,20622.854,7875.796,233.568,999,0.500,8.000,99,9999,99999,9,999999999,3.720,0.999,0,0,999,3.720,99
3,21,2012,19,0,,22.440,17.720,79.000,89238.930,0.000,1376.093,362.342,0.000,0.000,0.000,0.000,0.000,0.000,-0.000,999,0.170,8.000,99,9999,99999,9,999999999,0.020,0.999,0,0,999,0.020,99
3,21,2012,20,0,,21.720,17.540,77.000,89238.930,0.000,1376.093,355.401,0.000,0.000,0.000,0.000,0.000,0.000,-0.000,999,0.170,8.000,99,9999,99999,9,999999999,0.000,0.999,0,0,999,0.000,0
3,21,2012,21,0,,21.000,17.370,84.000,89238.930,0.000,1376.093,354.227,0.000,0.000,0.000,0.000,0.000,0.000,-0.000,999,0.170,8.000,99,9999,99999,9,999999999,0.070,0.999,0,0,999,0.070,99
3,21,2012,22,0,,20.280,17.190,82.000,89238.930,0.000,1376.093,347.477,0.000,0.000,0.000,0.000,0.000,0.000,-0.000,999,0.170,8.000,99,9999,99999,9,999999999,0.000,0.999,0,0,999,0.000,0
3,21,2012,23,0,,19.560,17.010,85.000,89238.930,0.000,1376.093,343.772,0.000,0.000,0.000,0.000,0.000,0.000,-0.000,999,0.170,8.000,99,9999,99999,9,999999999,0.000,0.999,0,0,999,0.000,0
3,21,2012,24,0,,18.840,16.620,91.000,89238.930,0.000,1376.093,341.658,0.000,0.000,0.000,0.000,0.000,0.000,-0.000,999,0.090,8.000,99,9999,99999,9,999999999,0.020,0.999,0,0,999,0.020,99
3,22,2012,1,0,,18.480,16.560,87.000,89238.930,0.000,1376.093,336.773,0.000,0.000,0.000,0.000,0.000,0.000,-0.000,999,0.090,8.000,99,9999,99999,9,999999999,0.000,0.999,0,0,999,0.000,0
3,22,2012,2,0,,18.120,16.500,94.000,89238.930,0.000,1376.093,337.806,0.000,0.000,0.000,0.000,0.000,0.000,-0.000,999,0.090,8.000,99,9999,99999,9,999999999,0.070,0.999,0,0,999,0.070,99
3,22,2012,3,0,,17.760,16.440,95.000,89238.930,0.000,1376.093,335.619,0.000,0.000,0.000,0.000,0.000,0.000,-0.000,999,0.090,8.000,99,9999,99999,9,999999999,0.160,0.999,0,0,999,0.160,99
3,22,2012,4,0,,17.400,16.380,92.000,89238.930,0.000,1375.292,331.415,0.000,0.000,0.000,0.000,0.000,0.000,-0.000,999,0.090,8.000,99,9999,99999,9,999999999,0.000,0.999,0,0,999,0.000,0
3,22,2012,5,0,,17.040,16.320,99.000,89238.930,0.000,1375.292,332.224,0.000,0.000,0.000,0.000,0.000,0.000,-0.000,999,0.090,8.000,99,9999,99999,9,999999999,0.010,0.999,0,0,999,0.010,99
3,22,2012,6,0,,16.770,16.280,95.000,89238.930,0.000,1375.292,328.284,0.000,0.000,0.000,0.000,0.000,0.000,-0.000,999,0.090,8.000,99,9999,99999,9,999999999,0.000,0.999,0,0,999,0.000,0
3,22,2012,7,0,,16.530,16.240,97.000,89238.930,193.009,1375.292,327.498,0.490,0.000,0.490,58.800,0.000,53.900,1.127,999,0.090,8.000,99,9999,99999,9,999999999,0.000,0.999,0,0,999,0.000,0
3,22,2012,8,0,,16.290,16.190,98.000,89238.930,512.767,1375.292,326.218,96.240,0.000,96.240,11548.800,0.000,10586.400,82.312,999,0.090,8.000,99,9999,99999,9,999999999,0.000,0.999,0,0,999,0.000,0
3,22,2012,9,0,,19.780,16.770,82.000,89238.930,798.406,1375.292,343.675,228.750,18.194,218.194,27450.000,1728.407,24001.336,119.706,999,0.090,8.000,99,9999,99999,9,999999999,0.000,0.999,0,0,999,0.000,0
3,22,2012,10,0,,21.090,16.980,77.000,89238.930,1029.419,1375.292,350.541,346.190,20.776,330.642,41542.800,1973.760,36370.647,140.641,999,0.090,8.000,99,9999,99999,9,999999999,0.000,0.999,0,0,999,0.000,0
3,22,2012,11,0,,22.230,17.170,72.000,89238.930,1189.891,1375.292,355.942,436.120,37.926,403.310,52334.400,3602.947,44364.122,148.395,999,0.140,8.000,99,9999,99999,9,999999999,0.000,0.999,0,0,999,0.000,0
3,22,2012,12,0,,23.160,17.310,69.000,89238.930,1268.828,1375.292,361.001,491.340,60.914,435.145,58960.800,5786.802,47865.911,150.141,999,0.220,8.000,99,9999,99999,9,999999999,0.000,0.999,0,0,999,0.000,0
3,22,2012,13,0,,23.830,17.420,67.000,89238.930,1260.824,1375.292,364.733,507.730,71.081,442.569,60927.600,6752.696,48682.573,153.672,999,0.560,8.000,99,9999,99999,9,999999999,0.000,0.999,0,0,999,0.000,0
3,22,2012,14,0,,24.240,17.480,65.000,89238.930,1166.417,1375.292,366.383,484.080,61.401,432.010,58089.600,5833.116,47521.123,162.157,999,1.270,8.000,99,9999,99999,9,999999999,0.000,0.999,0,0,999,0.000,0
3,22,2012,15,0,,24.380,17.500,65.000,89238.930,992.053,1375.292,367.489,422.120,64.133,375.871,50654.400,6092.592,41345.830,165.908,999,2.050,8.000,99,9999,99999,9,999999999,0.000,0.999,0,0,999,0.000,0
3,22,2012,16,0,,24.170,17.470,66.000,89238.930,749.667,1375.292,366.630,326.490,117.848,262.296,39178.800,11195.574,28852.551,153.274,999,1.380,8.000,99,9999,99999,9,999999999,0.000,0.999,0,0,999,0.000,0
3,22,2012,17,0,,23.570,17.380,68.000,89238.930,455.977,1375.292,363.459,205.080,223.875,131.028,24609.600,21268.170,14413.107,126.092,999,1.180,8.000,99,9999,99999,9,999999999,0.000,0.999,0,0,999,0.000,0
3,22,2012,18,0,,22.630,17.230,71.000,89238.930,132.746,1375.292,358.334,72.290,208.018,52.760,8674.800,19761.711,5803.613,178.878,999,0.320,8.000,99,9999,99999,9,999999999,0.000,0.999,0,0,999,0.000,0
3,22,2012,19,0,,21.970,17.130,73.000,89238.930,0.000,1375.292,354.630,0.000,0.000,0.000,0.000,0.000,0.000,-0.000,999,0.180,8.000,99,9999,99999,9,999999999,0.000,0.999,0,0,999,0.000,0
3,22,2012,20,0,,21.320,17.020,76.000,89238.930,0.000,1375.292,351.652,0.000,0.000,0.000,0.000,0.000,0.000,-0.000,999,0.160,8.000,99,9999,99999,9,999999999,0.000,0.999,0,0,999,0.000,0
3,22,2012,21,0,,20.660,16.920,78.000,89238.930,0.000,1375.292,347.894,0.000,0.000,0.000,0.000,0.000,0.000,-0.000,999,0.090,8.000,99,9999,99999,9,999999999,0.000,0.999,0,0,999,0.000,0
3,22,2012,22,0,,20.000,16.810,86.000,89238.930,0.000,1375.292,347.701,0.000,0.000,0.000,0.000,0.000,0.000,-0.000,999,0.090,8.000,99,9999,99999,9,999999999,0.030,0.999,0,0,999,0.030,99
3,22,2012,23,0,,19.350,16.700,93.000,89238.930,0.000,1375.292,346.607,0.000,0.000,0.000,0.000,0.000,0.000,-0.000,999,0.160,8.000,99,9999,99999,9,999999999,3.720,0.999,0,0,999,3.720,99
3,22,2012,24,0,,18.690,16.950,94.000,89238.930,0.000,1375.292,342.106,0.000,0.000,0.000,0.000,0.000,0.000,-0.000,999,0.220,8.000,99,9999,99999,9,999999999,0.010,0.999,0,0,999,0.010,99
3,23,2012,1,0,,18.360,16.860,95.000,89238.930,0.000,1375.292,340.125,0.000,0.000,0.000,0.000,0.000,0.000,-0.000,999,0.170,8.000,99,9999,99999,9,999999999,0.100,0.999,0,0,999,0.100,99
3,23,2012,2,0,,18.030,16.760,92.000,89238.930,0.000,1375.292,336.097,0.000,0.000,0.000,0.000,0.000,0.000,-0.000,999,0.130,8.000,99,9999,99999,9,999999999,0.000,0.999,0,0,999,0.000,0
3,23,2012,3,0,,17.700,16.660,93.000,89238.930,0.000,1375.292,334.154,0.000,0.000,0.000,0.000,0.000,0.000,-0.000,999,0.130,8.000,99,9999,99999,9,999999999,0.000,0.999,0,0,999,0.000,0
3,23,2012,4,0,,17.370,16.560,95.000,89238.930,0.000,1374.489,332.715,0.000,0.000,0.000,0.000,0.000,0.000,-0.000,999,0.130,8.000,99,9999,99999,9,999999999,0.000,0.999,0,0,999,0.000,0
3,23,2012,5,0,,17.050,16.470,96.000,89238.930,0.000,1374.489,330.840,0.000,0.000,0.000,0.000,0.000,0.000,-0.000,999,0.130,8.000,99,9999,99999,9,999999999,0.000,0.999,0,0,999,0.000,0
3,23,2012,6,0,,16.790,16.390,97.000,89238.930,0.000,1374.489,329.410,0.000,0.000,0.000,0.000,0.000,0.000,-0.000,999,0.130,8.000,99,9999,99999,9,999999999,0.000,0.999,0,0,999,0.000,0
3,23,2012,7,0,,16.580,16.330,98.000,89238.930,191.149,1374.489,328.345,0.470,0.000,0.470,56.400,0.000,51.700,1.091,999,0.130,8.000,99,9999,99999,9,999999999,0.000,0.999,0,0,999,0.000,0
3,23,2012,8,0,,16.360,16.260,99.000,89238.930,510.542,1374.489,327.205,103.110,0.000,103.110,12373.200,0.000,11342.100,88.522,999,0.500,8.000,99,9999,99999,9,999999999,0.000,0.999,0,0,999,0.000,0
3,23,2012,9,0,,19.700,17.240,85.000,89238.930,795.751,1374.489,344.835,245.950,25.542,231.171,29514.000,2426.484,25428.839,127.175,999,0.480,8.000,99,9999,99999,9,999999999,0.000,0.999,0,0,999,0.000,0
3,23,2012,10,0,,20.960,17.600,81.000,89238.930,1026.283,1374.489,352.083,372.510,27.790,351.765,44701.200,2640.007,38694.188,149.996,999,0.900,8.000,99,9999,99999,9,999999999,0.000,0.999,0,0,999,0.000,0
3,23,2012,11,0,,22.050,17.900,77.000,89238.930,1186.257,1374.489,357.967,469.360,50.692,425.615,56323.200,4815.731,46817.606,156.990,999,1.290,8.000,99,9999,99999,9,999999999,0.000,0.999,0,0,999,0.000,0
3,23,2012,12,0,,22.930,18.140,74.000,89238.930,1264.712,1374.489,362.813,528.740,48.260,484.336,63448.800,4584.747,53276.998,167.560,999,1.050,8.000,99,9999,99999,9,999999999,0.000,0.999,0,0,999,0.000,0
3,23,2012,13,0,,23.580,18.310,72.000,89238.930,1256.274,1374.489,366.518,546.200,56.755,494.329,65544.000,5391.710,54376.239,172.167,999,1.560,7.000,99,9999,99999,9,999999999,0.000,0.999,0,0,999,0.000,0
3,23,2012,14,0,,23.970,18.410,71.000,89238.930,1161.513,1374.489,368.880,520.470,83.785,449.676,62456.400,7959.567,49464.341,169.402,999,2.730,8.000,99,9999,99999,9,999999999,0.000,0.999,0,0,999,0.000,0
3,23,2012,15,0,,24.100,18.450,70.000,89238.930,986.900,1374.489,369.167,453.420,87.704,390.465,54410.400,8331.866,42951.148,173.149,999,2.800,8.000,99,9999,99999,9,999999999,0.000,0.999,0,0,999,0.000,0
3,23,2012,16,0,,23.900,18.400,71.000,89238.930,744.386,1374.489,368.323,350.100,160.470,263.255,42012.000,15244.655,28958.063,154.838,999,1.620,8.000,99,9999,99999,9,999999999,0.000,0.999,0,0,999,0.000,0
3,23,2012,17,0,,23.320,18.240,78.000,89238.930,450.705,1374.489,368.654,219.020,249.046,137.552,26282.400,23659.323,15130.763,133.848,999,0.500,8.000,99,9999,99999,9,999999999,0.020,0.999,0,0,999,0.020,99
3,23,2012,18,0,,22.420,18.000,81.000,89238.930,127.703,1374.489,363.481,75.940,233.907,54.844,9112.800,22221.153,6032.844,193.563,999,0.130,8.000,99,9999,99999,9,999999999,0.040,0.999,0,0,999,0.040,99
3,23,2012,19,0,,21.640,17.780,83.000,89238.930,0.000,1374.489,358.604,0.000,0.000,0.000,0.000,0.000,0.000,-0.000,999,0.130,8.000,99,9999,99999,9,999999999,0.350,0.999,0,0,999,0.350,99
3,23,2012,20,0,,20.860,17.570,96.000,89238.930,0.000,1374.489,359.943,0.000,0.000,0.000,0.000,0.000,0.000,-0.000,999,0.130,8.000,99,9999,99999,9,999999999,6.230,0.999,0,0,999,6.230,99
3,23,2012,21,0,,20.080,17.350,89.000,89238.930,0.000,1374.489,350.024,0.000,0.000,0.000,0.000,0.000,0.000,-0.000,999,0.130,8.000,99,9999,99999,9,999999999,0.180,0.999,0,0,999,0.180,99
3,23,2012,22,0,,19.300,17.130,87.000,89238.930,0.000,1374.489,342.942,0.000,0.000,0.000,0.000,0.000,0.000,-0.000,999,0.130,8.000,99,9999,99999,9,999999999,0.000,0.999,0,0,999,0.000,0
3,23,2012,23,0,,18.520,16.900,95.000,89238.930,0.000,1374.489,341.335,0.000,0.000,0.000,0.000,0.000,0.000,-0.000,999,0.130,8.000,99,9999,99999,9,999999999,0.060,0.999,0,0,999,0.060,99
3,23,2012,24,0,,17.740,14.770,82.000,89238.930,0.000,1374.489,328.491,0.000,0.000,0.000,0.000,0.000,0.000,-0.000,999,0.310,8.000,99,9999,99999,9,999999999,0.000,0.999,0,0,999,0.000,0
3,24,2012,1,0,,17.350,14.670,84.000,89238.930,0.000,1374.489,326.771,0.000,0.000,0.000,0.000,0.000,0.000,-0.000,999,0.310,8.000,99,9999,99999,9,999999999,0.000,0.999,0,0,999,0.000,0
3,24,2012,2,0,,16.960,14.570,85.000,89238.930,0.000,1374.489,324.485,0.000,0.000,0.000,0.000,0.000,0.000,-0.000,999,0.310,7.000,99,9999,99999,9,999999999,0.000,0.999,0,0,999,0.000,0
3,24,2012,3,0,,16.570,14.480,87.000,89238.930,0.000,1374.489,322.736,0.000,0.000,0.000,0.000,0.000,0.000,-0.000,999,0.310,7.000,99,9999,99999,9,999999999,0.000,0.999,0,0,999,0.000,0
3,24,2012,4,0,,16.180,14.380,89.000,89238.930,0.000,1373.685,320.966,0.000,0.000,0.000,0.000,0.000,0.000,-0.000,999,0.310,7.000,99,9999,99999,9,999999999,0.000,0.999,0,0,999,0.000,0
3,24,2012,5,0,,15.790,14.280,90.000,89238.930,0.000,1373.685,318.674,0.000,0.000,0.000,0.000,0.000,0.000,-0.000,999,0.310,7.000,99,9999,99999,9,999999999,0.000,0.999,0,0,999,0.000,0
3,24,2012,6,0,,15.490,14.210,92.000,89238.930,0.000,1373.685,317.525,0.000,0.000,0.000,0.000,0.000,0.000,-0.000,999,0.310,7.000,99,9999,99999,9,999999999,0.000,0.999,0,0,999,0.000,0
3,24,2012,7,0,,15.230,14.140,93.000,89238.930,189.292,1373.685,316.157,1.320,0.000,1.320,158.400,0.000,145.200,3.093,999,0.310,7.000,99,9999,99999,9,999999999,0.000,0.999,0,0,999,0.000,0
3,24,2012,8,0,,14.980,14.080,94.000,89238.930,508.304,1373.685,314.859,158.320,25.408,148.935,18998.400,2413.779,16382.897,128.354,999,0.310,7.000,99,9999,99999,9,999999999,0.000,0.999,0,0,999,0.000,0
3,24,2012,9,0,,19.540,15.200,75.000,89238.930,793.068,1373.685,337.531,383.870,177.784,281.290,46064.400,16889.481,30941.938,155.180,999,0.310,4.000,99,9999,99999,9,999999999,0.000,0.999,0,0,999,0.000,0
3,24,2012,10,0,,21.310,15.610,69.000,89238.930,1023.107,1373.685,346.755,584.720,288.271,370.069,70166.400,27385.779,40707.579,158.198,999,0.310,3.000,99,9999,99999,9,999999999,0.000,0.999,0,0,999,0.000,0
3,24,2012,11,0,,22.770,15.950,65.000,89238.930,1182.574,1373.685,354.920,724.110,357.043,416.771,86893.200,33919.074,45844.863,154.117,999,0.310,3.000,99,9999,99999,9,999999999,0.000,0.999,0,0,999,0.000,0
3,24,2012,12,0,,23.800,16.180,62.000,89238.930,1260.541,1373.685,360.481,767.000,350.028,445.820,92040.000,33252.684,49040.146,154.655,999,0.310,4.000,99,9999,99999,9,999999999,0.000,0.999,0,0,999,0.000,0
3,24,2012,13,0,,24.530,16.340,60.000,89238.930,1251.670,1373.685,364.486,782.500,386.552,430.304,93900.000,36722.446,47333.403,150.331,999,0.450,4.000,99,9999,99999,9,999999999,0.000,0.999,0,0,999,0.000,0
3,24,2012,14,0,,25.090,16.470,58.000,89238.930,1156.560,1373.685,367.115,800.350,531.939,352.544,96042.000,50534.161,38779.834,133.301,999,0.560,3.000,99,9999,99999,9,999999999,0.000,0.999,0,0,999,0.000,0
3,24,2012,15,0,,25.330,16.520,58.000,89238.930,981.704,1373.685,369.009,716.200,752.646,178.473,85944.000,71501.360,19632.004,79.515,999,0.760,2.000,99,9999,99999,9,999999999,0.000,0.999,0,0,999,0.000,0
3,24,2012,16,0,,25.170,16.480,58.000,89238.930,739.075,1373.685,367.746,563.460,688.375,193.364,67615.200,65395.605,21270.084,114.482,999,0.820,2.000,99,9999,99999,9,999999999,0.000,0.999,0,0,999,0.000,0
3,24,2012,17,0,,24.460,16.330,60.000,89238.930,445.417,1373.685,363.937,360.140,697.490,134.536,43216.800,66261.524,14798.990,132.398,999,0.310,4.000,99,9999,99999,9,999999999,0.000,0.999,0,0,999,0.000,0
3,24,2012,18,0,,23.260,16.060,63.000,89238.930,122.667,1373.685,357.112,124.770,272.398,101.210,14972.400,25877.778,11133.155,372.489,999,0.330,7.000,99,9999,99999,9,999999999,0.000,0.999,0,0,999,0.000,0
3,24,2012,19,0,,22.350,15.850,66.000,89238.930,0.000,1373.685,352.464,0.000,0.000,0.000,0.000,0.000,0.000,-0.000,999,0.310,7.000,99,9999,99999,9,999999999,0.000,0.999,0,0,999,0.000,0
3,24,2012,20,0,,21.440,15.640,69.000,89238.930,0.000,1373.685,347.742,0.000,0.000,0.000,0.000,0.000,0.000,-0.000,999,0.310,7.000,99,9999,99999,9,999999999,0.000,0.999,0,0,999,0.000,0
3,24,2012,21,0,,20.530,15.430,72.000,89238.930,0.000,1373.685,342.959,0.000,0.000,0.000,0.000,0.000,0.000,-0.000,999,0.310,6.000,99,9999,99999,9,999999999,0.000,0.999,0,0,999,0.000,0
3,24,2012,22,0,,19.620,15.220,75.000,89238.930,0.000,1373.685,338.127,0.000,0.000,0.000,0.000,0.000,0.000,-0.000,999,0.310,6.000,99,9999,99999,9,999999999,0.000,0.999,0,0,999,0.000,0
3,24,2012,23,0,,18.710,15.000,79.000,89238.930,0.000,1373.685,333.862,0.000,0.000,0.000,0.000,0.000,0.000,-0.000,999,0.310,6.000,99,9999,99999,9,999999999,0.000,0.999,0,0,999,0.000,0
3,24,2012,24,0,,17.800,15.400,90.000,89238.930,0.000,1373.685,333.333,0.000,0.000,0.000,0.000,0.000,0.000,-0.000,999,0.100,6.000,99,9999,99999,9,999999999,0.010,0.999,0,0,999,0.010,99
3,25,2012,1,0,,17.350,15.280,87.000,89238.930,0.000,1373.685,328.413,0.000,0.000,0.000,0.000,0.000,0.000,-0.000,999,0.100,6.000,99,9999,99999,9,999999999,0.000,0.999,0,0,999,0.000,0
3,25,2012,2,0,,16.890,15.150,89.000,89238.930,0.000,1373.685,326.113,0.000,0.000,0.000,0.000,0.000,0.000,-0.000,999,0.100,5.000,99,9999,99999,9,999999999,0.000,0.999,0,0,999,0.000,0
3,25,2012,3,0,,16.440,15.020,91.000,89238.930,0.000,1373.685,323.870,0.000,0.000,0.000,0.000,0.000,0.000,-0.000,999,0.100,5.000,99,9999,99999,9,999999999,0.000,0.999,0,0,999,0.000,0
3,25,2012,4,0,,15.980,14.890,93.000,89238.930,0.000,1372.879,321.541,0.000,0.000,0.000,0.000,0.000,0.000,-0.000,999,0.100,5.000,99,9999,99999,9,999999999,0.000,0.999,0,0,999,0.000,0
3,25,2012,5,0,,15.530,14.760,95.000,89238.930,0.000,1372.879,319.271,0.000,0.000,0.000,0.000,0.000,0.000,-0.000,999,0.100,5.000,99,9999,99999,9,999999999,0.000,0.999,0,0,999,0.000,0
3,25,2012,6,0,,15.180,14.660,96.000,89238.930,0.000,1372.879,317.236,0.000,0.000,0.000,0.000,0.000,0.000,-0.000,999,0.100,4.000,99,9999,99999,9,999999999,0.000,0.999,0,0,999,0.000,0
3,25,2012,7,0,,14.880,14.570,98.000,89238.930,187.437,1372.879,316.024,2.360,0.000,2.360,283.200,0.000,259.600,5.582,999,0.100,4.000,99,9999,99999,9,999999999,0.000,0.999,0,0,999,0.000,0
3,25,2012,8,0,,14.580,14.480,99.000,89238.930,506.052,1372.879,314.343,194.110,92.963,159.906,23293.200,8831.526,17589.704,138.343,999,0.100,4.000,99,9999,99999,9,999999999,0.000,0.999,0,0,999,0.000,0
3,25,2012,9,0,,19.320,15.820,80.000,89238.930,790.356,1372.879,339.007,410.300,216.987,285.456,49236.000,20613.790,31400.151,157.927,999,0.100,3.000,99,9999,99999,9,999999999,0.000,0.999,0,0,999,0.000,0
3,25,2012,10,0,,22.140,16.570,70.000,89238.930,1019.891,1372.879,353.818,842.240,551.645,432.529,101068.800,52406.259,47578.197,185.373,999,0.100,0.000,99,9999,99999,9,999999999,0.000,0.999,0,0,999,0.000,0
3,25,2012,11,0,,24.190,17.090,64.000,89238.930,1178.842,1372.879,365.179,1005.110,699.330,404.683,120613.200,66436.380,44515.099,150.033,999,0.200,0.000,99,9999,99999,9,999999999,0.000,0.999,0,0,999,0.000,0
3,25,2012,12,0,,25.060,17.310,62.000,89238.930,1256.318,1372.879,370.391,892.300,539.135,398.967,107076.000,51217.833,43886.348,138.786,999,0.290,0.000,99,9999,99999,9,999999999,0.000,0.999,0,0,999,0.000,0
3,25,2012,13,0,,25.240,17.350,61.000,89238.930,1247.014,1372.879,370.961,737.890,281.237,482.453,88546.800,26717.480,53069.814,169.080,999,0.730,5.000,99,9999,99999,9,999999999,0.000,0.999,0,0,999,0.000,0
3,25,2012,14,0,,24.300,17.120,69.000,89238.930,1151.558,1372.879,370.000,431.830,77.946,366.458,51819.600,7404.890,40310.329,139.083,999,1.020,8.000,99,9999,99999,9,999999999,0.010,0.999,0,0,999,0.010,99
3,25,2012,15,0,,22.800,16.740,73.000,89238.930,976.469,1372.879,361.089,195.650,6.293,191.175,23478.000,597.865,21029.263,85.581,999,1.820,8.000,99,9999,99999,9,999999999,0.060,0.999,0,0,999,0.060,99
3,25,2012,16,0,,21.620,16.430,77.000,89238.930,733.736,1372.879,354.626,190.290,5.897,187.141,22834.800,560.182,20585.492,111.540,999,1.050,8.000,99,9999,99999,9,999999999,0.320,0.999,0,0,999,0.320,99
3,25,2012,17,0,,20.470,16.130,81.000,89238.930,440.115,1372.879,348.319,111.770,10.607,108.378,13412.400,1007.699,11921.591,107.884,999,1.070,8.000,99,9999,99999,9,999999999,0.600,0.999,0,0,999,0.600,99
3,25,2012,18,0,,19.490,15.860,94.000,89238.930,117.642,1372.879,348.212,95.610,253.535,74.621,11473.200,24085.871,8208.263,286.911,999,0.460,8.000,99,9999,99999,9,999999999,9.510,0.999,0,0,999,9.510,99
3,25,2012,19,0,,19.100,15.760,85.000,89238.930,0.000,1372.879,340.297,0.000,0.000,0.000,0.000,0.000,0.000,-0.000,999,0.180,8.000,99,9999,99999,9,999999999,0.130,0.999,0,0,999,0.130,99
3,25,2012,20,0,,18.710,15.650,87.000,89238.930,0.000,1372.879,338.495,0.000,0.000,0.000,0.000,0.000,0.000,-0.000,999,0.190,8.000,99,9999,99999,9,999999999,0.200,0.999,0,0,999,0.200,99
3,25,2012,21,0,,18.320,15.550,88.000,89238.930,0.000,1372.879,336.128,0.000,0.000,0.000,0.000,0.000,0.000,-0.000,999,0.230,8.000,99,9999,99999,9,999999999,0.090,0.999,0,0,999,0.090,99
3,25,2012,22,0,,17.930,15.440,90.000,89238.930,0.000,1372.879,334.299,0.000,0.000,0.000,0.000,0.000,0.000,-0.000,999,0.250,8.000,99,9999,99999,9,999999999,0.040,0.999,0,0,999,0.040,99
3,25,2012,23,0,,17.540,15.330,91.000,89238.930,0.000,1372.879,331.932,0.000,0.000,0.000,0.000,0.000,0.000,-0.000,999,0.300,8.000,99,9999,99999,9,999999999,0.020,0.999,0,0,999,0.020,99
3,25,2012,24,0,,17.150,16.240,90.000,89238.930,0.000,1372.879,328.537,0.000,0.000,0.000,0.000,0.000,0.000,-0.000,999,0.210,8.000,99,9999,99999,9,999999999,0.000,0.999,0,0,999,0.000,0
3,26,2012,1,0,,16.960,16.170,91.000,89238.930,0.000,1372.879,327.662,0.000,0.000,0.000,0.000,0.000,0.000,-0.000,999,0.200,8.000,99,9999,99999,9,999999999,0.000,0.999,0,0,999,0.000,0
3,26,2012,2,0,,16.760,16.080,91.000,89238.930,0.000,1372.879,326.200,0.000,0.000,0.000,0.000,0.000,0.000,-0.000,999,0.120,8.000,99,9999,99999,9,999999999,0.000,0.999,0,0,999,0.000,0
3,26,2012,3,0,,16.570,16.010,92.000,89238.930,0.000,1372.879,325.322,0.000,0.000,0.000,0.000,0.000,0.000,-0.000,999,0.060,8.000,99,9999,99999,9,999999999,0.000,0.999,0,0,999,0.000,0
3,26,2012,4,0,,16.380,15.930,97.000,89238.930,0.000,1372.072,326.398,0.000,0.000,0.000,0.000,0.000,0.000,-0.000,999,0.090,8.000,99,9999,99999,9,999999999,0.100,0.999,0,0,999,0.100,99
3,26,2012,5,0,,16.180,15.850,98.000,89238.930,0.000,1372.072,325.414,0.000,0.000,0.000,0.000,0.000,0.000,-0.000,999,0.080,8.000,99,9999,99999,9,999999999,0.030,0.999,0,0,999,0.030,99
3,26,2012,6,0,,16.030,15.790,94.000,89238.930,0.000,1372.072,322.394,0.000,0.000,0.000,0.000,0.000,0.000,-0.000,999,0.110,8.000,99,9999,99999,9,999999999,0.000,0.999,0,0,999,0.000,0
3,26,2012,7,0,,15.900,15.730,94.000,89238.930,185.583,1372.072,321.454,0.300,0.000,0.300,36.000,0.000,33.000,0.716,999,0.140,8.000,99,9999,99999,9,999999999,0.000,0.999,0,0,999,0.000,0
3,26,2012,8,0,,15.770,15.680,99.000,89238.930,503.785,1372.072,322.897,94.200,0.000,94.200,11304.000,0.000,10362.000,81.817,999,0.230,8.000,99,9999,99999,9,999999999,0.050,0.999,0,0,999,0.050,99
3,26,2012,9,0,,19.180,17.040,84.000,89238.930,787.616,1372.072,340.323,227.110,18.675,216.396,27253.200,1774.155,23803.574,120.066,999,0.380,8.000,99,9999,99999,9,999999999,0.000,0.999,0,0,999,0.000,0
3,26,2012,10,0,,20.470,17.530,80.000,89238.930,1016.635,1372.072,347.702,344.790,21.508,328.857,41374.800,2043.264,36174.322,141.310,999,0.900,8.000,99,9999,99999,9,999999999,0.000,0.999,0,0,999,0.000,0
3,26,2012,11,0,,21.600,17.950,77.000,89238.930,1175.064,1372.072,354.471,434.670,39.435,400.901,52160.400,3746.355,44099.065,149.021,999,2.370,8.000,99,9999,99999,9,999999999,0.000,0.999,0,0,999,0.000,0
3,26,2012,12,0,,22.510,18.270,75.000,89238.930,1252.045,1372.072,360.210,489.500,63.575,431.490,58740.000,6039.665,47463.845,150.523,999,2.450,8.000,99,9999,99999,9,999999999,0.000,0.999,0,0,999,0.000,0
3,26,2012,13,0,,23.170,18.510,73.000,89238.930,1242.308,1372.072,363.997,505.180,53.374,456.857,60621.600,5070.567,50254.229,160.622,999,3.250,8.000,99,9999,99999,9,999999999,0.000,0.999,0,0,999,0.000,0
3,26,2012,14,0,,23.570,18.650,76.000,89238.930,1146.511,1372.072,369.280,480.570,64.575,426.618,57668.400,6134.585,46927.976,162.534,999,4.430,8.000,99,9999,99999,9,999999999,0.010,0.999,0,0,999,0.010,99
3,26,2012,15,0,,23.700,18.690,81.000,89238.930,971.198,1372.072,373.705,417.460,67.750,369.518,50095.200,6436.253,40647.015,166.220,999,4.670,8.000,99,9999,99999,9,999999999,4.580,0.999,0,0,999,4.580,99
3,26,2012,16,0,,23.480,18.620,77.000,89238.930,728.372,1372.072,369.251,320.620,125.282,254.163,38474.400,11901.826,27957.901,152.514,999,2.660,8.000,99,9999,99999,9,999999999,0.220,0.999,0,0,999,0.220,99
3,26,2012,17,0,,22.870,18.400,74.000,89238.930,434.804,1372.072,362.342,198.090,240.785,121.984,23770.800,22874.570,13418.217,122.846,999,2.300,8.000,99,9999,99999,9,999999999,0.000,0.999,0,0,999,0.000,0
3,26,2012,18,0,,21.930,18.070,76.000,89238.930,112.629,1372.072,356.366,65.140,228.309,47.084,7816.800,21689.350,5179.273,189.511,999,1.340,8.000,99,9999,99999,9,999999999,0.000,0.999,0,0,999,0.000,0
3,26,2012,19,0,,21.260,17.820,82.000,89238.930,0.000,1372.072,355.024,0.000,0.000,0.000,0.000,0.000,0.000,-0.000,999,0.910,8.000,99,9999,99999,9,999999999,0.010,0.999,0,0,999,0.010,99
3,26,2012,20,0,,20.580,17.570,80.000,89238.930,0.000,1372.072,348.542,0.000,0.000,0.000,0.000,0.000,0.000,-0.000,999,0.560,8.000,99,9999,99999,9,999999999,0.000,0.999,0,0,999,0.000,0
3,26,2012,21,0,,19.910,17.320,82.000,89238.930,0.000,1372.072,344.660,0.000,0.000,0.000,0.000,0.000,0.000,-0.000,999,0.560,8.000,99,9999,99999,9,999999999,0.000,0.999,0,0,999,0.000,0
3,26,2012,22,0,,19.230,17.060,84.000,89238.930,0.000,1372.072,340.700,0.000,0.000,0.000,0.000,0.000,0.000,-0.000,999,0.500,8.000,99,9999,99999,9,999999999,0.000,0.999,0,0,999,0.000,0
3,26,2012,23,0,,18.550,16.800,86.000,89238.930,0.000,1372.072,336.740,0.000,0.000,0.000,0.000,0.000,0.000,-0.000,999,0.630,8.000,99,9999,99999,9,999999999,0.000,0.999,0,0,999,0.000,0
3,26,2012,24,0,,17.880,16.110,94.000,89238.930,0.000,1372.072,336.008,0.000,0.000,0.000,0.000,0.000,0.000,-0.000,999,2.490,8.000,99,9999,99999,9,999999999,0.180,0.999,0,0,999,0.180,99
3,27,2012,1,0,,17.540,16.010,90.000,89238.930,0.000,1372.072,331.408,0.000,0.000,0.000,0.000,0.000,0.000,-0.000,999,2.490,8.000,99,9999,99999,9,999999999,0.000,0.999,0,0,999,0.000,0
3,27,2012,2,0,,17.200,15.910,97.000,89238.930,0.000,1372.072,332.443,0.000,0.000,0.000,0.000,0.000,0.000,-0.000,999,2.900,8.000,99,9999,99999,9,999999999,0.100,0.999,0,0,999,0.100,99
3,27,2012,3,0,,16.860,15.810,98.000,89238.930,0.000,1372.072,330.410,0.000,0.000,0.000,0.000,0.000,0.000,-0.000,999,1.680,8.000,99,9999,99999,9,999999999,0.010,0.999,0,0,999,0.010,99
3,27,2012,4,0,,16.530,15.710,94.000,89238.930,0.000,1371.264,326.031,0.000,0.000,0.000,0.000,0.000,0.000,-0.000,999,1.710,8.000,99,9999,99999,9,999999999,0.000,0.999,0,0,999,0.000,0
3,27,2012,5,0,,16.190,15.600,96.000,89238.930,0.000,1371.264,324.529,0.000,0.000,0.000,0.000,0.000,0.000,-0.000,999,1.380,8.000,99,9999,99999,9,999999999,0.000,0.999,0,0,999,0.000,0
3,27,2012,6,0,,15.930,15.520,97.000,89238.930,0.000,1371.264,323.118,0.000,0.000,0.000,0.000,0.000,0.000,-0.000,999,1.440,8.000,99,9999,99999,9,999999999,0.000,0.999,0,0,999,0.000,0
3,27,2012,7,0,,15.700,15.450,98.000,89238.930,183.731,1371.264,321.922,0.320,0.000,0.320,38.400,0.000,35.200,0.772,999,0.880,8.000,99,9999,99999,9,999999999,0.000,0.999,0,0,999,0.000,0
3,27,2012,8,0,,15.480,15.390,99.000,89238.930,501.504,1371.264,320.796,71.900,0.000,71.900,8628.000,0.000,7909.000,62.697,999,1.020,8.000,99,9999,99999,9,999999999,0.000,0.999,0,0,999,0.000,0
3,27,2012,9,0,,17.920,16.130,89.000,89238.930,784.847,1371.264,333.692,176.240,12.130,169.302,21148.800,1152.315,18623.191,94.213,999,0.910,8.000,99,9999,99999,9,999999999,0.000,0.999,0,0,999,0.000,0
3,27,2012,10,0,,19.850,16.690,81.000,89238.930,1013.341,1371.264,343.602,419.350,77.438,362.138,50322.000,7356.640,39835.219,156.026,999,1.480,7.000,99,9999,99999,9,999999999,0.000,0.999,0,0,999,0.000,0
3,27,2012,11,0,,21.360,17.120,76.000,89238.930,1171.239,1371.264,351.959,528.760,85.327,455.887,63451.200,8106.078,50147.614,169.915,999,3.860,7.000,99,9999,99999,9,999999999,0.000,0.999,0,0,999,0.000,0
3,27,2012,12,0,,22.530,17.440,72.000,89238.930,1247.721,1371.264,358.272,595.390,82.864,519.996,71446.800,7872.059,57199.596,181.920,999,5.300,7.000,99,9999,99999,9,999999999,0.000,0.999,0,0,999,0.000,0
3,27,2012,13,0,,23.360,17.670,75.000,89238.930,1237.553,1371.264,366.912,614.270,119.273,506.634,73712.400,11330.949,55729.771,178.703,999,4.040,7.000,99,9999,99999,9,999999999,0.040,0.999,0,0,999,0.040,99
3,27,2012,14,0,,23.880,17.810,68.000,89238.930,1141.421,1371.264,365.901,584.010,144.523,463.726,70081.200,13729.714,51009.913,177.355,999,4.580,7.000,99,9999,99999,9,999999999,0.000,0.999,0,0,999,0.000,0
3,27,2012,15,0,,24.070,17.860,68.000,89238.930,965.892,1371.264,367.404,506.830,150.064,401.159,60819.600,14256.127,44127.483,181.338,999,6.650,7.000,99,9999,99999,9,999999999,0.000,0.999,0,0,999,0.000,0
3,27,2012,16,0,,23.890,17.810,83.000,89238.930,722.987,1371.264,376.551,388.550,336.772,211.125,46626.000,31993.318,23223.746,127.559,999,5.510,7.000,99,9999,99999,9,999999999,6.230,0.999,0,0,999,6.230,99
3,27,2012,17,0,,23.250,17.640,75.000,89238.930,429.486,1371.264,366.039,239.040,398.566,114.539,28684.800,37863.787,12599.275,116.716,999,3.440,8.000,99,9999,99999,9,999999999,0.020,0.999,0,0,999,0.020,99
3,27,2012,18,0,,22.230,17.360,78.000,89238.930,107.634,1371.264,360.035,77.130,187.342,63.007,9255.600,17797.478,6930.813,266.049,999,2.090,8.000,99,9999,99999,9,999999999,0.350,0.999,0,0,999,0.350,99
3,27,2012,19,0,,21.520,17.160,76.000,89238.930,0.000,1371.264,353.192,0.000,0.000,0.000,0.000,0.000,0.000,-0.000,999,0.390,8.000,99,9999,99999,9,999999999,0.000,0.999,0,0,999,0.000,0
3,27,2012,20,0,,20.810,16.960,83.000,89238.930,0.000,1371.264,352.152,0.000,0.000,0.000,0.000,0.000,0.000,-0.000,999,0.390,8.000,99,9999,99999,9,999999999,0.060,0.999,0,0,999,0.060,99
3,27,2012,21,0,,20.100,16.760,81.000,89238.930,0.000,1371.264,345.498,0.000,0.000,0.000,0.000,0.000,0.000,-0.000,999,0.390,8.000,99,9999,99999,9,999999999,0.000,0.999,0,0,999,0.000,0
3,27,2012,22,0,,19.390,16.560,83.000,89238.930,0.000,1371.264,341.321,0.000,0.000,0.000,0.000,0.000,0.000,-0.000,999,0.390,8.000,99,9999,99999,9,999999999,0.000,0.999,0,0,999,0.000,0
3,27,2012,23,0,,18.680,16.350,86.000,89238.930,0.000,1371.264,337.712,0.000,0.000,0.000,0.000,0.000,0.000,-0.000,999,0.390,8.000,99,9999,99999,9,999999999,0.000,0.999,0,0,999,0.000,0
3,27,2012,24,0,,17.970,15.600,86.000,89238.930,0.000,1371.264,332.431,0.000,0.000,0.000,0.000,0.000,0.000,-0.000,999,0.080,8.000,99,9999,99999,9,999999999,0.000,0.999,0,0,999,0.000,0
3,28,2012,1,0,,17.620,15.480,87.000,89238.930,0.000,1371.264,330.396,0.000,0.000,0.000,0.000,0.000,0.000,-0.000,999,0.080,8.000,99,9999,99999,9,999999999,0.000,0.999,0,0,999,0.000,0
3,28,2012,2,0,,17.270,15.360,88.000,89238.930,0.000,1371.264,328.363,0.000,0.000,0.000,0.000,0.000,0.000,-0.000,999,0.080,7.000,99,9999,99999,9,999999999,0.000,0.999,0,0,999,0.000,0
3,28,2012,3,0,,16.910,15.240,89.000,89238.930,0.000,1371.264,326.259,0.000,0.000,0.000,0.000,0.000,0.000,-0.000,999,0.100,7.000,99,9999,99999,9,999999999,0.000,0.999,0,0,999,0.000,0
3,28,2012,4,0,,16.560,15.120,91.000,89238.930,0.000,1370.455,324.742,0.000,0.000,0.000,0.000,0.000,0.000,-0.000,999,0.080,7.000,99,9999,99999,9,999999999,0.000,0.999,0,0,999,0.000,0
3,28,2012,5,0,,16.200,14.990,92.000,89238.930,0.000,1370.455,322.635,0.000,0.000,0.000,0.000,0.000,0.000,-0.000,999,0.080,7.000,99,9999,99999,9,999999999,0.000,0.999,0,0,999,0.000,0
3,28,2012,6,0,,15.930,14.900,93.000,89238.930,0.000,1370.455,321.180,0.000,0.000,0.000,0.000,0.000,0.000,-0.000,999,0.100,7.000,99,9999,99999,9,999999999,0.000,0.999,0,0,999,0.000,0
3,28,2012,7,0,,15.690,14.810,94.000,89238.930,181.878,1370.455,319.939,4.980,0.000,4.980,597.600,0.000,547.800,12.127,999,0.210,7.000,99,9999,99999,9,999999999,0.000,0.999,0,0,999,0.000,0
3,28,2012,8,0,,15.460,14.730,95.000,89238.930,499.207,1370.455,318.768,157.920,27.977,147.748,18950.400,2657.851,16252.301,129.354,999,0.300,7.000,99,9999,99999,9,999999999,0.000,0.999,0,0,999,0.000,0
3,28,2012,9,0,,20.060,16.290,78.000,89238.930,782.051,1370.455,343.338,380.360,175.796,280.103,45643.200,16700.578,30811.336,156.337,999,0.460,4.000,99,9999,99999,9,999999999,0.000,0.999,0,0,999,0.000,0
3,28,2012,10,0,,22.520,17.060,71.000,89238.930,1010.008,1370.455,357.479,702.560,604.463,257.189,84307.200,57423.992,28290.735,111.109,999,0.240,0.000,99,9999,99999,9,999999999,0.000,0.999,0,0,999,0.000,0
3,28,2012,11,0,,23.890,17.480,67.000,89238.930,1167.369,1370.455,365.206,734.920,429.806,368.847,88190.400,40831.538,40573.225,137.848,999,0.510,2.000,99,9999,99999,9,999999999,0.000,0.999,0,0,999,0.000,0
3,28,2012,12,0,,24.440,17.650,65.000,89238.930,1243.351,1370.455,367.964,652.890,201.952,469.679,78346.800,19185.487,51664.729,164.797,999,0.700,6.000,99,9999,99999,9,999999999,0.000,0.999,0,0,999,0.000,0
3,28,2012,13,0,,24.120,17.550,66.000,89238.930,1232.752,1370.455,366.235,414.920,50.969,369.076,49790.400,4842.053,40598.310,130.612,999,1.080,8.000,99,9999,99999,9,999999999,0.000,0.999,0,0,999,0.000,0
3,28,2012,14,0,,24.470,17.650,65.000,89238.930,1136.290,1370.455,368.202,650.010,283.294,415.153,78001.200,26912.914,45666.822,159.401,999,1.430,6.000,99,9999,99999,9,999999999,0.000,0.999,0,0,999,0.000,0
3,28,2012,15,0,,23.480,17.360,68.000,89238.930,960.556,1370.455,362.752,253.640,25.646,235.670,30436.800,2436.325,25923.749,107.061,999,1.450,8.000,99,9999,99999,9,999999999,0.000,0.999,0,0,999,0.000,0
3,28,2012,16,0,,22.730,17.130,70.000,89238.930,717.583,1370.455,358.386,261.760,157.957,179.116,31411.200,15005.888,19702.809,108.972,999,1.120,8.000,99,9999,99999,9,999999999,0.000,0.999,0,0,999,0.000,0
3,28,2012,17,0,,22.380,17.020,71.000,89238.930,424.164,1370.455,356.392,347.440,416.545,218.868,41692.800,39571.751,24075.508,225.709,999,0.230,4.000,99,9999,99999,9,999999999,0.000,0.999,0,0,999,0.000,0
3,28,2012,18,0,,21.400,16.710,79.000,89238.930,102.660,1370.455,354.221,83.600,364.471,57.472,10032.000,34624.733,6321.898,255.187,999,0.090,8.000,99,9999,99999,9,999999999,0.010,0.999,0,0,999,0.010,99
3,28,2012,19,0,,20.840,16.540,81.000,89238.930,0.000,1370.455,351.158,0.000,0.000,0.000,0.000,0.000,0.000,-0.000,999,0.080,8.000,99,9999,99999,9,999999999,0.020,0.999,0,0,999,0.020,99
3,28,2012,20,0,,20.280,16.360,78.000,89238.930,0.000,1370.455,345.003,0.000,0.000,0.000,0.000,0.000,0.000,-0.000,999,0.080,8.000,99,9999,99999,9,999999999,0.000,0.999,0,0,999,0.000,0
3,28,2012,21,0,,19.720,16.180,85.000,89238.930,0.000,1370.455,344.987,0.000,0.000,0.000,0.000,0.000,0.000,-0.000,999,0.080,8.000,99,9999,99999,9,999999999,0.970,0.999,0,0,999,0.970,99
3,28,2012,22,0,,19.160,15.990,81.000,89238.930,0.000,1370.455,338.410,0.000,0.000,0.000,0.000,0.000,0.000,-0.000,999,0.080,8.000,99,9999,99999,9,999999999,0.000,0.999,0,0,999,0.000,0
3,28,2012,23,0,,18.600,15.810,83.000,89238.930,0.000,1370.455,335.408,0.000,0.000,0.000,0.000,0.000,0.000,-0.000,999,0.080,8.000,99,9999,99999,9,999999999,0.000,0.999,0,0,999,0.000,0
3,28,2012,24,0,,18.040,16.140,88.000,89238.930,0.000,1370.455,334.044,0.000,0.000,0.000,0.000,0.000,0.000,-0.000,999,0.270,8.000,99,9999,99999,9,999999999,0.000,0.999,0,0,999,0.000,0
3,29,2012,1,0,,17.760,16.110,90.000,89238.930,0.000,1370.455,333.037,0.000,0.000,0.000,0.000,0.000,0.000,-0.000,999,0.270,8.000,99,9999,99999,9,999999999,0.000,0.999,0,0,999,0.000,0
3,29,2012,2,0,,17.480,16.090,91.000,89238.930,0.000,1370.455,331.488,0.000,0.000,0.000,0.000,0.000,0.000,-0.000,999,0.270,7.000,99,9999,99999,9,999999999,0.000,0.999,0,0,999,0.000,0
3,29,2012,3,0,,17.200,16.060,92.000,89238.930,0.000,1370.455,329.939,0.000,0.000,0.000,0.000,0.000,0.000,-0.000,999,0.270,7.000,99,9999,99999,9,999999999,0.000,0.999,0,0,999,0.000,0
3,29,2012,4,0,,16.920,16.040,94.000,89238.930,0.000,1369.646,328.890,0.000,0.000,0.000,0.000,0.000,0.000,-0.000,999,0.270,7.000,99,9999,99999,9,999999999,0.000,0.999,0,0,999,0.000,0
3,29,2012,5,0,,16.640,16.010,96.000,89238.930,0.000,1369.646,327.820,0.000,0.000,0.000,0.000,0.000,0.000,-0.000,999,0.270,7.000,99,9999,99999,9,999999999,0.000,0.999,0,0,999,0.000,0
3,29,2012,6,0,,16.420,15.990,97.000,89238.930,0.000,1369.646,326.691,0.000,0.000,0.000,0.000,0.000,0.000,-0.000,999,0.270,7.000,99,9999,99999,9,999999999,0.000,0.999,0,0,999,0.000,0
3,29,2012,7,0,,16.240,15.980,98.000,89238.930,180.025,1369.646,325.852,0.300,0.000,0.300,36.000,0.000,33.000,0.738,999,0.270,7.000,99,9999,99999,9,999999999,0.000,0.999,0,0,999,0.000,0
3,29,2012,8,0,,16.050,15.960,99.000,89238.930,496.895,1369.646,324.936,156.930,27.760,146.878,18831.600,2637.244,16156.585,129.117,999,0.270,7.000,99,9999,99999,9,999999999,0.000,0.999,0,0,999,0.000,0
3,29,2012,9,0,,20.370,16.340,77.000,89238.930,779.226,1369.646,345.050,309.690,81.140,263.556,37162.800,7708.274,28991.140,147.548,999,0.270,7.000,99,9999,99999,9,999999999,0.000,0.999,0,0,999,0.000,0
3,29,2012,10,0,,22.150,16.490,70.000,89238.930,1006.637,1369.646,353.895,522.060,169.750,397.332,62647.200,16126.233,43706.477,172.126,999,0.270,5.000,99,9999,99999,9,999999999,0.000,0.999,0,0,999,0.000,0
3,29,2012,11,0,,23.520,16.610,65.000,89238.930,1163.455,1369.646,360.734,627.150,291.053,379.941,75258.000,27650.038,41793.520,142.388,999,0.350,5.000,99,9999,99999,9,999999999,0.000,0.999,0,0,999,0.000,0
3,29,2012,12,0,,24.350,16.680,62.000,89238.930,1238.934,1369.646,364.781,627.810,190.119,455.847,75337.200,18061.265,50143.121,160.420,999,0.740,6.000,99,9999,99999,9,999999999,0.000,0.999,0,0,999,0.000,0
3,29,2012,13,0,,25.300,16.760,59.000,89238.930,1227.907,1369.646,369.674,757.530,356.568,437.885,90903.600,33873.955,48167.305,155.483,999,1.020,4.000,99,9999,99999,9,999999999,0.000,0.999,0,0,999,0.000,0
3,29,2012,14,0,,25.930,16.820,57.000,89238.930,1131.122,1369.646,372.849,735.880,490.720,330.674,88305.600,46618.427,36374.158,127.470,999,0.730,4.000,99,9999,99999,9,999999999,0.000,0.999,0,0,999,0.000,0
3,29,2012,15,0,,26.010,16.820,56.000,89238.930,955.191,1369.646,372.544,568.280,364.322,314.280,68193.600,34610.618,34570.851,143.490,999,0.610,6.000,99,9999,99999,9,999999999,0.000,0.999,0,0,999,0.000,0
3,29,2012,16,0,,25.960,16.820,57.000,89238.930,712.164,1369.646,373.088,524.550,789.225,114.507,62946.000,74976.330,12595.795,70.154,999,0.430,3.000,99,9999,99999,9,999999999,0.000,0.999,0,0,999,0.000,0
3,29,2012,17,0,,25.270,16.760,59.000,89238.930,418.842,1369.646,369.436,319.100,681.371,111.318,38292.000,64730.252,12244.940,116.195,999,0.360,5.000,99,9999,99999,9,999999999,0.000,0.999,0,0,999,0.000,0
3,29,2012,18,0,,24.080,16.660,63.000,89238.930,97.711,1369.646,363.495,98.180,216.732,83.443,11781.600,20589.539,9178.686,390.607,999,0.270,8.000,99,9999,99999,9,999999999,0.000,0.999,0,0,999,0.000,0
3,29,2012,19,0,,23.250,16.590,66.000,89238.930,0.000,1369.646,359.415,0.000,0.000,0.000,0.000,0.000,0.000,-0.000,999,0.270,8.000,99,9999,99999,9,999999999,0.000,0.999,0,0,999,0.000,0
3,29,2012,20,0,,22.410,16.520,69.000,89238.930,0.000,1369.646,355.172,0.000,0.000,0.000,0.000,0.000,0.000,-0.000,999,0.270,8.000,99,9999,99999,9,999999999,0.000,0.999,0,0,999,0.000,0
3,29,2012,21,0,,21.580,16.440,72.000,89238.930,0.000,1369.646,350.934,0.000,0.000,0.000,0.000,0.000,0.000,-0.000,999,0.270,8.000,99,9999,99999,9,999999999,0.000,0.999,0,0,999,0.000,0
3,29,2012,22,0,,20.740,16.370,76.000,89238.930,0.000,1369.646,347.214,0.000,0.000,0.000,0.000,0.000,0.000,-0.000,999,0.270,8.000,99,9999,99999,9,999999999,0.000,0.999,0,0,999,0.000,0
3,29,2012,23,0,,19.910,16.300,79.000,89238.930,0.000,1369.646,342.830,0.000,0.000,0.000,0.000,0.000,0.000,-0.000,999,0.270,8.000,99,9999,99999,9,999999999,0.000,0.999,0,0,999,0.000,0
3,29,2012,24,0,,19.080,15.520,79.000,89238.930,0.000,1369.646,336.608,0.000,0.000,0.000,0.000,0.000,0.000,-0.000,999,0.070,8.000,99,9999,99999,9,999999999,0.000,0.999,0,0,999,0.000,0
3,30,2012,1,0,,18.660,15.440,81.000,89238.930,0.000,1369.646,334.686,0.000,0.000,0.000,0.000,0.000,0.000,-0.000,999,0.070,8.000,99,9999,99999,9,999999999,0.000,0.999,0,0,999,0.000,0
3,30,2012,2,0,,18.240,15.360,83.000,89238.930,0.000,1369.646,332.739,0.000,0.000,0.000,0.000,0.000,0.000,-0.000,999,0.070,8.000,99,9999,99999,9,999999999,0.000,0.999,0,0,999,0.000,0
3,30,2012,3,0,,17.820,15.290,85.000,89238.930,0.000,1369.646,330.770,0.000,0.000,0.000,0.000,0.000,0.000,-0.000,999,0.070,8.000,99,9999,99999,9,999999999,0.000,0.999,0,0,999,0.000,0
3,30,2012,4,0,,17.410,15.210,86.000,89238.930,0.000,1368.837,328.310,0.000,0.000,0.000,0.000,0.000,0.000,-0.000,999,0.070,8.000,99,9999,99999,9,999999999,0.000,0.999,0,0,999,0.000,0
3,30,2012,5,0,,16.990,15.130,88.000,89238.930,0.000,1368.837,326.316,0.000,0.000,0.000,0.000,0.000,0.000,-0.000,999,0.070,8.000,99,9999,99999,9,999999999,0.000,0.999,0,0,999,0.000,0
3,30,2012,6,0,,16.670,15.070,90.000,89238.930,0.000,1368.837,325.030,0.000,0.000,0.000,0.000,0.000,0.000,-0.000,999,0.070,8.000,99,9999,99999,9,999999999,0.000,0.999,0,0,999,0.000,0
3,30,2012,7,0,,16.390,15.020,91.000,89238.930,178.171,1368.837,323.507,0.260,0.000,0.260,31.200,0.000,28.600,0.646,999,0.070,8.000,99,9999,99999,9,999999999,0.000,0.999,0,0,999,0.000,0
3,30,2012,8,0,,16.110,14.970,92.000,89238.930,494.568,1368.837,321.983,137.200,11.282,133.132,16464.000,1071.766,14644.490,117.516,999,0.100,8.000,99,9999,99999,9,999999999,0.000,0.999,0,0,999,0.000,0
3,30,2012,9,0,,19.870,15.660,76.000,89238.930,776.374,1368.837,340.639,344.350,127.362,272.158,41322.000,12099.378,29937.360,152.834,999,0.170,6.000,99,9999,99999,9,999999999,0.000,0.999,0,0,999,0.000,0
3,30,2012,10,0,,21.460,15.950,70.000,89238.930,1003.229,1368.837,348.610,545.770,204.557,395.887,65492.400,19432.868,43547.586,171.982,999,0.310,4.000,99,9999,99999,9,999999999,0.000,0.999,0,0,999,0.000,0
3,30,2012,11,0,,22.850,16.190,66.000,89238.930,1159.499,1368.837,356.313,698.780,322.028,426.032,83853.600,30592.678,46863.476,160.112,999,0.350,3.000,99,9999,99999,9,999999999,0.000,0.999,0,0,999,0.000,0
3,30,2012,12,0,,23.770,16.360,63.000,89238.930,1234.473,1368.837,361.072,724.850,285.520,467.374,86982.000,27124.396,51411.105,164.973,999,0.550,4.000,99,9999,99999,9,999999999,0.000,0.999,0,0,999,0.000,0
3,30,2012,13,0,,24.450,16.470,61.000,89238.930,1223.021,1368.837,364.719,750.730,351.760,436.465,90087.600,33417.159,48011.148,155.507,999,1.120,4.000,99,9999,99999,9,999999999,0.000,0.999,0,0,999,0.000,0
3,30,2012,14,0,,24.880,16.550,59.000,89238.930,1125.919,1368.837,366.358,729.250,461.115,350.020,87510.000,43805.882,38502.147,135.472,999,1.280,4.000,99,9999,99999,9,999999999,0.000,0.999,0,0,999,0.000,0
3,30,2012,15,0,,25.140,16.590,59.000,89238.930,949.801,1368.837,368.408,692.060,710.374,199.305,83047.200,67485.541,21923.583,91.459,999,1.490,2.000,99,9999,99999,9,999999999,0.000,0.999,0,0,999,0.000,0
3,30,2012,16,0,,25.010,16.570,59.000,89238.930,706.732,1368.837,367.382,535.150,681.007,183.828,64218.000,64695.637,20221.118,113.425,999,1.170,3.000,99,9999,99999,9,999999999,0.000,0.999,0,0,999,0.000,0
3,30,2012,17,0,,24.450,16.470,61.000,89238.930,413.522,1368.837,364.719,360.340,675.178,156.956,43240.800,64141.926,17265.203,165.856,999,0.880,2.000,99,9999,99999,9,999999999,0.000,0.999,0,0,999,0.000,0
3,30,2012,18,0,,23.380,16.290,64.000,89238.930,92.789,1368.837,358.847,111.940,238.195,96.620,13432.800,22628.537,10628.200,478.180,999,0.460,7.000,99,9999,99999,9,999999999,0.000,0.999,0,0,999,0.000,0
3,30,2012,19,0,,22.590,16.150,66.000,89238.930,0.000,1368.837,354.307,0.000,0.000,0.000,0.000,0.000,0.000,-0.000,999,0.080,7.000,99,9999,99999,9,999999999,0.000,0.999,0,0,999,0.000,0
3,30,2012,20,0,,21.800,16.010,69.000,89238.930,0.000,1368.837,350.485,0.000,0.000,0.000,0.000,0.000,0.000,-0.000,999,0.070,7.000,99,9999,99999,9,999999999,0.000,0.999,0,0,999,0.000,0
3,30,2012,21,0,,21.000,15.870,72.000,89238.930,0.000,1368.837,346.511,0.000,0.000,0.000,0.000,0.000,0.000,-0.000,999,0.130,7.000,99,9999,99999,9,999999999,0.000,0.999,0,0,999,0.000,0
3,30,2012,22,0,,20.210,15.720,75.000,89238.930,0.000,1368.837,342.548,0.000,0.000,0.000,0.000,0.000,0.000,-0.000,999,0.070,7.000,99,9999,99999,9,999999999,0.000,0.999,0,0,999,0.000,0
3,30,2012,23,0,,19.420,15.580,78.000,89238.930,0.000,1368.837,338.529,0.000,0.000,0.000,0.000,0.000,0.000,-0.000,999,0.070,7.000,99,9999,99999,9,999999999,0.000,0.999,0,0,999,0.000,0
3,30,2012,24,0,,18.620,16.070,82.000,89238.930,0.000,1368.837,334.976,0.000,0.000,0.000,0.000,0.000,0.000,-0.000,999,0.030,7.000,99,9999,99999,9,999999999,0.000,0.999,0,0,999,0.000,0
3,31,2012,1,0,,18.220,15.890,88.000,89238.930,0.000,1368.837,335.382,0.000,0.000,0.000,0.000,0.000,0.000,-0.000,999,0.030,8.000,99,9999,99999,9,999999999,0.110,0.999,0,0,999,0.110,99
3,31,2012,2,0,,17.830,15.720,93.000,89238.930,0.000,1368.837,335.122,0.000,0.000,0.000,0.000,0.000,0.000,-0.000,999,0.030,8.000,99,9999,99999,9,999999999,2.830,0.999,0,0,999,2.830,99
3,31,2012,3,0,,17.430,15.530,90.000,89238.930,0.000,1368.837,330.597,0.000,0.000,0.000,0.000,0.000,0.000,-0.000,999,0.030,8.000,99,9999,99999,9,999999999,0.040,0.999,0,0,999,0.040,99
3,31,2012,4,0,,17.030,15.350,91.000,89238.930,0.000,1368.028,328.175,0.000,0.000,0.000,0.000,0.000,0.000,-0.000,999,0.030,8.000,99,9999,99999,9,999999999,0.020,0.999,0,0,999,0.020,99
3,31,2012,5,0,,16.640,15.170,88.000,89238.930,0.000,1368.028,323.770,0.000,0.000,0.000,0.000,0.000,0.000,-0.000,999,0.030,8.000,99,9999,99999,9,999999999,0.000,0.999,0,0,999,0.000,0
3,31,2012,6,0,,16.330,15.020,88.000,89238.930,0.000,1368.028,321.529,0.000,0.000,0.000,0.000,0.000,0.000,-0.000,999,0.030,8.000,99,9999,99999,9,999999999,0.000,0.999,0,0,999,0.000,0
3,31,2012,7,0,,16.070,14.900,89.000,89238.930,176.315,1368.028,320.174,0.170,0.000,0.170,20.400,0.000,18.700,0.427,999,0.070,8.000,99,9999,99999,9,999999999,0.000,0.999,0,0,999,0.000,0
3,31,2012,8,0,,15.810,14.770,90.000,89238.930,492.224,1368.028,318.817,105.540,0.000,105.540,12664.800,0.000,11609.400,93.551,999,0.120,8.000,99,9999,99999,9,999999999,0.000,0.999,0,0,999,0.000,0
3,31,2012,9,0,,19.430,16.430,80.000,89238.930,773.493,1368.028,339.831,259.180,28.300,243.189,31101.600,2688.539,26750.758,136.994,999,0.190,8.000,99,9999,99999,9,999999999,0.000,0.999,0,0,999,0.000,0
3,31,2012,10,0,,20.840,17.040,77.000,89238.930,999.785,1368.028,348.627,395.100,58.632,352.261,47412.000,5570.032,38748.761,153.467,999,0.300,7.000,99,9999,99999,9,999999999,0.000,0.999,0,0,999,0.000,0
3,31,2012,11,0,,22.060,17.540,74.000,89238.930,1155.501,1368.028,356.018,498.530,71.607,438.055,59823.600,6802.635,48186.022,165.103,999,0.430,7.000,99,9999,99999,9,999999999,0.000,0.999,0,0,999,0.000,0
3,31,2012,12,0,,23.050,17.950,72.000,89238.930,1229.970,1368.028,362.338,561.110,84.781,484.890,67333.200,8054.194,53337.917,171.682,999,0.640,7.000,99,9999,99999,9,999999999,0.000,0.999,0,0,999,0.000,0
3,31,2012,13,0,,23.760,18.230,70.000,89238.930,1218.096,1368.028,366.469,578.160,100.447,488.728,69379.200,9542.499,53760.107,174.729,999,1.200,7.000,99,9999,99999,9,999999999,0.000,0.999,0,0,999,0.000,0
3,31,2012,14,0,,24.180,18.390,70.000,89238.930,1120.683,1368.028,369.804,548.400,122.284,448.240,65808.000,11616.940,49306.420,174.195,999,1.330,7.000,99,9999,99999,9,999999999,0.000,0.999,0,0,999,0.000,0
3,31,2012,15,0,,24.310,18.440,69.000,89238.930,944.389,1368.028,370.080,474.050,128.072,385.666,56886.000,12166.885,42423.302,177.888,999,1.220,7.000,99,9999,99999,9,999999999,0.000,0.999,0,0,999,0.000,0
3,31,2012,16,0,,24.060,18.340,70.000,89238.930,701.291,1368.028,368.849,360.720,233.319,241.212,43286.400,22165.310,26533.313,149.900,999,1.110,7.000,99,9999,99999,9,999999999,0.000,0.999,0,0,999,0.000,0
3,31,2012,17,0,,23.380,18.080,71.000,89238.930,408.208,1368.028,364.208,217.990,356.492,111.930,26158.800,33866.704,12312.279,119.755,999,0.620,8.000,99,9999,99999,9,999999999,0.000,0.999,0,0,999,0.000,0
3,31,2012,18,0,,22.496,17.716,73.400,89238.930,87.899,1368.028,358.993,128.710,114.869,121.744,15445.200,10912.575,13391.795,638.985,999,0.566,7.800,99,9999,99999,9,999999999,0.000,0.999,0,0,999,0.000,0
3,31,2012,19,0,,21.754,17.414,75.000,89238.930,0.000,1368.028,354.330,56.566,0.000,0.000,6787.920,0.000,0.000,-0.000,999,0.366,8.000,99,9999,99999,9,999999999,0.000,0.999,0,0,999,0.000,0
3,31,2012,20,0,,21.014,17.106,77.600,89238.930,0.000,1368.028,350.346,12.968,0.000,0.000,1556.160,0.000,0.000,-0.000,999,0.254,8.000,99,9999,99999,9,999999999,0.002,0.999,0,0,999,0.002,99
3,31,2012,21,0,,20.346,16.824,79.200,89238.930,0.000,1368.028,346.259,0.000,0.000,0.000,0.000,0.000,0.000,-0.000,999,0.154,8.000,99,9999,99999,9,999999999,0.002,0.999,0,0,999,0.002,99
3,31,2012,22,0,,19.452,16.122,80.200,89238.930,0.000,1368.028,340.117,0.000,0.000,0.000,0.000,0.000,0.000,-0.000,999,0.122,8.000,99,9999,99999,9,999999999,0.002,0.999,0,0,999,0.002,99
3,31,2012,23,0,,18.602,15.448,81.200,89238.930,0.000,1368.028,334.374,0.000,0.000,0.000,0.000,0.000,0.000,-0.000,999,0.126,8.000,99,9999,99999,9,999999999,0.002,0.999,0,0,999,0.002,99
3,31,2022,24,0,,17.792,14.802,82.400,89238.930,0.000,1368.837,329.100,0.000,0.000,0.000,0.000,0.000,0.000,-0.000,999,0.138,8.000,99,9999,99999,9,999999999,0.002,0.999,0,0,999,0.002,99
4,1,2022,1,0,,17.024,14.186,82.600,89238.930,0.000,1368.837,323.623,0.000,0.000,0.000,0.000,0.000,0.000,-0.000,999,0.160,8.000,99,9999,99999,9,999999999,0.000,0.999,0,0,999,0.000,0
4,1,2022,2,0,,16.298,13.598,83.600,89238.930,0.000,1368.837,318.952,0.000,0.000,0.000,0.000,0.000,0.000,-0.000,999,0.170,8.000,99,9999,99999,9,999999999,0.000,0.999,0,0,999,0.000,0
4,1,2022,3,0,,15.840,13.456,85.400,89238.930,0.000,1368.837,316.650,0.000,0.000,0.000,0.000,0.000,0.000,-0.000,999,0.170,8.000,99,9999,99999,9,999999999,0.000,0.999,0,0,999,0.000,0
4,1,2022,4,0,,15.402,13.320,87.000,89238.930,0.000,1368.028,314.376,0.000,0.000,0.000,0.000,0.000,0.000,-0.000,999,0.170,8.000,99,9999,99999,9,999999999,0.000,0.999,0,0,999,0.000,0
4,1,2022,5,0,,14.994,13.192,88.400,89238.930,0.000,1368.028,312.207,0.038,0.000,0.000,4.560,0.000,0.000,-0.000,999,0.170,8.000,99,9999,99999,9,999999999,0.000,0.999,0,0,999,0.000,0
4,1,2022,6,0,,14.570,13.060,90.000,89238.930,0.000,1368.028,310.021,0.000,0.000,0.000,0.000,0.000,0.000,-0.000,999,0.170,8.000,99,9999,99999,9,999999999,0.000,0.999,0,0,999,0.000,0
4,1,2022,7,0,,14.260,12.960,91.000,89238.930,175.313,1368.028,308.338,0.190,0.000,0.190,22.800,0.000,20.900,0.480,999,0.170,8.000,99,9999,99999,9,999999999,0.000,0.999,0,0,999,0.000,0
4,1,2022,8,0,,13.960,12.860,93.000,89238.930,491.044,1368.028,307.199,107.080,0.000,107.080,12849.600,0.000,11778.800,95.145,999,0.170,8.000,99,9999,99999,9,999999999,0.000,0.999,0,0,999,0.000,0
4,1,2022,9,0,,18.400,14.230,76.000,89238.930,772.096,1368.028,329.747,364.460,163.428,272.281,43735.200,15525.631,29950.959,153.661,999,0.170,5.000,99,9999,99999,9,999999999,0.000,0.999,0,0,999,0.000,0
4,1,2022,10,0,,20.050,14.710,71.000,89238.930,998.139,1368.028,338.683,499.790,158.782,383.970,59974.800,15084.266,42236.671,167.557,999,0.170,5.000,99,9999,99999,9,999999999,0.000,0.999,0,0,999,0.000,0
4,1,2022,11,0,,21.470,15.120,67.000,89238.930,1153.589,1368.028,346.511,625.530,214.230,444.902,75063.600,20351.838,48939.250,167.962,999,0.250,5.000,99,9999,99999,9,999999999,0.000,0.999,0,0,999,0.000,0
4,1,2022,12,0,,22.790,15.490,63.000,89238.930,1227.795,1368.028,353.492,749.380,333.821,449.800,89925.600,31712.949,49477.965,159.540,999,0.390,4.000,99,9999,99999,9,999999999,0.000,0.999,0,0,999,0.000,0
4,1,2022,13,0,,23.970,15.810,60.000,89238.930,1215.678,1368.028,360.115,845.320,504.958,396.632,101438.400,47970.996,43629.494,142.085,999,1.120,1.000,99,9999,99999,9,999999999,0.000,0.999,0,0,999,0.000,0
4,1,2022,14,0,,24.540,15.960,58.000,89238.930,1118.059,1368.028,362.803,743.640,490.698,342.662,89236.800,46616.350,37692.768,133.478,999,1.030,3.000,99,9999,99999,9,999999999,0.000,0.999,0,0,999,0.000,0
4,1,2022,15,0,,24.790,16.030,58.000,89238.930,941.610,1368.028,364.758,671.520,708.733,183.860,80582.400,67329.596,20224.594,85.056,999,1.710,3.000,99,9999,99999,9,999999999,0.000,0.999,0,0,999,0.000,0
4,1,2022,16,0,,24.460,15.940,59.000,89238.930,698.421,1368.028,363.065,482.880,630.214,161.403,57945.600,59870.319,17754.327,100.716,999,1.170,5.000,99,9999,99999,9,999999999,0.000,0.999,0,0,999,0.000,0
4,1,2022,17,0,,23.640,15.720,61.000,89238.930,405.319,1368.028,358.404,309.080,674.006,109.984,37089.600,64030.536,12098.260,118.517,999,0.750,5.000,99,9999,99999,9,999999999,0.000,0.999,0,0,999,0.000,0
4,1,2022,18,0,,22.370,15.370,64.000,89238.930,85.158,1368.028,351.070,102.250,201.021,90.478,12270.000,19097.006,9952.595,491.802,999,0.340,7.000,99,9999,99999,9,999999999,0.000,0.999,0,0,999,0.000,0
4,1,2022,19,0,,21.570,15.150,66.000,89238.930,0.000,1368.028,346.523,0.000,0.000,0.000,0.000,0.000,0.000,-0.000,999,0.350,7.000,99,9999,99999,9,999999999,0.000,0.999,0,0,999,0.000,0
4,1,2022,20,0,,20.760,14.920,69.000,89238.930,0.000,1368.028,342.605,0.000,0.000,0.000,0.000,0.000,0.000,-0.000,999,0.170,7.000,99,9999,99999,9,999999999,0.000,0.999,0,0,999,0.000,0
4,1,2022,21,0,,19.950,14.690,71.000,89238.930,0.000,1368.028,337.938,0.000,0.000,0.000,0.000,0.000,0.000,-0.000,999,0.170,7.000,99,9999,99999,9,999999999,0.000,0.999,0,0,999,0.000,0
4,1,2022,22,0,,19.150,14.450,74.000,89238.930,0.000,1368.028,333.995,0.000,0.000,0.000,0.000,0.000,0.000,-0.000,999,0.170,7.000,99,9999,99999,9,999999999,0.000,0.999,0,0,999,0.000,0
4,1,2022,23,0,,18.340,14.210,76.000,89238.930,0.000,1368.028,329.308,0.000,0.000,0.000,0.000,0.000,0.000,-0.000,999,0.170,7.000,99,9999,99999,9,999999999,0.000,0.999,0,0,999,0.000,0
4,1,2022,24,0,,17.540,14.440,82.000,89238.930,0.000,1368.028,327.030,0.000,0.000,0.000,0.000,0.000,0.000,-0.000,999,0.060,7.000,99,9999,99999,9,999999999,0.000,0.999,0,0,999,0.000,0
4,2,2022,1,0,,17.130,14.340,83.000,89238.930,0.000,1368.028,324.614,0.000,0.000,0.000,0.000,0.000,0.000,-0.000,999,0.060,8.000,99,9999,99999,9,999999999,0.000,0.999,0,0,999,0.000,0
4,2,2022,2,0,,16.730,14.240,85.000,89238.930,0.000,1368.028,322.820,0.000,0.000,0.000,0.000,0.000,0.000,-0.000,999,0.060,8.000,99,9999,99999,9,999999999,0.000,0.999,0,0,999,0.000,0
4,2,2022,3,0,,16.330,14.140,86.000,89238.930,0.000,1368.028,320.475,0.000,0.000,0.000,0.000,0.000,0.000,-0.000,999,0.060,8.000,99,9999,99999,9,999999999,0.000,0.999,0,0,999,0.000,0
4,2,2022,4,0,,15.920,14.040,88.000,89238.930,0.000,1367.219,318.582,0.000,0.000,0.000,0.000,0.000,0.000,-0.000,999,0.060,8.000,99,9999,99999,9,999999999,0.000,0.999,0,0,999,0.000,0
4,2,2022,5,0,,15.520,13.940,90.000,89238.930,0.000,1367.219,316.743,0.000,0.000,0.000,0.000,0.000,0.000,-0.000,999,0.060,8.000,99,9999,99999,9,999999999,0.000,0.999,0,0,999,0.000,0
4,2,2022,6,0,,15.210,13.860,91.000,89238.930,0.000,1367.219,315.035,0.000,0.000,0.000,0.000,0.000,0.000,-0.000,999,0.060,8.000,99,9999,99999,9,999999999,0.000,0.999,0,0,999,0.000,0
4,2,2022,7,0,,14.940,13.790,92.000,89238.930,173.437,1367.219,313.609,0.150,0.000,0.150,18.000,0.000,16.500,0.383,999,0.060,8.000,99,9999,99999,9,999999999,0.000,0.999,0,0,999,0.000,0
4,2,2022,8,0,,14.680,13.720,93.000,89238.930,488.658,1367.219,312.253,59.780,0.000,59.780,7173.600,0.000,6575.800,53.346,999,0.120,8.000,99,9999,99999,9,999999999,0.000,0.999,0,0,999,0.000,0
4,2,2022,9,0,,17.080,14.330,83.000,89238.930,769.158,1367.219,324.252,232.100,18.237,221.847,27852.000,1732.535,24403.144,125.603,999,0.150,8.000,99,9999,99999,9,999999999,0.000,0.999,0,0,999,0.000,0
4,2,2022,10,0,,18.660,14.720,77.000,89238.930,994.627,1367.219,332.273,433.340,85.372,371.250,52000.800,8110.297,40837.497,162.483,999,0.730,7.000,99,9999,99999,9,999999999,0.000,0.999,0,0,999,0.000,0
4,2,2022,11,0,,19.710,14.970,74.000,89238.930,1149.520,1367.219,338.149,499.280,108.562,408.015,59913.600,10313.380,44881.680,154.490,999,1.520,7.000,99,9999,99999,9,999999999,0.000,0.999,0,0,999,0.000,0
4,2,2022,12,0,,21.170,15.320,69.000,89238.930,1223.223,1367.219,345.695,747.550,337.207,445.879,89706.000,32034.709,49046.722,158.647,999,1.230,4.000,99,9999,99999,9,999999999,0.000,0.999,0,0,999,0.000,0
4,2,2022,13,0,,22.230,15.570,65.000,89238.930,1210.692,1367.219,350.779,783.150,433.193,399.582,93978.000,41153.361,43954.016,143.647,999,0.910,3.000,99,9999,99999,9,999999999,0.000,0.999,0,0,999,0.000,0
4,2,2022,14,0,,23.010,15.750,63.000,89238.930,1112.779,1367.219,355.183,789.310,560.761,332.975,94717.200,53272.305,36627.273,130.244,999,0.660,2.000,99,9999,99999,9,999999999,0.000,0.999,0,0,999,0.000,0
4,2,2022,15,0,,23.040,15.750,63.000,89238.930,936.174,1367.219,355.414,519.730,252.737,346.731,62367.600,24010.023,38140.443,161.239,999,0.690,6.000,99,9999,99999,9,999999999,0.000,0.999,0,0,999,0.000,0
4,2,2022,16,0,,22.960,15.730,63.000,89238.930,692.978,1367.219,354.798,482.120,590.897,182.876,57854.400,56135.170,20116.361,114.946,999,0.740,5.000,99,9999,99999,9,999999999,0.000,0.999,0,0,999,0.000,0
4,2,2022,17,0,,22.420,15.610,65.000,89238.930,400.028,1367.219,352.232,312.500,671.551,116.619,37500.000,63797.391,12828.082,127.264,999,1.170,5.000,99,9999,99999,9,999999999,0.000,0.999,0,0,999,0.000,0
4,2,2022,18,0,,21.440,15.380,68.000,89238.930,80.335,1367.219,347.017,101.760,215.252,89.939,12211.200,20448.981,9893.239,521.282,999,0.370,7.000,99,9999,99999,9,999999999,0.000,0.999,0,0,999,0.000,0
4,2,2022,19,0,,20.740,15.220,70.000,89238.930,0.000,1367.219,343.159,0.000,0.000,0.000,0.000,0.000,0.000,-0.000,999,0.250,7.000,99,9999,99999,9,999999999,0.000,0.999,0,0,999,0.000,0
4,2,2022,20,0,,20.040,15.050,72.000,89238.930,0.000,1367.219,339.285,0.000,0.000,0.000,0.000,0.000,0.000,-0.000,999,0.170,6.000,99,9999,99999,9,999999999,0.000,0.999,0,0,999,0.000,0
4,2,2022,21,0,,19.340,14.880,75.000,89238.930,0.000,1367.219,336.044,0.000,0.000,0.000,0.000,0.000,0.000,-0.000,999,0.230,6.000,99,9999,99999,9,999999999,0.000,0.999,0,0,999,0.000,0
4,2,2022,22,0,,18.630,14.710,77.000,89238.930,0.000,1367.219,332.052,0.000,0.000,0.000,0.000,0.000,0.000,-0.000,999,0.100,6.000,99,9999,99999,9,999999999,0.000,0.999,0,0,999,0.000,0
4,2,2022,23,0,,17.930,14.540,80.000,89238.930,0.000,1367.219,328.721,0.000,0.000,0.000,0.000,0.000,0.000,-0.000,999,0.170,5.000,99,9999,99999,9,999999999,0.000,0.999,0,0,999,0.000,0
4,2,2022,24,0,,17.230,13.860,80.000,89238.930,0.000,1367.219,323.633,0.000,0.000,0.000,0.000,0.000,0.000,-0.000,999,1.630,5.000,99,9999,99999,9,999999999,0.000,0.999,0,0,999,0.000,0
4,3,2022,1,0,,16.880,13.830,82.000,89238.930,0.000,1367.219,322.247,0.000,0.000,0.000,0.000,0.000,0.000,-0.000,999,2.780,4.000,99,9999,99999,9,999999999,0.000,0.999,0,0,999,0.000,0
4,3,2022,2,0,,16.530,13.790,83.000,89238.930,0.000,1367.219,320.286,0.000,0.000,0.000,0.000,0.000,0.000,-0.000,999,1.820,4.000,99,9999,99999,9,999999999,0.000,0.999,0,0,999,0.000,0
4,3,2022,3,0,,16.180,13.750,85.000,89238.930,0.000,1367.219,318.865,0.000,0.000,0.000,0.000,0.000,0.000,-0.000,999,1.770,4.000,99,9999,99999,9,999999999,0.000,0.999,0,0,999,0.000,0
4,3,2022,4,0,,15.830,13.720,87.000,89238.930,0.000,1366.411,317.420,0.000,0.000,0.000,0.000,0.000,0.000,-0.000,999,1.030,3.000,99,9999,99999,9,999999999,0.000,0.999,0,0,999,0.000,0
4,3,2022,5,0,,15.480,13.680,89.000,89238.930,0.000,1366.411,315.953,0.000,0.000,0.000,0.000,0.000,0.000,-0.000,999,1.410,3.000,99,9999,99999,9,999999999,0.000,0.999,0,0,999,0.000,0
4,3,2022,6,0,,15.210,13.660,90.000,89238.930,0.000,1366.411,314.538,0.000,0.000,0.000,0.000,0.000,0.000,-0.000,999,0.820,3.000,99,9999,99999,9,999999999,0.000,0.999,0,0,999,0.000,0
4,3,2022,7,0,,14.970,13.630,91.000,89238.930,171.554,1366.411,313.332,1.130,0.000,1.130,135.600,0.000,124.300,2.914,999,0.620,2.000,99,9999,99999,9,999999999,0.000,0.999,0,0,999,0.000,0
4,3,2022,8,0,,14.740,13.610,92.000,89238.930,486.254,1366.411,312.195,202.300,117.219,160.670,24276.000,11135.806,17673.665,144.003,999,0.380,2.000,99,9999,99999,9,999999999,0.000,0.999,0,0,999,0.000,0
4,3,2022,9,0,,19.780,14.120,69.000,89238.930,766.192,1366.411,335.304,474.150,454.299,219.572,56898.000,43158.452,24152.910,124.723,999,0.790,0.000,99,9999,99999,9,999999999,0.000,0.999,0,0,999,0.000,0
4,3,2022,10,0,,21.530,14.290,63.000,89238.930,991.080,1366.411,343.927,691.610,586.101,266.614,82993.200,55679.590,29327.541,117.036,999,1.670,0.000,99,9999,99999,9,999999999,0.000,0.999,0,0,999,0.000,0
4,3,2022,11,0,,22.500,14.380,60.000,89238.930,1145.412,1366.411,348.833,715.790,395.413,384.371,85894.800,37564.278,42280.762,145.973,999,2.120,2.000,99,9999,99999,9,999999999,0.000,0.999,0,0,999,0.000,0
4,3,2022,12,0,,22.970,14.430,58.000,89238.930,1218.614,1366.411,350.708,679.380,228.174,475.902,81525.600,21676.513,52349.200,169.870,999,3.500,5.000,99,9999,99999,9,999999999,0.000,0.999,0,0,999,0.000,0
4,3,2022,13,0,,23.070,14.440,58.000,89238.930,1205.674,1366.411,351.469,592.150,170.827,441.431,71058.000,16228.536,48557.402,159.258,999,5.650,7.000,99,9999,99999,9,999999999,0.000,0.999,0,0,999,0.000,0
4,3,2022,14,0,,23.330,14.470,57.000,89238.930,1107.473,1366.411,352.576,683.590,373.300,381.078,82030.800,35463.480,41918.545,149.685,999,7.720,5.000,99,9999,99999,9,999999999,0.000,0.999,0,0,999,0.000,0
4,3,2022,15,0,,22.750,14.410,59.000,89238.930,930.723,1366.411,349.891,394.140,90.777,332.329,47296.800,8623.817,36556.161,155.355,999,7.670,8.000,99,9999,99999,9,999999999,0.000,0.999,0,0,999,0.000,0
4,3,2022,16,0,,21.850,14.320,62.000,89238.930,687.535,1366.411,345.547,233.900,33.504,217.056,28068.000,3182.908,23876.185,137.431,999,5.970,8.000,99,9999,99999,9,999999999,0.000,0.999,0,0,999,0.000,0
4,3,2022,17,0,,21.230,14.260,64.000,89238.930,394.751,1366.411,342.449,271.330,473.344,135.015,32559.600,44967.727,14851.647,149.233,999,3.200,6.000,99,9999,99999,9,999999999,0.000,0.999,0,0,999,0.000,0
4,3,2022,18,0,,20.270,14.160,67.000,89238.930,75.556,1366.411,337.518,76.190,0.000,76.190,9142.800,0.000,8380.900,472.797,999,0.820,8.000,99,9999,99999,9,999999999,0.000,0.999,0,0,999,0.000,0
4,3,2022,19,0,,19.660,14.100,70.000,89238.930,0.000,1366.411,335.106,0.000,0.000,0.000,0.000,0.000,0.000,-0.000,999,0.800,8.000,99,9999,99999,9,999999999,0.000,0.999,0,0,999,0.000,0
4,3,2022,20,0,,19.060,14.040,72.000,89238.930,0.000,1366.411,332.029,0.000,0.000,0.000,0.000,0.000,0.000,-0.000,999,0.660,8.000,99,9999,99999,9,999999999,0.000,0.999,0,0,999,0.000,0
4,3,2022,21,0,,18.450,13.980,75.000,89238.930,0.000,1366.411,329.489,0.000,0.000,0.000,0.000,0.000,0.000,-0.000,999,0.870,8.000,99,9999,99999,9,999999999,0.000,0.999,0,0,999,0.000,0
4,3,2022,22,0,,17.850,13.920,77.000,89238.930,0.000,1366.411,326.350,0.000,0.000,0.000,0.000,0.000,0.000,-0.000,999,1.050,7.000,99,9999,99999,9,999999999,0.000,0.999,0,0,999,0.000,0
4,3,2022,23,0,,17.240,13.860,80.000,89238.930,0.000,1366.411,323.705,0.000,0.000,0.000,0.000,0.000,0.000,-0.000,999,0.370,7.000,99,9999,99999,9,999999999,0.000,0.999,0,0,999,0.000,0
4,3,2022,24,0,,16.640,12.570,76.000,89238.930,0.000,1366.411,317.060,0.000,0.000,0.000,0.000,0.000,0.000,-0.000,999,0.190,7.000,99,9999,99999,9,999999999,0.000,0.999,0,0,999,0.000,0
4,4,2022,1,0,,16.340,12.600,78.000,89238.930,0.000,1366.411,316.106,0.000,0.000,0.000,0.000,0.000,0.000,-0.000,999,0.620,7.000,99,9999,99999,9,999999999,0.000,0.999,0,0,999,0.000,0
4,4,2022,2,0,,16.030,12.640,80.000,89238.930,0.000,1366.411,315.052,0.000,0.000,0.000,0.000,0.000,0.000,-0.000,999,0.560,7.000,99,9999,99999,9,999999999,0.000,0.999,0,0,999,0.000,0
4,4,2022,3,0,,15.730,12.680,82.000,89238.930,0.000,1366.411,314.040,0.000,0.000,0.000,0.000,0.000,0.000,-0.000,999,0.860,7.000,99,9999,99999,9,999999999,0.000,0.999,0,0,999,0.000,0
4,4,2022,4,0,,15.430,12.710,83.000,89238.930,0.000,1365.603,312.466,0.000,0.000,0.000,0.000,0.000,0.000,-0.000,999,0.720,7.000,99,9999,99999,9,999999999,0.000,0.999,0,0,999,0.000,0
4,4,2022,5,0,,15.130,12.750,85.000,89238.930,0.000,1365.603,311.417,0.000,0.000,0.000,0.000,0.000,0.000,-0.000,999,0.770,6.000,99,9999,99999,9,999999999,0.000,0.999,0,0,999,0.000,0
4,4,2022,6,0,,14.890,12.780,87.000,89238.930,0.000,1365.603,310.765,0.000,0.000,0.000,0.000,0.000,0.000,-0.000,999,0.690,6.000,99,9999,99999,9,999999999,0.000,0.999,0,0,999,0.000,0
4,4,2022,7,0,,14.690,12.800,88.000,89238.930,169.666,1365.603,309.868,0.130,0.000,0.130,15.600,0.000,14.300,0.339,999,0.440,6.000,99,9999,99999,9,999999999,0.000,0.999,0,0,999,0.000,0
4,4,2022,8,0,,14.490,12.830,89.000,89238.930,483.831,1365.603,308.967,168.330,60.545,146.923,20199.600,5751.729,16161.478,132.266,999,0.450,6.000,99,9999,99999,9,999999999,0.000,0.999,0,0,999,0.000,0
4,4,2022,9,0,,19.160,12.260,64.000,89238.930,763.197,1365.603,327.212,418.330,288.345,257.286,50199.600,27392.820,28301.434,146.634,999,1.190,1.000,99,9999,99999,9,999999999,0.000,0.999,0,0,999,0.000,0
4,4,2022,10,0,,20.960,12.030,56.000,89238.930,987.498,1365.603,333.999,633.030,465.593,296.440,75963.600,44231.296,32608.390,130.524,999,1.290,0.000,99,9999,99999,9,999999999,0.000,0.999,0,0,999,0.000,0
4,4,2022,11,0,,22.490,11.840,50.000,89238.930,1141.267,1365.603,339.791,791.960,538.220,342.214,95035.200,51130.861,37643.552,130.359,999,2.120,0.000,99,9999,99999,9,999999999,0.000,0.999,0,0,999,0.000,0
4,4,2022,12,0,,23.710,11.680,46.000,89238.930,1213.968,1365.603,344.762,888.680,647.291,313.308,106641.600,61492.636,34463.917,112.195,999,2.120,0.000,99,9999,99999,9,999999999,0.000,0.999,0,0,999,0.000,0
4,4,2022,13,0,,24.590,11.570,44.000,89238.930,1200.625,1365.603,349.139,911.160,770.872,233.475,109339.200,73232.843,25682.277,84.537,999,3.260,0.000,99,9999,99999,9,999999999,0.000,0.999,0,0,999,0.000,0
4,4,2022,14,0,,25.090,11.500,42.000,89238.930,1102.145,1365.603,350.572,857.240,891.386,137.937,102868.800,84681.641,15173.096,54.411,999,3.920,0.000,99,9999,99999,9,999999999,0.000,0.999,0,0,999,0.000,0
4,4,2022,15,0,,25.240,11.480,42.000,89238.930,925.261,1365.603,351.701,738.520,807.329,191.706,88622.400,76696.227,21087.633,90.094,999,2.930,0.000,99,9999,99999,9,999999999,0.000,0.999,0,0,999,0.000,0
4,4,2022,16,0,,24.870,11.530,43.000,89238.930,682.094,1365.603,350.095,552.740,703.916,201.456,66328.800,66872.055,22160.130,128.497,999,2.130,0.000,99,9999,99999,9,999999999,0.000,0.999,0,0,999,0.000,0
4,4,2022,17,0,,23.950,11.650,46.000,89238.930,389.492,1365.603,346.553,324.800,687.025,129.486,38976.000,65267.334,14243.512,144.982,999,1.510,4.000,99,9999,99999,9,999999999,0.000,0.999,0,0,999,0.000,0
4,4,2022,18,0,,22.620,11.820,50.000,89238.930,70.823,1365.603,340.752,85.160,0.000,85.160,10219.200,0.000,9367.600,568.410,999,0.930,8.000,99,9999,99999,9,999999999,0.000,0.999,0,0,999,0.000,0
4,4,2022,19,0,,21.660,11.940,53.000,89238.930,0.000,1365.603,336.493,0.000,0.000,0.000,0.000,0.000,0.000,-0.000,999,0.560,8.000,99,9999,99999,9,999999999,0.000,0.999,0,0,999,0.000,0
4,4,2022,20,0,,20.710,12.060,57.000,89238.930,0.000,1365.603,333.015,0.000,0.000,0.000,0.000,0.000,0.000,-0.000,999,0.380,8.000,99,9999,99999,9,999999999,0.000,0.999,0,0,999,0.000,0
4,4,2022,21,0,,19.750,12.180,61.000,89238.930,0.000,1365.603,329.235,0.000,0.000,0.000,0.000,0.000,0.000,-0.000,999,0.280,8.000,99,9999,99999,9,999999999,0.000,0.999,0,0,999,0.000,0
4,4,2022,22,0,,18.800,12.300,65.000,89238.930,0.000,1365.603,325.335,0.000,0.000,0.000,0.000,0.000,0.000,-0.000,999,0.170,7.000,99,9999,99999,9,999999999,0.000,0.999,0,0,999,0.000,0
4,4,2022,23,0,,17.840,12.420,70.000,89238.930,0.000,1365.603,321.865,0.000,0.000,0.000,0.000,0.000,0.000,-0.000,999,0.130,7.000,99,9999,99999,9,999999999,0.000,0.999,0,0,999,0.000,0
4,4,2022,24,0,,16.880,12.740,76.000,89238.930,0.000,1365.603,318.768,0.000,0.000,0.000,0.000,0.000,0.000,-0.000,999,0.100,7.000,99,9999,99999,9,999999999,0.000,0.999,0,0,999,0.000,0
4,5,2022,1,0,,16.410,12.660,78.000,89238.930,0.000,1365.603,316.603,0.000,0.000,0.000,0.000,0.000,0.000,-0.000,999,0.120,7.000,99,9999,99999,9,999999999,0.000,0.999,0,0,999,0.000,0
4,5,2022,2,0,,15.930,12.580,80.000,89238.930,0.000,1365.603,314.345,0.000,0.000,0.000,0.000,0.000,0.000,-0.000,999,0.060,7.000,99,9999,99999,9,999999999,0.000,0.999,0,0,999,0.000,0
4,5,2022,3,0,,15.450,12.500,82.000,89238.930,0.000,1365.603,312.066,0.000,0.000,0.000,0.000,0.000,0.000,-0.000,999,0.060,7.000,99,9999,99999,9,999999999,0.000,0.999,0,0,999,0.000,0
4,5,2022,4,0,,14.970,12.420,84.000,89238.930,0.000,1364.797,309.770,0.000,0.000,0.000,0.000,0.000,0.000,-0.000,999,0.060,7.000,99,9999,99999,9,999999999,0.000,0.999,0,0,999,0.000,0
4,5,2022,5,0,,14.490,12.340,86.000,89238.930,0.000,1364.797,307.457,0.000,0.000,0.000,0.000,0.000,0.000,-0.000,999,0.140,6.000,99,9999,99999,9,999999999,0.000,0.999,0,0,999,0.000,0
4,5,2022,6,0,,14.120,12.280,88.000,89238.930,0.000,1364.797,305.892,0.000,0.000,0.000,0.000,0.000,0.000,-0.000,999,0.160,6.000,99,9999,99999,9,999999999,0.000,0.999,0,0,999,0.000,0
4,5,2022,7,0,,13.810,12.220,90.000,89238.930,167.772,1364.797,304.723,0.100,0.000,0.100,12.000,0.000,11.000,0.264,999,0.320,6.000,99,9999,99999,9,999999999,0.000,0.999,0,0,999,0.000,0
4,5,2022,8,0,,13.490,12.170,91.000,89238.930,481.390,1364.797,302.992,156.140,32.672,144.639,18736.800,3103.859,15910.335,130.796,999,0.230,6.000,99,9999,99999,9,999999999,0.000,0.999,0,0,999,0.000,0
4,5,2022,9,0,,19.030,13.090,68.000,89238.930,760.175,1364.797,329.110,399.860,248.388,261.601,47983.200,23596.852,28776.119,149.598,999,0.420,3.000,99,9999,99999,9,999999999,0.000,0.999,0,0,999,0.000,0
4,5,2022,10,0,,21.160,13.430,61.000,89238.930,983.883,1364.797,339.588,598.550,391.440,316.437,71826.000,37186.775,34808.121,139.759,999,0.400,1.000,99,9999,99999,9,999999999,0.000,0.999,0,0,999,0.000,0
4,5,2022,11,0,,22.740,13.680,56.000,89238.930,1137.087,1364.797,347.217,703.200,333.031,425.770,84384.000,31637.951,46834.649,162.688,999,0.580,3.000,99,9999,99999,9,999999999,0.000,0.999,0,0,999,0.000,0
4,5,2022,12,0,,23.820,13.850,53.000,89238.930,1209.289,1364.797,352.646,734.210,334.638,437.725,88105.200,31790.639,48149.739,157.262,999,0.740,4.000,99,9999,99999,9,999999999,0.000,0.999,0,0,999,0.000,0
4,5,2022,13,0,,24.730,13.990,51.000,89238.930,1195.548,1364.797,357.656,792.320,455.566,393.284,95078.400,43278.813,43261.248,142.921,999,1.490,3.000,99,9999,99999,9,999999999,0.000,0.999,0,0,999,0.000,0
4,5,2022,14,0,,25.250,14.070,49.000,89238.930,1096.798,1364.797,359.609,747.740,529.887,321.973,89728.800,50339.295,35416.998,127.550,999,1.300,3.000,99,9999,99999,9,999999999,0.000,0.999,0,0,999,0.000,0
4,5,2022,15,0,,25.420,14.100,49.000,89238.930,919.791,1364.797,360.922,660.940,736.444,164.796,79312.800,69962.199,18127.542,77.862,999,2.250,3.000,99,9999,99999,9,999999999,0.000,0.999,0,0,999,0.000,0
4,5,2022,16,0,,25.010,14.030,50.000,89238.930,676.659,1364.797,358.797,489.250,705.850,139.607,58710.000,67055.735,15356.799,89.711,999,2.500,4.000,99,9999,99999,9,999999999,0.000,0.999,0,0,999,0.000,0
4,5,2022,17,0,,24.040,13.890,53.000,89238.930,384.253,1364.797,354.324,298.770,661.913,113.034,35852.400,62881.765,12433.689,128.222,999,1.950,5.000,99,9999,99999,9,999999999,0.000,0.999,0,0,999,0.000,0
4,5,2022,18,0,,22.550,13.650,57.000,89238.930,66.142,1364.797,346.663,76.520,0.000,76.520,9182.400,0.000,8417.200,552.247,999,1.270,8.000,99,9999,99999,9,999999999,0.000,0.999,0,0,999,0.000,0
4,5,2022,19,0,,21.600,13.500,59.000,89238.930,0.000,1364.797,341.241,0.000,0.000,0.000,0.000,0.000,0.000,-0.000,999,0.920,8.000,99,9999,99999,9,999999999,0.000,0.999,0,0,999,0.000,0
4,5,2022,20,0,,20.640,13.350,62.000,89238.930,0.000,1364.797,336.522,0.000,0.000,0.000,0.000,0.000,0.000,-0.000,999,0.370,8.000,99,9999,99999,9,999999999,0.000,0.999,0,0,999,0.000,0
4,5,2022,21,0,,19.680,13.200,66.000,89238.930,0.000,1364.797,332.448,0.000,0.000,0.000,0.000,0.000,0.000,-0.000,999,0.270,8.000,99,9999,99999,9,999999999,0.000,0.999,0,0,999,0.000,0
4,5,2022,22,0,,18.720,13.040,69.000,89238.930,0.000,1364.797,327.542,0.000,0.000,0.000,0.000,0.000,0.000,-0.000,999,0.220,8.000,99,9999,99999,9,999999999,0.000,0.999,0,0,999,0.000,0
4,5,2022,23,0,,17.770,12.890,73.000,89238.930,0.000,1364.797,323.296,0.000,0.000,0.000,0.000,0.000,0.000,-0.000,999,0.150,8.000,99,9999,99999,9,999999999,0.000,0.999,0,0,999,0.000,0
4,5,2022,24,0,,16.810,13.820,87.000,89238.930,0.000,1364.797,324.474,0.000,0.000,0.000,0.000,0.000,0.000,-0.000,999,0.560,8.000,99,9999,99999,9,999999999,0.020,0.999,0,0,999,0.020,99
4,6,2022,1,0,,16.330,13.750,84.000,89238.930,0.000,1364.797,319.399,0.000,0.000,0.000,0.000,0.000,0.000,-0.000,999,0.380,8.000,99,9999,99999,9,999999999,0.000,0.999,0,0,999,0.000,0
4,6,2022,2,0,,15.850,13.670,86.000,89238.930,0.000,1364.797,317.039,0.000,0.000,0.000,0.000,0.000,0.000,-0.000,999,0.380,8.000,99,9999,99999,9,999999999,0.000,0.999,0,0,999,0.000,0
4,6,2022,3,0,,15.370,13.600,89.000,89238.930,0.000,1364.797,315.171,0.000,0.000,0.000,0.000,0.000,0.000,-0.000,999,0.380,8.000,99,9999,99999,9,999999999,0.000,0.999,0,0,999,0.000,0
4,6,2022,4,0,,14.900,13.530,91.000,89238.930,0.000,1363.992,312.837,0.000,0.000,0.000,0.000,0.000,0.000,-0.000,999,0.380,8.000,99,9999,99999,9,999999999,0.000,0.999,0,0,999,0.000,0
4,6,2022,5,0,,14.420,13.460,93.000,89238.930,0.000,1363.992,310.421,0.000,0.000,0.000,0.000,0.000,0.000,-0.000,999,0.380,8.000,99,9999,99999,9,999999999,0.000,0.999,0,0,999,0.000,0
4,6,2022,6,0,,14.050,13.410,95.000,89238.930,0.000,1363.992,308.765,0.000,0.000,0.000,0.000,0.000,0.000,-0.000,999,0.380,8.000,99,9999,99999,9,999999999,0.000,0.999,0,0,999,0.000,0
4,6,2022,7,0,,13.730,13.360,97.000,89238.930,165.871,1363.992,307.442,0.000,0.000,0.000,0.000,0.000,0.000,0.000,999,0.380,8.000,99,9999,99999,9,999999999,0.000,0.999,0,0,999,0.000,0
4,6,2022,8,0,,13.420,13.310,99.000,89238.930,478.931,1363.992,306.172,65.050,0.000,65.050,7806.000,0.000,7155.500,59.093,999,0.380,8.000,99,9999,99999,9,999999999,0.000,0.999,0,0,999,0.000,0
4,6,2022,9,0,,15.820,13.670,87.000,89238.930,757.126,1363.992,317.348,149.470,2.015,148.352,17936.400,191.471,16318.718,85.128,999,0.380,8.000,99,9999,99999,9,999999999,0.000,0.999,0,0,999,0.000,0
4,6,2022,10,0,,17.700,13.950,78.000,89238.930,980.236,1363.992,325.862,358.140,66.777,310.164,42976.800,6343.774,34118.048,137.418,999,0.380,8.000,99,9999,99999,9,999999999,0.000,0.999,0,0,999,0.000,0
4,6,2022,11,0,,19.940,14.270,69.000,89238.930,1132.873,1363.992,336.487,589.520,226.548,401.384,70742.400,21522.034,44152.249,153.850,999,0.380,5.000,99,9999,99999,9,999999999,0.000,0.999,0,0,999,0.000,0
4,6,2022,12,0,,21.480,14.490,64.000,89238.930,1204.579,1363.992,344.326,634.040,225.206,435.171,76084.800,21394.601,47868.767,156.864,999,0.380,6.000,99,9999,99999,9,999999999,0.000,0.999,0,0,999,0.000,0
4,6,2022,13,0,,23.100,14.720,59.000,89238.930,1190.445,1363.992,352.557,794.090,447.858,403.251,95290.800,42546.504,44357.609,147.085,999,0.760,3.000,99,9999,99999,9,999999999,0.000,0.999,0,0,999,0.000,0
4,6,2022,14,0,,23.730,14.800,57.000,89238.930,1091.435,1363.992,355.639,626.350,290.667,393.804,75162.000,27613.346,43318.390,156.681,999,1.620,6.000,99,9999,99999,9,999999999,0.000,0.999,0,0,999,0.000,0
4,6,2022,15,0,,23.780,14.810,57.000,89238.930,914.317,1363.992,356.023,479.100,213.474,336.054,57492.000,20280.063,36965.988,159.636,999,2.290,7.000,99,9999,99999,9,999999999,0.000,0.999,0,0,999,0.000,0
4,6,2022,16,0,,22.920,14.690,64.000,89238.930,671.233,1363.992,355.289,257.510,74.987,220.642,30901.200,7123.737,24270.633,142.848,999,1.360,8.000,99,9999,99999,9,999999999,0.010,0.999,0,0,999,0.010,99
4,6,2022,17,0,,22.050,14.570,67.000,89238.930,379.038,1363.992,350.923,212.300,436.745,91.350,25476.000,41490.744,10048.555,104.999,999,0.590,8.000,99,9999,99999,9,999999999,0.040,0.999,0,0,999,0.040,99
4,6,2022,18,0,,20.800,14.390,71.000,89238.930,61.515,1363.992,344.308,55.390,0.000,55.390,6646.800,0.000,6092.900,434.863,999,0.380,8.000,99,9999,99999,9,999999999,0.140,0.999,0,0,999,0.140,99
4,6,2022,19,0,,20.060,14.290,74.000,89238.930,0.000,1363.992,340.766,0.000,0.000,0.000,0.000,0.000,0.000,-0.000,999,0.380,8.000,99,9999,99999,9,999999999,0.010,0.999,0,0,999,0.010,99
4,6,2022,20,0,,19.320,14.180,77.000,89238.930,0.000,1363.992,337.161,0.000,0.000,0.000,0.000,0.000,0.000,-0.000,999,0.380,8.000,99,9999,99999,9,999999999,0.070,0.999,0,0,999,0.070,99
4,6,2022,21,0,,18.590,14.080,85.000,89238.930,0.000,1363.992,336.476,0.000,0.000,0.000,0.000,0.000,0.000,-0.000,999,0.380,8.000,99,9999,99999,9,999999999,2.710,0.999,0,0,999,2.710,99
4,6,2022,22,0,,17.850,13.970,78.000,89238.930,0.000,1363.992,326.952,0.000,0.000,0.000,0.000,0.000,0.000,-0.000,999,0.380,8.000,99,9999,99999,9,999999999,0.000,0.999,0,0,999,0.000,0
4,6,2022,23,0,,17.110,13.860,81.000,89238.930,0.000,1363.992,323.340,0.000,0.000,0.000,0.000,0.000,0.000,-0.000,999,0.380,8.000,99,9999,99999,9,999999999,0.000,0.999,0,0,999,0.000,0
4,6,2022,24,0,,16.380,13.820,88.000,89238.930,0.000,1363.992,321.889,0.000,0.000,0.000,0.000,0.000,0.000,-0.000,999,0.140,8.000,99,9999,99999,9,999999999,0.090,0.999,0,0,999,0.090,99
4,7,2022,1,0,,16.010,13.790,89.000,89238.930,0.000,1363.992,319.743,0.000,0.000,0.000,0.000,0.000,0.000,-0.000,999,0.140,8.000,99,9999,99999,9,999999999,0.020,0.999,0,0,999,0.020,99
4,7,2022,2,0,,15.640,13.770,87.000,89238.930,0.000,1363.992,316.066,0.000,0.000,0.000,0.000,0.000,0.000,-0.000,999,0.140,8.000,99,9999,99999,9,999999999,0.000,0.999,0,0,999,0.000,0
4,7,2022,3,0,,15.270,13.750,88.000,89238.930,0.000,1363.992,313.954,0.000,0.000,0.000,0.000,0.000,0.000,-0.000,999,0.140,8.000,99,9999,99999,9,999999999,0.000,0.999,0,0,999,0.000,0
4,7,2022,4,0,,14.900,13.730,90.000,89238.930,0.000,1363.188,312.344,0.000,0.000,0.000,0.000,0.000,0.000,-0.000,999,0.140,8.000,99,9999,99999,9,999999999,0.000,0.999,0,0,999,0.000,0
4,7,2022,5,0,,14.540,13.710,92.000,89238.930,0.000,1363.188,310.785,0.000,0.000,0.000,0.000,0.000,0.000,-0.000,999,0.140,8.000,99,9999,99999,9,999999999,0.000,0.999,0,0,999,0.000,0
4,7,2022,6,0,,14.250,13.690,99.000,89238.930,0.000,1363.188,312.002,0.000,0.000,0.000,0.000,0.000,0.000,-0.000,999,0.140,8.000,99,9999,99999,9,999999999,0.010,0.999,0,0,999,0.010,99
4,7,2022,7,0,,14.010,13.670,95.000,89238.930,163.963,1363.188,308.484,0.000,0.000,0.000,0.000,0.000,0.000,0.000,999,0.140,8.000,99,9999,99999,9,999999999,0.000,0.999,0,0,999,0.000,0
4,7,2022,8,0,,13.770,13.660,97.000,89238.930,476.453,1363.188,307.722,111.690,0.000,111.690,13402.800,0.000,12285.900,101.931,999,0.140,8.000,99,9999,99999,9,999999999,0.000,0.999,0,0,999,0.000,0
4,7,2022,9,0,,17.260,13.870,84.000,89238.930,754.051,1363.188,326.115,199.410,3.559,197.443,23929.200,338.078,21718.708,113.693,999,0.140,8.000,99,9999,99999,9,999999999,0.010,0.999,0,0,999,0.010,99
4,7,2022,10,0,,18.020,13.910,75.000,89238.930,976.557,1363.188,326.357,256.200,9.257,249.570,30744.000,879.413,27452.739,110.923,999,0.140,8.000,99,9999,99999,9,999999999,0.000,0.999,0,0,999,0.000,0
4,7,2022,11,0,,19.700,14.010,68.000,89238.930,1128.627,1363.188,334.016,488.730,108.411,398.985,58647.600,10299.061,43888.357,153.416,999,0.240,7.000,99,9999,99999,9,999999999,0.000,0.999,0,0,999,0.000,0
4,7,2022,12,0,,20.690,14.070,65.000,89238.930,1199.839,1363.188,339.173,485.270,78.256,416.398,58232.400,7434.285,45803.732,150.601,999,0.520,8.000,99,9999,99999,9,999999999,0.000,0.999,0,0,999,0.000,0
4,7,2022,13,0,,22.360,14.170,59.000,89238.930,1185.319,1363.188,346.939,753.410,397.909,407.453,90409.200,37801.314,44819.881,149.173,999,0.920,4.000,99,9999,99999,9,999999999,0.000,0.999,0,0,999,0.000,0
4,7,2022,14,0,,24.030,14.260,54.000,89238.930,1086.058,1363.188,355.195,900.950,709.061,336.133,108114.000,67360.837,36974.683,134.319,999,1.630,0.000,99,9999,99999,9,999999999,0.000,0.999,0,0,999,0.000,0
4,7,2022,15,0,,24.540,14.290,52.000,89238.930,908.841,1363.188,357.187,639.500,557.149,268.184,76740.000,52929.111,29500.248,128.089,999,1.370,3.000,99,9999,99999,9,999999999,0.000,0.999,0,0,999,0.000,0
4,7,2022,16,0,,24.790,14.310,52.000,89238.930,665.819,1363.188,359.112,580.370,698.540,239.502,69644.400,66361.299,26345.257,156.230,999,1.430,0.000,99,9999,99999,9,999999999,0.000,0.999,0,0,999,0.000,0
4,7,2022,17,0,,24.170,14.270,53.000,89238.930,373.849,1363.188,355.319,326.990,710.766,132.754,39238.800,67522.801,14602.912,154.630,999,1.150,3.000,99,9999,99999,9,999999999,0.000,0.999,0,0,999,0.000,0
4,7,2022,18,0,,22.810,14.190,67.000,89238.930,56.947,1363.188,356.769,82.970,0.000,82.970,9956.400,0.000,9126.700,713.630,999,0.220,8.000,99,9999,99999,9,999999999,1.830,0.999,0,0,999,1.830,99
4,7,2022,19,0,,22.070,14.150,65.000,89238.930,0.000,1363.188,349.559,0.000,0.000,0.000,0.000,0.000,0.000,-0.000,999,0.140,8.000,99,9999,99999,9,999999999,0.040,0.999,0,0,999,0.040,99
4,7,2022,20,0,,21.330,14.110,62.000,89238.930,0.000,1363.188,341.646,0.000,0.000,0.000,0.000,0.000,0.000,-0.000,999,0.140,8.000,99,9999,99999,9,999999999,0.000,0.999,0,0,999,0.000,0
4,7,2022,21,0,,20.590,14.060,65.000,89238.930,0.000,1363.188,338.430,0.000,0.000,0.000,0.000,0.000,0.000,-0.000,999,0.140,8.000,99,9999,99999,9,999999999,0.000,0.999,0,0,999,0.000,0
4,7,2022,22,0,,19.860,14.020,68.000,89238.930,0.000,1363.188,335.195,0.000,0.000,0.000,0.000,0.000,0.000,-0.000,999,0.140,8.000,99,9999,99999,9,999999999,0.000,0.999,0,0,999,0.000,0
4,7,2022,23,0,,19.120,13.980,71.000,89238.930,0.000,1363.188,331.806,0.000,0.000,0.000,0.000,0.000,0.000,-0.000,999,0.140,8.000,99,9999,99999,9,999999999,0.000,0.999,0,0,999,0.000,0
4,7,2022,24,0,,18.380,16.220,86.000,89238.930,0.000,1363.188,335.472,0.000,0.000,0.000,0.000,0.000,0.000,-0.000,999,0.140,8.000,99,9999,99999,9,999999999,0.000,0.999,0,0,999,0.000,0
4,8,2022,1,0,,18.010,16.140,88.000,89238.930,0.000,1363.188,333.821,0.000,0.000,0.000,0.000,0.000,0.000,-0.000,999,0.140,8.000,99,9999,99999,9,999999999,0.000,0.999,0,0,999,0.000,0
4,8,2022,2,0,,17.640,16.060,94.000,89238.930,0.000,1363.188,334.218,0.000,0.000,0.000,0.000,0.000,0.000,-0.000,999,0.140,8.000,99,9999,99999,9,999999999,0.070,0.999,0,0,999,0.070,99
4,8,2022,3,0,,17.270,15.980,91.000,89238.930,0.000,1363.188,329.939,0.000,0.000,0.000,0.000,0.000,0.000,-0.000,999,0.140,8.000,99,9999,99999,9,999999999,0.000,0.999,0,0,999,0.000,0
4,8,2022,4,0,,16.900,15.900,97.000,89238.930,0.000,1362.387,330.221,0.000,0.000,0.000,0.000,0.000,0.000,-0.000,999,0.140,8.000,99,9999,99999,9,999999999,0.010,0.999,0,0,999,0.010,99
4,8,2022,5,0,,16.540,15.830,99.000,89238.930,0.000,1362.387,328.528,0.000,0.000,0.000,0.000,0.000,0.000,-0.000,999,0.140,8.000,99,9999,99999,9,999999999,0.010,0.999,0,0,999,0.010,99
4,8,2022,6,0,,16.250,15.760,95.000,89238.930,0.000,1362.387,324.481,0.000,0.000,0.000,0.000,0.000,0.000,-0.000,999,0.140,8.000,99,9999,99999,9,999999999,0.000,0.999,0,0,999,0.000,0
4,8,2022,7,0,,16.010,15.710,96.000,89238.930,162.048,1362.387,323.220,0.000,0.000,0.000,0.000,0.000,0.000,0.000,999,0.140,8.000,99,9999,99999,9,999999999,0.000,0.999,0,0,999,0.000,0
4,8,2022,8,0,,15.760,15.660,98.000,89238.930,473.957,1362.387,322.357,106.050,0.000,106.050,12726.000,0.000,11665.500,97.238,999,0.140,8.000,99,9999,99999,9,999999999,0.000,0.999,0,0,999,0.000,0
4,8,2022,9,0,,19.390,16.430,82.000,89238.930,750.949,1362.387,340.731,322.610,109.969,262.036,38713.200,10447.021,28823.941,151.423,999,0.140,6.000,99,9999,99999,9,999999999,0.000,0.999,0,0,999,0.000,0
4,8,2022,10,0,,21.690,16.900,74.000,89238.930,972.849,1362.387,353.157,622.430,462.752,292.082,74691.600,43961.476,32129.063,130.237,999,0.140,0.000,99,9999,99999,9,999999999,0.000,0.999,0,0,999,0.000,0
4,8,2022,11,0,,21.120,16.790,76.000,89238.930,1124.351,1362.387,350.117,213.850,39.584,181.187,25662.000,3760.482,19930.525,69.893,999,0.140,8.000,99,9999,99999,9,999999999,0.000,0.999,0,0,999,0.000,0
4,8,2022,12,0,,22.030,16.970,72.000,89238.930,1195.072,1362.387,354.395,585.580,181.111,426.725,70269.600,17205.572,46939.751,154.861,999,0.210,6.000,99,9999,99999,9,999999999,0.000,0.999,0,0,999,0.000,0
4,8,2022,13,0,,22.680,17.100,70.000,89238.930,1180.173,1362.387,357.997,601.920,137.035,483.224,72230.400,13018.334,53154.683,177.581,999,0.960,6.000,99,9999,99999,9,999999999,0.000,0.999,0,0,999,0.000,0
4,8,2022,14,0,,23.070,17.180,69.000,89238.930,1080.670,1362.387,360.297,568.450,166.775,436.184,68214.000,15843.603,47980.256,175.066,999,1.710,7.000,99,9999,99999,9,999999999,0.000,0.999,0,0,999,0.000,0
4,8,2022,15,0,,23.190,17.210,69.000,89238.930,903.366,1362.387,361.235,487.640,218.013,343.135,58516.800,20711.237,37744.833,164.784,999,2.250,7.000,99,9999,99999,9,999999999,0.000,0.999,0,0,999,0.000,0
4,8,2022,16,0,,22.950,17.160,69.000,89238.930,660.419,1362.387,359.361,365.670,324.743,208.400,43880.400,30850.578,22924.020,136.975,999,1.350,7.000,99,9999,99999,9,999999999,0.000,0.999,0,0,999,0.000,0
4,8,2022,17,0,,21.970,16.960,73.000,89238.930,368.690,1362.387,354.630,90.000,0.000,90.000,10800.000,0.000,9900.000,106.246,999,0.520,8.000,99,9999,99999,9,999999999,0.000,0.999,0,0,999,0.000,0
4,8,2022,18,0,,21.080,16.780,76.000,89238.930,52.443,1362.387,349.810,55.590,0.000,55.590,6670.800,0.000,6114.900,528.217,999,0.270,8.000,99,9999,99999,9,999999999,0.000,0.999,0,0,999,0.000,0
4,8,2022,19,0,,20.590,16.680,82.000,89238.930,0.000,1362.387,349.851,0.000,0.000,0.000,0.000,0.000,0.000,-0.000,999,0.140,8.000,99,9999,99999,9,999999999,0.020,0.999,0,0,999,0.020,99
4,8,2022,20,0,,20.110,16.580,84.000,89238.930,0.000,1362.387,347.374,0.000,0.000,0.000,0.000,0.000,0.000,-0.000,999,0.140,8.000,99,9999,99999,9,999999999,0.040,0.999,0,0,999,0.040,99
4,8,2022,21,0,,19.620,16.480,86.000,89238.930,0.000,1362.387,344.803,0.000,0.000,0.000,0.000,0.000,0.000,-0.000,999,0.140,8.000,99,9999,99999,9,999999999,0.140,0.999,0,0,999,0.140,99
4,8,2022,22,0,,19.130,16.380,93.000,89238.930,0.000,1362.387,344.927,0.000,0.000,0.000,0.000,0.000,0.000,-0.000,999,0.140,8.000,99,9999,99999,9,999999999,2.710,0.999,0,0,999,2.710,99
4,8,2022,23,0,,18.650,16.280,85.000,89238.930,0.000,1362.387,336.924,0.000,0.000,0.000,0.000,0.000,0.000,-0.000,999,0.140,8.000,99,9999,99999,9,999999999,0.000,0.999,0,0,999,0.000,0
4,8,2022,24,0,,18.160,16.180,92.000,89238.930,0.000,1362.387,337.069,0.000,0.000,0.000,0.000,0.000,0.000,-0.000,999,0.140,8.000,99,9999,99999,9,999999999,0.090,0.999,0,0,999,0.090,99
4,9,2022,1,0,,17.920,16.200,99.000,89238.930,0.000,1362.387,338.806,0.000,0.000,0.000,0.000,0.000,0.000,-0.000,999,0.140,8.000,99,9999,99999,9,999999999,3.610,0.999,0,0,999,3.610,99
4,9,2022,2,0,,17.670,16.220,95.000,89238.930,0.000,1362.387,334.947,0.000,0.000,0.000,0.000,0.000,0.000,-0.000,999,0.140,8.000,99,9999,99999,9,999999999,0.190,0.999,0,0,999,0.190,99
4,9,2022,3,0,,17.430,16.240,92.000,89238.930,0.000,1362.387,331.636,0.000,0.000,0.000,0.000,0.000,0.000,-0.000,999,0.140,8.000,99,9999,99999,9,999999999,0.000,0.999,0,0,999,0.000,0
4,9,2022,4,0,,17.180,16.260,94.000,89238.930,0.000,1361.587,330.806,0.000,0.000,0.000,0.000,0.000,0.000,-0.000,999,0.140,8.000,99,9999,99999,9,999999999,0.000,0.999,0,0,999,0.000,0
4,9,2022,5,0,,16.940,16.280,95.000,89238.930,0.000,1361.587,329.535,0.000,0.000,0.000,0.000,0.000,0.000,-0.000,999,0.140,8.000,99,9999,99999,9,999999999,0.000,0.999,0,0,999,0.000,0
4,9,2022,6,0,,16.750,16.300,96.000,89238.930,0.000,1361.587,328.628,0.000,0.000,0.000,0.000,0.000,0.000,-0.000,999,0.140,8.000,99,9999,99999,9,999999999,0.000,0.999,0,0,999,0.000,0
4,9,2022,7,0,,16.590,16.310,97.000,89238.930,160.124,1361.587,327.938,0.000,0.000,0.000,0.000,0.000,0.000,0.000,999,0.140,8.000,99,9999,99999,9,999999999,0.000,0.999,0,0,999,0.000,0
4,9,2022,8,0,,16.430,16.320,98.000,89238.930,471.443,1361.587,327.244,87.070,0.000,87.070,10448.400,0.000,9577.700,80.216,999,0.140,8.000,99,9999,99999,9,999999999,0.000,0.999,0,0,999,0.000,0
4,9,2022,9,0,,19.080,16.110,82.000,89238.930,747.823,1361.587,338.405,221.350,16.153,212.484,26562.000,1534.514,23373.289,123.231,999,0.140,8.000,99,9999,99999,9,999999999,0.000,0.999,0,0,999,0.000,0
4,9,2022,10,0,,20.150,16.020,77.000,89238.930,969.113,1361.587,343.385,340.030,51.514,303.375,40803.600,4893.840,33371.273,135.714,999,0.140,8.000,99,9999,99999,9,999999999,0.000,0.999,0,0,999,0.000,0
4,9,2022,11,0,,21.070,15.950,72.000,89238.930,1120.046,1361.587,347.043,429.820,30.183,404.995,51578.400,2867.381,44549.438,156.737,999,0.140,8.000,99,9999,99999,9,999999999,0.000,0.999,0,0,999,0.000,0
4,9,2022,12,0,,21.800,15.890,69.000,89238.930,1190.280,1361.587,350.485,483.390,90.580,404.214,58006.800,8605.056,44463.521,147.196,999,0.220,8.000,99,9999,99999,9,999999999,0.000,0.999,0,0,999,0.000,0
4,9,2022,13,0,,22.330,15.850,66.000,89238.930,1175.009,1361.587,352.311,496.730,107.417,404.042,59607.600,10204.621,44444.575,149.047,999,1.000,8.000,99,9999,99999,9,999999999,0.000,0.999,0,0,999,0.000,0
4,9,2022,14,0,,22.640,15.820,65.000,89238.930,1075.275,1361.587,353.920,468.830,131.568,364.947,56259.600,12498.918,40144.137,147.124,999,2.020,8.000,99,9999,99999,9,999999999,0.000,0.999,0,0,999,0.000,0
4,9,2022,15,0,,22.730,15.810,64.000,89238.930,897.896,1361.587,353.827,401.780,109.914,329.325,48213.600,10441.867,36225.729,159.023,999,1.940,8.000,99,9999,99999,9,999999999,0.000,0.999,0,0,999,0.000,0
4,9,2022,16,0,,22.520,15.830,70.000,89238.930,655.038,1361.587,356.755,300.690,152.466,227.412,36082.800,14484.234,25015.368,150.614,999,1.420,8.000,99,9999,99999,9,999999999,0.030,0.999,0,0,999,0.030,99
4,9,2022,17,0,,21.980,15.880,73.000,89238.930,363.562,1361.587,354.708,174.360,270.377,102.435,20923.200,25685.854,11267.899,122.573,999,0.410,8.000,99,9999,99999,9,999999999,0.020,0.999,0,0,999,0.020,99
4,9,2022,18,0,,21.180,15.940,71.000,89238.930,48.005,1361.587,347.185,41.970,0.000,41.970,5036.400,0.000,4616.700,445.031,999,0.240,8.000,99,9999,99999,9,999999999,0.000,0.999,0,0,999,0.000,0
4,9,2022,19,0,,20.580,15.990,79.000,89238.930,0.000,1361.587,347.917,0.000,0.000,0.000,0.000,0.000,0.000,-0.000,999,0.140,8.000,99,9999,99999,9,999999999,0.010,0.999,0,0,999,0.010,99
4,9,2022,20,0,,19.970,16.040,77.000,89238.930,0.000,1361.587,342.028,0.000,0.000,0.000,0.000,0.000,0.000,-0.000,999,0.140,8.000,99,9999,99999,9,999999999,0.000,0.999,0,0,999,0.000,0
4,9,2022,21,0,,19.370,16.090,86.000,89238.930,0.000,1361.587,342.906,0.000,0.000,0.000,0.000,0.000,0.000,-0.000,999,0.140,8.000,99,9999,99999,9,999999999,0.050,0.999,0,0,999,0.050,99
4,9,2022,22,0,,18.760,16.140,84.000,89238.930,0.000,1361.587,337.175,0.000,0.000,0.000,0.000,0.000,0.000,-0.000,999,0.140,8.000,99,9999,99999,9,999999999,0.000,0.999,0,0,999,0.000,0
4,9,2022,23,0,,18.160,16.180,87.000,89238.930,0.000,1361.587,334.389,0.000,0.000,0.000,0.000,0.000,0.000,-0.000,999,0.140,8.000,99,9999,99999,9,999999999,0.000,0.999,0,0,999,0.000,0
4,9,2022,24,0,,17.550,15.230,86.000,89238.930,0.000,1361.587,329.336,0.000,0.000,0.000,0.000,0.000,0.000,-0.000,999,0.190,8.000,99,9999,99999,9,999999999,0.000,0.999,0,0,999,0.000,0
4,10,2022,1,0,,17.250,15.240,87.000,89238.930,0.000,1361.587,327.681,0.000,0.000,0.000,0.000,0.000,0.000,-0.000,999,0.190,8.000,99,9999,99999,9,999999999,0.000,0.999,0,0,999,0.000,0
4,10,2022,2,0,,16.940,15.250,89.000,89238.930,0.000,1361.587,326.478,0.000,0.000,0.000,0.000,0.000,0.000,-0.000,999,0.190,8.000,99,9999,99999,9,999999999,0.000,0.999,0,0,999,0.000,0
4,10,2022,3,0,,16.640,15.260,91.000,89238.930,0.000,1361.587,325.325,0.000,0.000,0.000,0.000,0.000,0.000,-0.000,999,0.190,8.000,99,9999,99999,9,999999999,0.000,0.999,0,0,999,0.000,0
4,10,2022,4,0,,16.340,15.270,93.000,89238.930,0.000,1360.790,324.150,0.000,0.000,0.000,0.000,0.000,0.000,-0.000,999,0.190,8.000,99,9999,99999,9,999999999,0.000,0.999,0,0,999,0.000,0
4,10,2022,5,0,,16.040,15.280,95.000,89238.930,0.000,1360.790,322.955,0.000,0.000,0.000,0.000,0.000,0.000,-0.000,999,0.190,8.000,99,9999,99999,9,999999999,0.000,0.999,0,0,999,0.000,0
4,10,2022,6,0,,15.800,15.280,96.000,89238.930,0.000,1360.790,321.698,0.000,0.000,0.000,0.000,0.000,0.000,-0.000,999,0.190,8.000,99,9999,99999,9,999999999,0.000,0.999,0,0,999,0.000,0
4,10,2022,7,0,,15.600,15.290,98.000,89238.930,158.192,1360.790,321.198,0.000,0.000,0.000,0.000,0.000,0.000,0.000,999,0.190,8.000,99,9999,99999,9,999999999,0.000,0.999,0,0,999,0.000,0
4,10,2022,8,0,,15.400,15.300,99.000,89238.930,468.910,1360.790,320.219,102.640,0.000,102.640,12316.800,0.000,11290.400,95.017,999,0.190,8.000,99,9999,99999,9,999999999,0.000,0.999,0,0,999,0.000,0
4,10,2022,9,0,,19.260,15.180,77.000,89238.930,744.672,1360.790,336.714,262.080,35.693,242.561,31449.600,3390.800,26681.723,141.187,999,0.190,7.000,99,9999,99999,9,999999999,0.000,0.999,0,0,999,0.000,0
4,10,2022,10,0,,20.810,15.130,69.000,89238.930,965.348,1360.790,342.980,402.990,73.015,351.208,48358.800,6936.396,38632.898,157.633,999,0.190,7.000,99,9999,99999,9,999999999,0.000,0.999,0,0,999,0.000,0
4,10,2022,11,0,,22.160,15.080,64.000,89238.930,1115.715,1360.790,349.470,509.530,153.383,383.789,61143.600,14571.372,42216.798,149.019,999,0.190,7.000,99,9999,99999,9,999999999,0.000,0.999,0,0,999,0.000,0
4,10,2022,12,0,,23.230,15.050,60.000,89238.930,1185.466,1360.790,354.401,573.010,182.847,413.736,68761.200,17370.449,45510.951,151.187,999,0.190,7.000,99,9999,99999,9,999999999,0.000,0.999,0,0,999,0.000,0
4,10,2022,13,0,,24.000,15.030,57.000,89238.930,1169.831,1360.790,357.717,588.630,217.531,401.645,70635.600,20665.425,44180.906,148.732,999,0.450,7.000,99,9999,99999,9,999999999,0.000,0.999,0,0,999,0.000,0
4,10,2022,14,0,,24.450,15.010,55.000,89238.930,1069.875,1360.790,359.364,555.260,265.304,346.712,66631.200,25203.851,38138.306,140.396,999,0.780,7.000,99,9999,99999,9,999999999,0.000,0.999,0,0,999,0.000,0
4,10,2022,15,0,,24.570,15.010,55.000,89238.930,892.434,1360.790,360.293,475.360,204.180,341.507,57043.200,19397.087,37565.743,165.819,999,1.550,7.000,99,9999,99999,9,999999999,0.000,0.999,0,0,999,0.000,0
4,10,2022,16,0,,24.260,15.020,56.000,89238.930,649.677,1360.790,358.820,355.050,314.995,204.812,42606.000,29924.506,22529.311,136.687,999,1.950,7.000,99,9999,99999,9,999999999,0.000,0.999,0,0,999,0.000,0
4,10,2022,17,0,,23.470,15.040,59.000,89238.930,358.470,1360.790,355.392,204.850,336.193,116.628,24582.000,31938.364,12829.072,141.470,999,0.900,8.000,99,9999,99999,9,999999999,0.000,0.999,0,0,999,0.000,0
4,10,2022,18,0,,22.310,15.080,63.000,89238.930,43.639,1360.790,349.825,47.930,0.000,47.930,5751.600,0.000,5272.300,574.198,999,0.440,8.000,99,9999,99999,9,999999999,0.000,0.999,0,0,999,0.000,0
4,10,2022,19,0,,21.540,15.100,66.000,89238.930,0.000,1360.790,346.296,0.000,0.000,0.000,0.000,0.000,0.000,-0.000,999,0.310,8.000,99,9999,99999,9,999999999,0.000,0.999,0,0,999,0.000,0
4,10,2022,20,0,,20.770,15.130,70.000,89238.930,0.000,1360.790,343.385,0.000,0.000,0.000,0.000,0.000,0.000,-0.000,999,0.190,8.000,99,9999,99999,9,999999999,0.000,0.999,0,0,999,0.000,0
4,10,2022,21,0,,20.000,15.150,73.000,89238.930,0.000,1360.790,339.655,0.000,0.000,0.000,0.000,0.000,0.000,-0.000,999,0.190,8.000,99,9999,99999,9,999999999,0.000,0.999,0,0,999,0.000,0
4,10,2022,22,0,,19.240,15.180,77.000,89238.930,0.000,1360.790,336.565,0.000,0.000,0.000,0.000,0.000,0.000,-0.000,999,0.190,8.000,99,9999,99999,9,999999999,0.000,0.999,0,0,999,0.000,0
4,10,2022,23,0,,18.470,15.200,81.000,89238.930,0.000,1360.790,333.279,0.000,0.000,0.000,0.000,0.000,0.000,-0.000,999,0.190,8.000,99,9999,99999,9,999999999,0.000,0.999,0,0,999,0.000,0
4,10,2022,24,0,,17.700,14.960,84.000,89238.930,0.000,1360.790,329.330,0.000,0.000,0.000,0.000,0.000,0.000,-0.000,999,0.150,8.000,99,9999,99999,9,999999999,0.000,0.999,0,0,999,0.000,0
4,11,2022,1,0,,17.320,14.820,85.000,89238.930,0.000,1360.790,327.105,0.000,0.000,0.000,0.000,0.000,0.000,-0.000,999,0.150,8.000,99,9999,99999,9,999999999,0.000,0.999,0,0,999,0.000,0
4,11,2022,2,0,,16.930,14.680,86.000,89238.930,0.000,1360.790,324.810,0.000,0.000,0.000,0.000,0.000,0.000,-0.000,999,0.150,8.000,99,9999,99999,9,999999999,0.000,0.999,0,0,999,0.000,0
4,11,2022,3,0,,16.550,14.540,87.000,89238.930,0.000,1360.790,322.591,0.000,0.000,0.000,0.000,0.000,0.000,-0.000,999,0.150,8.000,99,9999,99999,9,999999999,0.000,0.999,0,0,999,0.000,0
4,11,2022,4,0,,16.160,14.400,89.000,89238.930,0.000,1359.995,320.822,0.000,0.000,0.000,0.000,0.000,0.000,-0.000,999,0.150,8.000,99,9999,99999,9,999999999,0.000,0.999,0,0,999,0.000,0
4,11,2022,5,0,,15.780,14.250,90.000,89238.930,0.000,1359.995,318.602,0.000,0.000,0.000,0.000,0.000,0.000,-0.000,999,0.150,8.000,99,9999,99999,9,999999999,0.000,0.999,0,0,999,0.000,0
4,11,2022,6,0,,15.480,14.140,91.000,89238.930,0.000,1359.995,316.958,0.000,0.000,0.000,0.000,0.000,0.000,-0.000,999,0.150,8.000,99,9999,99999,9,999999999,0.000,0.999,0,0,999,0.000,0
4,11,2022,7,0,,15.230,14.050,92.000,89238.930,156.252,1359.995,315.669,0.000,0.000,0.000,0.000,0.000,0.000,0.000,999,0.150,8.000,99,9999,99999,9,999999999,0.000,0.999,0,0,999,0.000,0
4,11,2022,8,0,,14.980,13.950,93.000,89238.930,466.360,1359.995,314.378,109.790,0.000,109.790,13174.800,0.000,12076.900,102.135,999,0.150,8.000,99,9999,99999,9,999999999,0.000,0.999,0,0,999,0.000,0
4,11,2022,9,0,,18.620,15.290,80.000,89238.930,741.497,1359.995,333.796,281.590,68.711,244.153,33790.800,6527.534,26856.867,142.640,999,0.150,7.000,99,9999,99999,9,999999999,0.000,0.999,0,0,999,0.000,0
4,11,2022,10,0,,20.090,15.810,76.000,89238.930,961.558,1359.995,342.292,433.420,99.809,362.872,52010.400,9481.886,39915.972,163.416,999,0.150,6.000,99,9999,99999,9,999999999,0.000,0.999,0,0,999,0.000,0
4,11,2022,11,0,,21.360,16.240,72.000,89238.930,1111.358,1359.995,349.251,548.150,209.622,376.877,65778.000,19914.045,41456.456,146.824,999,0.290,6.000,99,9999,99999,9,999999999,0.000,0.999,0,0,999,0.000,0
4,11,2022,12,0,,22.380,16.580,69.000,89238.930,1180.632,1359.995,354.941,616.390,249.962,399.415,73966.800,23746.398,43935.642,146.467,999,0.470,6.000,99,9999,99999,9,999999999,0.000,0.999,0,0,999,0.000,0
4,11,2022,13,0,,23.100,16.810,67.000,89238.930,1164.640,1359.995,359.020,633.010,177.953,480.635,75961.200,16905.568,52869.829,178.672,999,0.700,6.000,99,9999,99999,9,999999999,0.000,0.999,0,0,999,0.000,0
4,11,2022,14,0,,23.530,16.950,66.000,89238.930,1064.473,1359.995,361.599,596.780,294.960,365.957,71613.600,28021.183,40255.241,148.855,999,1.150,6.000,99,9999,99999,9,999999999,0.000,0.999,0,0,999,0.000,0
4,11,2022,15,0,,23.650,16.990,66.000,89238.930,886.982,1359.995,362.538,510.390,357.077,277.598,61246.800,33922.312,30535.829,135.538,999,2.120,6.000,99,9999,99999,9,999999999,0.000,0.999,0,0,999,0.000,0
4,11,2022,16,0,,23.350,16.890,67.000,89238.930,644.342,1359.995,360.969,380.460,453.493,165.820,45655.200,43081.823,18240.201,111.518,999,0.970,7.000,99,9999,99999,9,999999999,0.000,0.999,0,0,999,0.000,0
4,11,2022,17,0,,22.590,16.640,69.000,89238.930,353.416,1359.995,356.564,218.380,414.248,111.157,26205.600,39353.514,12227.309,136.698,999,0.930,7.000,99,9999,99999,9,999999999,0.000,0.999,0,0,999,0.000,0
4,11,2022,18,0,,21.490,16.280,72.000,89238.930,39.349,1359.995,350.245,49.620,0.000,49.620,5954.400,0.000,5458.200,682.143,999,0.540,8.000,99,9999,99999,9,999999999,0.000,0.999,0,0,999,0.000,0
4,11,2022,19,0,,20.780,16.040,74.000,89238.930,0.000,1359.995,346.197,0.000,0.000,0.000,0.000,0.000,0.000,-0.000,999,0.230,8.000,99,9999,99999,9,999999999,0.000,0.999,0,0,999,0.000,0
4,11,2022,20,0,,20.060,15.790,76.000,89238.930,0.000,1359.995,342.067,0.000,0.000,0.000,0.000,0.000,0.000,-0.000,999,0.150,8.000,99,9999,99999,9,999999999,0.000,0.999,0,0,999,0.000,0
4,11,2022,21,0,,19.350,15.550,78.000,89238.930,0.000,1359.995,338.007,0.000,0.000,0.000,0.000,0.000,0.000,-0.000,999,0.150,8.000,99,9999,99999,9,999999999,0.000,0.999,0,0,999,0.000,0
4,11,2022,22,0,,18.630,15.300,80.000,89238.930,0.000,1359.995,333.870,0.000,0.000,0.000,0.000,0.000,0.000,-0.000,999,0.150,8.000,99,9999,99999,9,999999999,0.000,0.999,0,0,999,0.000,0
4,11,2022,23,0,,17.910,15.040,83.000,89238.930,0.000,1359.995,330.307,0.000,0.000,0.000,0.000,0.000,0.000,-0.000,999,0.150,8.000,99,9999,99999,9,999999999,0.000,0.999,0,0,999,0.000,0
4,11,2022,24,0,,17.200,14.920,91.000,89238.930,0.000,1359.995,329.424,0.000,0.000,0.000,0.000,0.000,0.000,-0.000,999,0.060,8.000,99,9999,99999,9,999999999,0.020,0.999,0,0,999,0.020,99
4,12,2022,1,0,,16.840,14.870,88.000,89238.930,0.000,1359.995,325.223,0.000,0.000,0.000,0.000,0.000,0.000,-0.000,999,0.060,8.000,99,9999,99999,9,999999999,0.000,0.999,0,0,999,0.000,0
4,12,2022,2,0,,16.480,14.820,89.000,89238.930,0.000,1359.995,323.133,0.000,0.000,0.000,0.000,0.000,0.000,-0.000,999,0.060,8.000,99,9999,99999,9,999999999,0.000,0.999,0,0,999,0.000,0
4,12,2022,3,0,,16.130,14.770,91.000,89238.930,0.000,1359.995,321.626,0.000,0.000,0.000,0.000,0.000,0.000,-0.000,999,0.070,8.000,99,9999,99999,9,999999999,0.000,0.999,0,0,999,0.000,0
4,12,2022,4,0,,15.770,14.710,93.000,89238.930,0.000,1359.203,320.026,0.000,0.000,0.000,0.000,0.000,0.000,-0.000,999,0.060,8.000,99,9999,99999,9,999999999,0.000,0.999,0,0,999,0.000,0
4,12,2022,5,0,,15.410,14.660,95.000,89238.930,0.000,1359.203,318.409,0.000,0.000,0.000,0.000,0.000,0.000,-0.000,999,0.060,8.000,99,9999,99999,9,999999999,0.000,0.999,0,0,999,0.000,0
4,12,2022,6,0,,15.140,14.630,96.000,89238.930,0.000,1359.203,316.950,0.000,0.000,0.000,0.000,0.000,0.000,-0.000,999,0.060,8.000,99,9999,99999,9,999999999,0.000,0.999,0,0,999,0.000,0
4,12,2022,7,0,,14.900,14.590,98.000,89238.930,154.302,1359.203,316.167,0.000,0.000,0.000,0.000,0.000,0.000,0.000,999,0.060,8.000,99,9999,99999,9,999999999,0.000,0.999,0,0,999,0.000,0
4,12,2022,8,0,,14.660,14.560,99.000,89238.930,463.791,1359.203,314.912,109.280,0.000,109.280,13113.600,0.000,12020.800,102.167,999,0.060,8.000,99,9999,99999,9,999999999,0.000,0.999,0,0,999,0.000,0
4,12,2022,9,0,,19.080,15.180,78.000,89238.930,738.300,1359.203,335.996,281.580,70.137,243.509,33789.600,6663.016,26786.015,142.798,999,0.100,7.000,99,9999,99999,9,999999999,0.000,0.999,0,0,999,0.000,0
4,12,2022,10,0,,20.870,15.420,70.000,89238.930,957.743,1359.203,344.138,433.840,102.048,361.955,52060.800,9694.513,39815.057,163.557,999,0.200,6.000,99,9999,99999,9,999999999,0.000,0.999,0,0,999,0.000,0
4,12,2022,11,0,,22.410,15.630,65.000,89238.930,1106.979,1359.203,352.155,548.820,214.501,374.150,65858.400,20377.581,41156.448,146.253,999,0.570,6.000,99,9999,99999,9,999999999,0.000,0.999,0,0,999,0.000,0
4,12,2022,12,0,,23.650,15.800,61.000,89238.930,1175.781,1359.203,358.481,617.110,255.907,395.759,74053.200,24311.188,43533.474,145.640,999,0.490,6.000,99,9999,99999,9,999999999,0.000,0.999,0,0,999,0.000,0
4,12,2022,13,0,,24.540,15.910,58.000,89238.930,1159.440,1359.203,362.803,633.570,303.772,374.472,76028.400,28858.310,41191.946,139.751,999,0.880,6.000,99,9999,99999,9,999999999,0.000,0.999,0,0,999,0.000,0
4,12,2022,14,0,,25.050,15.980,57.000,89238.930,1059.073,1359.203,365.890,596.970,270.663,386.113,71636.400,25712.959,42472.455,157.763,999,1.570,6.000,99,9999,99999,9,999999999,0.000,0.999,0,0,999,0.000,0
4,12,2022,15,0,,25.190,16.000,56.000,89238.930,881.545,1359.203,366.064,510.030,329.367,296.497,61203.600,31289.911,32614.660,145.575,999,1.710,6.000,99,9999,99999,9,999999999,0.000,0.999,0,0,999,0.000,0
4,12,2022,16,0,,24.820,15.950,57.000,89238.930,639.033,1359.203,364.088,379.440,421.678,181.391,45532.800,40059.439,19952.997,122.935,999,1.700,6.000,99,9999,99999,9,999999999,0.000,0.999,0,0,999,0.000,0
4,12,2022,17,0,,23.900,15.830,60.000,89238.930,348.403,1359.203,359.572,216.670,421.136,109.160,26000.400,40007.919,12007.644,136.110,999,0.820,7.000,99,9999,99999,9,999999999,0.000,0.999,0,0,999,0.000,0
4,12,2022,18,0,,22.560,15.650,69.000,89238.930,35.139,1359.203,356.332,47.770,0.000,47.770,5732.400,0.000,5254.700,769.001,999,0.330,8.000,99,9999,99999,9,999999999,0.010,0.999,0,0,999,0.010,99
4,12,2022,19,0,,21.740,15.540,72.000,89238.930,0.000,1359.203,352.162,0.000,0.000,0.000,0.000,0.000,0.000,-0.000,999,0.190,8.000,99,9999,99999,9,999999999,0.090,0.999,0,0,999,0.090,99
4,12,2022,20,0,,20.920,15.430,80.000,89238.930,0.000,1359.203,351.150,0.000,0.000,0.000,0.000,0.000,0.000,-0.000,999,0.140,8.000,99,9999,99999,9,999999999,1.830,0.999,0,0,999,1.830,99
4,12,2022,21,0,,20.100,15.320,78.000,89238.930,0.000,1359.203,343.641,0.000,0.000,0.000,0.000,0.000,0.000,-0.000,999,0.230,8.000,99,9999,99999,9,999999999,0.040,0.999,0,0,999,0.040,99
4,12,2022,22,0,,19.280,15.210,82.000,89238.930,0.000,1359.203,339.904,0.000,0.000,0.000,0.000,0.000,0.000,-0.000,999,0.130,7.000,99,9999,99999,9,999999999,0.010,0.999,0,0,999,0.010,99
4,12,2022,23,0,,18.460,15.090,80.000,89238.930,0.000,1359.203,332.614,0.000,0.000,0.000,0.000,0.000,0.000,-0.000,999,0.060,7.000,99,9999,99999,9,999999999,0.000,0.999,0,0,999,0.000,0
4,12,2022,24,0,,17.640,14.430,81.000,89238.930,0.000,1359.203,327.186,0.000,0.000,0.000,0.000,0.000,0.000,-0.000,999,0.110,7.000,99,9999,99999,9,999999999,0.000,0.999,0,0,999,0.000,0
4,13,2022,1,0,,17.230,14.350,83.000,89238.930,0.000,1359.203,325.340,0.000,0.000,0.000,0.000,0.000,0.000,-0.000,999,0.110,7.000,99,9999,99999,9,999999999,0.000,0.999,0,0,999,0.000,0
4,13,2022,2,0,,16.820,14.280,84.000,89238.930,0.000,1359.203,322.924,0.000,0.000,0.000,0.000,0.000,0.000,-0.000,999,0.110,7.000,99,9999,99999,9,999999999,0.000,0.999,0,0,999,0.000,0
4,13,2022,3,0,,16.410,14.200,86.000,89238.930,0.000,1359.203,321.050,0.000,0.000,0.000,0.000,0.000,0.000,-0.000,999,0.110,7.000,99,9999,99999,9,999999999,0.000,0.999,0,0,999,0.000,0
4,13,2022,4,0,,16.000,14.120,88.000,89238.930,0.000,1358.413,319.156,0.000,0.000,0.000,0.000,0.000,0.000,-0.000,999,0.110,7.000,99,9999,99999,9,999999999,0.000,0.999,0,0,999,0.000,0
4,13,2022,5,0,,15.590,14.050,90.000,89238.930,0.000,1358.413,317.243,0.000,0.000,0.000,0.000,0.000,0.000,-0.000,999,0.110,6.000,99,9999,99999,9,999999999,0.000,0.999,0,0,999,0.000,0
4,13,2022,6,0,,15.270,13.990,92.000,89238.930,0.000,1358.413,315.954,0.000,0.000,0.000,0.000,0.000,0.000,-0.000,999,0.110,6.000,99,9999,99999,9,999999999,0.000,0.999,0,0,999,0.000,0
4,13,2022,7,0,,15.000,13.940,93.000,89238.930,152.342,1358.413,314.520,0.000,0.000,0.000,0.000,0.000,0.000,0.000,999,0.110,6.000,99,9999,99999,9,999999999,0.000,0.999,0,0,999,0.000,0
4,13,2022,8,0,,14.730,13.890,94.000,89238.930,461.205,1358.413,313.085,145.430,35.182,133.512,17451.600,3342.320,14686.273,125.451,999,0.110,6.000,99,9999,99999,9,999999999,0.000,0.999,0,0,999,0.000,0
4,13,2022,9,0,,19.300,14.730,74.000,89238.930,735.079,1358.413,335.104,374.960,225.128,253.222,44995.200,21387.183,27854.459,149.059,999,0.130,3.000,99,9999,99999,9,999999999,0.000,0.999,0,0,999,0.000,0
4,13,2022,10,0,,21.200,15.060,67.000,89238.930,953.905,1358.413,344.471,584.950,394.759,307.826,70194.000,37502.067,33860.906,139.577,999,0.320,0.000,99,9999,99999,9,999999999,0.000,0.999,0,0,999,0.000,0
4,13,2022,11,0,,22.830,15.350,62.000,89238.930,1102.579,1358.413,352.991,737.490,496.740,334.364,88498.800,47190.268,36780.071,131.147,999,0.770,0.000,99,9999,99999,9,999999999,0.000,0.999,0,0,999,0.000,0
4,13,2022,12,0,,24.120,15.570,58.000,89238.930,1170.914,1358.413,359.536,827.560,571.719,334.804,99307.200,54313.329,36828.472,123.649,999,1.350,0.000,99,9999,99999,9,999999999,0.000,0.999,0,0,999,0.000,0
4,13,2022,13,0,,25.020,15.720,56.000,89238.930,1154.234,1358.413,364.731,840.890,662.721,277.845,100906.800,62958.458,30562.948,104.097,999,1.490,0.000,99,9999,99999,9,999999999,0.000,0.999,0,0,999,0.000,0
4,13,2022,14,0,,25.520,15.800,54.000,89238.930,1053.678,1358.413,366.751,787.320,755.536,201.389,94478.400,71775.883,22152.831,82.660,999,1.310,0.000,99,9999,99999,9,999999999,0.000,0.999,0,0,999,0.000,0
4,13,2022,15,0,,25.670,15.830,54.000,89238.930,876.124,1358.413,367.930,681.990,780.988,178.491,81838.800,74193.818,19633.984,88.127,999,0.780,0.000,99,9999,99999,9,999999999,0.000,0.999,0,0,999,0.000,0
4,13,2022,16,0,,25.280,15.760,55.000,89238.930,633.755,1358.413,365.828,504.000,688.659,183.050,60480.000,65422.583,20135.515,125.022,999,1.070,2.000,99,9999,99999,9,999999999,0.000,0.999,0,0,999,0.000,0
4,13,2022,17,0,,24.330,15.600,58.000,89238.930,343.433,1358.413,361.167,291.930,654.481,127.158,35031.600,62175.690,13987.385,160.771,999,0.670,4.000,99,9999,99999,9,999999999,0.000,0.999,0,0,999,0.000,0
4,13,2022,18,0,,22.930,15.360,62.000,89238.930,31.012,1358.413,353.758,62.850,0.000,62.850,7542.000,0.000,6913.500,1217.701,999,0.320,8.000,99,9999,99999,9,999999999,0.000,0.999,0,0,999,0.000,0
4,13,2022,19,0,,22.250,15.250,64.000,89238.930,0.000,1358.413,350.155,0.000,0.000,0.000,0.000,0.000,0.000,-0.000,999,0.110,8.000,99,9999,99999,9,999999999,0.000,0.999,0,0,999,0.000,0
4,13,2022,20,0,,21.570,15.130,66.000,89238.930,0.000,1358.413,346.523,0.000,0.000,0.000,0.000,0.000,0.000,-0.000,999,0.110,8.000,99,9999,99999,9,999999999,0.000,0.999,0,0,999,0.000,0
4,13,2022,21,0,,20.890,15.010,69.000,89238.930,0.000,1358.413,343.582,0.000,0.000,0.000,0.000,0.000,0.000,-0.000,999,0.110,8.000,99,9999,99999,9,999999999,0.000,0.999,0,0,999,0.000,0
4,13,2022,22,0,,20.210,14.890,71.000,89238.930,0.000,1358.413,339.877,0.000,0.000,0.000,0.000,0.000,0.000,-0.000,999,0.110,8.000,99,9999,99999,9,999999999,0.000,0.999,0,0,999,0.000,0
4,13,2022,23,0,,19.540,14.770,73.000,89238.930,0.000,1358.413,336.230,0.000,0.000,0.000,0.000,0.000,0.000,-0.000,999,0.110,8.000,99,9999,99999,9,999999999,0.000,0.999,0,0,999,0.000,0
4,13,2022,24,0,,18.860,15.900,82.000,89238.930,0.000,1358.413,336.762,0.000,0.000,0.000,0.000,0.000,0.000,-0.000,999,0.040,8.000,99,9999,99999,9,999999999,0.000,0.999,0,0,999,0.000,0
4,14,2022,1,0,,18.520,15.830,84.000,89238.930,0.000,1358.413,335.387,0.000,0.000,0.000,0.000,0.000,0.000,-0.000,999,0.040,8.000,99,9999,99999,9,999999999,0.000,0.999,0,0,999,0.000,0
4,14,2022,2,0,,18.180,15.770,85.000,89238.930,0.000,1358.413,333.428,0.000,0.000,0.000,0.000,0.000,0.000,-0.000,999,0.040,8.000,99,9999,99999,9,999999999,0.000,0.999,0,0,999,0.000,0
4,14,2022,3,0,,17.840,15.700,87.000,89238.930,0.000,1358.413,332.018,0.000,0.000,0.000,0.000,0.000,0.000,-0.000,999,0.040,8.000,99,9999,99999,9,999999999,0.000,0.999,0,0,999,0.000,0
4,14,2022,4,0,,17.500,15.640,88.000,89238.930,0.000,1357.627,330.052,0.000,0.000,0.000,0.000,0.000,0.000,-0.000,999,0.040,8.000,99,9999,99999,9,999999999,0.000,0.999,0,0,999,0.000,0
4,14,2022,5,0,,17.160,15.570,90.000,89238.930,0.000,1357.627,328.611,0.000,0.000,0.000,0.000,0.000,0.000,-0.000,999,0.040,8.000,99,9999,99999,9,999999999,0.000,0.999,0,0,999,0.000,0
4,14,2022,6,0,,16.900,15.520,91.000,89238.930,0.000,1357.627,327.223,0.000,0.000,0.000,0.000,0.000,0.000,-0.000,999,0.040,8.000,99,9999,99999,9,999999999,0.000,0.999,0,0,999,0.000,0
4,14,2022,7,0,,16.670,15.470,92.000,89238.930,150.373,1357.627,326.052,0.000,0.000,0.000,0.000,0.000,0.000,0.000,999,0.040,8.000,99,9999,99999,9,999999999,0.000,0.999,0,0,999,0.000,0
4,14,2022,8,0,,16.450,15.430,93.000,89238.930,458.600,1357.627,324.950,114.260,2.283,113.490,13711.200,216.930,12483.943,107.185,999,0.040,8.000,99,9999,99999,9,999999999,0.000,0.999,0,0,999,0.000,0
4,14,2022,9,0,,19.640,16.040,79.000,89238.930,731.837,1357.627,340.796,299.500,94.777,248.447,35940.000,9003.772,27329.133,146.812,999,0.040,6.000,99,9999,99999,9,999999999,0.000,0.999,0,0,999,0.000,0
4,14,2022,10,0,,20.870,16.280,74.000,89238.930,950.044,1357.627,346.881,446.490,118.800,363.381,53578.800,11286.038,39971.910,165.342,999,0.070,6.000,99,9999,99999,9,999999999,0.000,0.999,0,0,999,0.000,0
4,14,2022,11,0,,22.150,16.510,70.000,89238.930,1098.160,1357.627,353.895,619.030,267.845,402.409,74283.600,25445.283,44264.958,158.380,999,0.130,4.000,99,9999,99999,9,999999999,0.000,0.999,0,0,999,0.000,0
4,14,2022,12,0,,23.130,16.690,67.000,89238.930,1166.034,1357.627,359.253,688.710,296.777,433.842,82645.200,28193.824,47722.597,160.804,999,0.400,4.000,99,9999,99999,9,999999999,0.000,0.999,0,0,999,0.000,0
4,14,2022,13,0,,24.160,16.880,63.000,89238.930,1149.023,1357.627,364.123,832.870,600.931,324.333,99944.400,57088.437,35676.663,121.996,999,0.990,0.000,99,9999,99999,9,999999999,0.000,0.999,0,0,999,0.000,0
4,14,2022,14,0,,24.650,16.970,62.000,89238.930,1048.290,1357.627,367.144,725.600,587.361,272.160,87072.000,55799.299,29937.650,112.218,999,1.280,3.000,99,9999,99999,9,999999999,0.000,0.999,0,0,999,0.000,0
4,14,2022,15,0,,24.830,17.000,61.000,89238.930,870.724,1357.627,367.712,625.990,777.883,127.299,75118.800,73898.889,14002.854,63.206,999,1.330,3.000,99,9999,99999,9,999999999,0.000,0.999,0,0,999,0.000,0
4,14,2022,16,0,,24.570,16.950,62.000,89238.930,628.510,1357.627,366.513,453.010,763.826,99.777,54361.200,72563.457,10975.495,68.678,999,1.600,4.000,99,9999,99999,9,999999999,0.000,0.999,0,0,999,0.000,0
4,14,2022,17,0,,23.910,16.830,64.000,89238.930,338.511,1357.627,362.980,281.350,460.426,167.043,33762.000,43740.471,18374.696,214.172,999,0.960,4.000,99,9999,99999,9,999999999,0.000,0.999,0,0,999,0.000,0
4,14,2022,18,0,,22.840,16.640,68.000,89238.930,26.974,1357.627,357.758,62.440,0.000,62.440,7492.800,0.000,6868.400,1514.441,999,0.580,8.000,99,9999,99999,9,999999999,0.000,0.999,0,0,999,0.000,0
4,14,2022,19,0,,22.020,16.490,70.000,89238.930,0.000,1357.627,352.895,0.000,0.000,0.000,0.000,0.000,0.000,-0.000,999,0.550,8.000,99,9999,99999,9,999999999,0.000,0.999,0,0,999,0.000,0
4,14,2022,20,0,,21.200,16.340,73.000,89238.930,0.000,1357.627,348.718,0.000,0.000,0.000,0.000,0.000,0.000,-0.000,999,0.480,8.000,99,9999,99999,9,999999999,0.000,0.999,0,0,999,0.000,0
4,14,2022,21,0,,20.380,16.180,76.000,89238.930,0.000,1357.627,344.482,0.000,0.000,0.000,0.000,0.000,0.000,-0.000,999,0.310,8.000,99,9999,99999,9,999999999,0.000,0.999,0,0,999,0.000,0
4,14,2022,22,0,,19.560,16.030,80.000,89238.930,0.000,1357.627,340.807,0.000,0.000,0.000,0.000,0.000,0.000,-0.000,999,0.340,8.000,99,9999,99999,9,999999999,0.000,0.999,0,0,999,0.000,0
4,14,2022,23,0,,18.740,15.870,83.000,89238.930,0.000,1357.627,336.450,0.000,0.000,0.000,0.000,0.000,0.000,-0.000,999,0.220,8.000,99,9999,99999,9,999999999,0.000,0.999,0,0,999,0.000,0
4,14,2022,24,0,,17.920,14.990,82.000,89238.930,0.000,1357.627,329.809,0.000,0.000,0.000,0.000,0.000,0.000,-0.000,999,4.080,8.000,99,9999,99999,9,999999999,0.000,0.999,0,0,999,0.000,0
4,15,2022,1,0,,17.510,14.820,84.000,89238.930,0.000,1357.627,327.939,0.000,0.000,0.000,0.000,0.000,0.000,-0.000,999,1.870,8.000,99,9999,99999,9,999999999,0.000,0.999,0,0,999,0.000,0
4,15,2022,2,0,,17.100,14.650,85.000,89238.930,0.000,1357.627,325.502,0.000,0.000,0.000,0.000,0.000,0.000,-0.000,999,1.500,8.000,99,9999,99999,9,999999999,0.000,0.999,0,0,999,0.000,0
4,15,2022,3,0,,16.690,14.480,86.000,89238.930,0.000,1357.627,323.070,0.000,0.000,0.000,0.000,0.000,0.000,-0.000,999,0.590,8.000,99,9999,99999,9,999999999,0.000,0.999,0,0,999,0.000,0
4,15,2022,4,0,,16.280,14.310,88.000,89238.930,0.000,1356.845,321.168,0.000,0.000,0.000,0.000,0.000,0.000,-0.000,999,0.710,8.000,99,9999,99999,9,999999999,0.000,0.999,0,0,999,0.000,0
4,15,2022,5,0,,15.870,14.130,89.000,89238.930,0.000,1356.845,318.739,0.000,0.000,0.000,0.000,0.000,0.000,-0.000,999,0.520,8.000,99,9999,99999,9,999999999,0.000,0.999,0,0,999,0.000,0
4,15,2022,6,0,,15.560,14.000,90.000,89238.930,0.000,1356.845,317.029,0.000,0.000,0.000,0.000,0.000,0.000,-0.000,999,0.520,8.000,99,9999,99999,9,999999999,0.000,0.999,0,0,999,0.000,0
4,15,2022,7,0,,15.280,13.870,91.000,89238.930,148.392,1356.845,315.532,0.000,0.000,0.000,0.000,0.000,0.000,0.000,999,1.400,8.000,99,9999,99999,9,999999999,0.000,0.999,0,0,999,0.000,0
4,15,2022,8,0,,15.010,13.760,92.000,89238.930,455.977,1356.845,314.106,103.960,0.000,103.960,12475.200,0.000,11435.600,98.694,999,1.330,8.000,99,9999,99999,9,999999999,0.000,0.999,0,0,999,0.000,0
4,15,2022,9,0,,18.700,15.310,80.000,89238.930,728.574,1356.845,334.389,308.660,109.524,249.893,37039.200,10404.733,27488.183,148.243,999,1.400,6.000,99,9999,99999,9,999999999,0.000,0.999,0,0,999,0.000,0
4,15,2022,10,0,,20.320,15.950,75.000,89238.930,946.162,1356.845,343.378,478.410,179.361,353.376,57409.200,17039.259,38871.373,161.357,999,2.870,5.000,99,9999,99999,9,999999999,0.000,0.999,0,0,999,0.000,0
4,15,2022,11,0,,22.130,16.630,71.000,89238.930,1093.723,1356.845,354.459,703.310,441.784,347.254,84397.200,41969.522,38197.897,137.148,999,7.480,1.000,99,9999,99999,9,999999999,0.000,0.999,0,0,999,0.000,0
4,15,2022,12,0,,23.290,17.060,68.000,89238.930,1161.144,1356.845,361.264,722.030,428.447,355.418,86643.600,40702.508,39095.969,132.215,999,10.130,3.000,99,9999,99999,9,999999999,0.000,0.999,0,0,999,0.000,0
4,15,2022,13,0,,24.040,17.330,66.000,89238.930,1143.812,1356.845,365.604,715.820,429.169,354.077,85898.400,40771.016,38948.433,133.713,999,9.030,4.000,99,9999,99999,9,999999999,0.000,0.999,0,0,999,0.000,0
4,15,2022,14,0,,24.580,17.520,64.000,89238.930,1042.912,1356.845,368.258,714.410,576.006,271.765,85729.200,54720.525,29894.115,112.568,999,9.040,3.000,99,9999,99999,9,999999999,0.000,0.999,0,0,999,0.000,0
4,15,2022,15,0,,24.360,17.440,65.000,89238.930,865.347,1356.845,367.331,477.610,291.373,291.862,57313.200,27680.421,32104.851,145.732,999,6.000,7.000,99,9999,99999,9,999999999,0.000,0.999,0,0,999,0.000,0
4,15,2022,16,0,,23.910,17.280,66.000,89238.930,623.303,1356.845,364.580,394.450,596.161,120.886,47334.000,56635.324,13297.514,83.856,999,5.700,6.000,99,9999,99999,9,999999999,0.000,0.999,0,0,999,0.000,0
4,15,2022,17,0,,22.980,16.950,68.000,89238.930,333.638,1356.845,358.846,208.560,574.026,68.038,25027.200,54532.438,7484.212,88.469,999,4.120,7.000,99,9999,99999,9,999999999,0.000,0.999,0,0,999,0.000,0
4,15,2022,18,0,,21.760,16.500,72.000,89238.930,23.026,1356.845,352.315,40.660,0.000,40.660,4879.200,0.000,4472.600,1312.720,999,4.310,8.000,99,9999,99999,9,999999999,0.000,0.999,0,0,999,0.000,0
4,15,2022,19,0,,21.030,16.220,73.000,89238.930,0.000,1356.845,347.423,0.000,0.000,0.000,0.000,0.000,0.000,-0.000,999,1.160,8.000,99,9999,99999,9,999999999,0.000,0.999,0,0,999,0.000,0
4,15,2022,20,0,,20.290,15.940,76.000,89238.930,0.000,1356.845,343.801,0.000,0.000,0.000,0.000,0.000,0.000,-0.000,999,0.790,8.000,99,9999,99999,9,999999999,0.000,0.999,0,0,999,0.000,0
4,15,2022,21,0,,19.560,15.650,78.000,89238.930,0.000,1356.845,339.577,0.000,0.000,0.000,0.000,0.000,0.000,-0.000,999,0.650,8.000,99,9999,99999,9,999999999,0.000,0.999,0,0,999,0.000,0
4,15,2022,22,0,,18.820,15.360,80.000,89238.930,0.000,1356.845,335.279,0.000,0.000,0.000,0.000,0.000,0.000,-0.000,999,0.520,8.000,99,9999,99999,9,999999999,0.000,0.999,0,0,999,0.000,0
4,15,2022,23,0,,18.090,15.060,82.000,89238.930,0.000,1356.845,331.058,0.000,0.000,0.000,0.000,0.000,0.000,-0.000,999,0.520,8.000,99,9999,99999,9,999999999,0.000,0.999,0,0,999,0.000,0
4,15,2022,24,0,,17.350,15.320,84.000,89238.930,0.000,1356.845,326.771,0.000,0.000,0.000,0.000,0.000,0.000,-0.000,999,0.040,8.000,99,9999,99999,9,999999999,0.000,0.999,0,0,999,0.000,0
4,16,2022,1,0,,16.990,15.230,90.000,89238.930,0.000,1356.845,327.365,0.000,0.000,0.000,0.000,0.000,0.000,-0.000,999,0.040,8.000,99,9999,99999,9,999999999,0.010,0.999,0,0,999,0.010,99
4,16,2022,2,0,,16.620,15.140,87.000,89238.930,0.000,1356.845,323.097,0.000,0.000,0.000,0.000,0.000,0.000,-0.000,999,0.040,8.000,99,9999,99999,9,999999999,0.000,0.999,0,0,999,0.000,0
4,16,2022,3,0,,16.250,15.040,88.000,89238.930,0.000,1356.845,320.952,0.000,0.000,0.000,0.000,0.000,0.000,-0.000,999,0.050,8.000,99,9999,99999,9,999999999,0.000,0.999,0,0,999,0.000,0
4,16,2022,4,0,,15.890,14.950,94.000,89238.930,0.000,1356.066,321.382,0.000,0.000,0.000,0.000,0.000,0.000,-0.000,999,0.040,8.000,99,9999,99999,9,999999999,0.020,0.999,0,0,999,0.020,99
4,16,2022,5,0,,15.520,14.850,96.000,89238.930,0.000,1356.066,319.677,0.000,0.000,0.000,0.000,0.000,0.000,-0.000,999,0.040,8.000,99,9999,99999,9,999999999,0.010,0.999,0,0,999,0.010,99
4,16,2022,6,0,,15.230,14.770,92.000,89238.930,0.000,1356.066,315.669,0.000,0.000,0.000,0.000,0.000,0.000,-0.000,999,0.040,8.000,99,9999,99999,9,999999999,0.000,0.999,0,0,999,0.000,0
4,16,2022,7,0,,14.990,14.710,93.000,89238.930,146.401,1356.066,314.449,0.000,0.000,0.000,0.000,0.000,0.000,0.000,999,0.040,8.000,99,9999,99999,9,999999999,0.000,0.999,0,0,999,0.000,0
4,16,2022,8,0,,14.750,14.640,99.000,89238.930,453.337,1356.066,315.554,102.150,0.000,102.150,12258.000,0.000,11236.500,97.488,999,0.040,8.000,99,9999,99999,9,999999999,0.920,0.999,0,0,999,0.920,99
4,16,2022,9,0,,18.770,15.680,79.000,89238.930,725.290,1356.066,334.306,268.210,44.880,244.223,32185.200,4263.626,26864.574,145.453,999,0.050,7.000,99,9999,99999,9,999999999,0.000,0.999,0,0,999,0.000,0
4,16,2022,10,0,,20.430,16.100,74.000,89238.930,942.260,1356.066,343.549,414.960,91.965,351.079,49795.200,8736.634,38618.650,160.880,999,0.160,7.000,99,9999,99999,9,999999999,0.000,0.999,0,0,999,0.000,0
4,16,2022,11,0,,21.860,16.440,70.000,89238.930,1089.271,1356.066,351.666,525.520,194.153,369.590,63062.400,18444.556,40654.907,146.482,999,0.470,6.000,99,9999,99999,9,999999999,0.000,0.999,0,0,999,0.000,0
4,16,2022,12,0,,23.000,16.710,67.000,89238.930,1156.245,1356.066,358.243,590.800,232.186,392.850,70896.000,22057.627,43213.447,146.675,999,0.770,6.000,99,9999,99999,9,999999999,0.000,0.999,0,0,999,0.000,0
4,16,2022,13,0,,23.820,16.910,65.000,89238.930,1138.603,1356.066,363.079,605.870,165.820,466.658,72704.400,15752.914,51332.425,176.934,999,1.290,6.000,99,9999,99999,9,999999999,0.000,0.999,0,0,999,0.000,0
4,16,2022,14,0,,24.290,17.020,63.000,89238.930,1037.549,1356.066,365.144,569.620,165.648,442.906,68354.400,15736.556,48719.698,184.300,999,1.640,6.000,99,9999,99999,9,999999999,0.000,0.999,0,0,999,0.000,0
4,16,2022,15,0,,24.410,17.040,63.000,89238.930,859.997,1356.066,366.089,484.730,336.512,271.412,58167.600,31968.635,29855.327,136.286,999,1.950,6.000,99,9999,99999,9,999999999,0.000,0.999,0,0,999,0.000,0
4,16,2022,16,0,,24.060,16.960,64.000,89238.930,618.135,1356.066,364.157,357.780,432.150,161.012,42933.600,41054.282,17711.372,112.562,999,0.940,7.000,99,9999,99999,9,999999999,0.000,0.999,0,0,999,0.000,0
4,16,2022,17,0,,23.190,16.760,66.000,89238.930,328.817,1356.066,358.949,200.090,518.154,75.023,24010.800,49224.606,8252.534,98.937,999,0.750,7.000,99,9999,99999,9,999999999,0.000,0.999,0,0,999,0.000,0
4,16,2022,18,0,,21.930,16.460,70.000,89238.930,19.173,1356.066,352.204,38.760,0.000,38.760,4651.200,0.000,4263.600,1858.813,999,0.420,8.000,99,9999,99999,9,999999999,0.000,0.999,0,0,999,0.000,0
4,16,2022,19,0,,21.230,16.290,72.000,89238.930,0.000,1356.066,348.260,0.000,0.000,0.000,0.000,0.000,0.000,-0.000,999,0.240,8.000,99,9999,99999,9,999999999,0.000,0.999,0,0,999,0.000,0
4,16,2022,20,0,,20.530,16.120,74.000,89238.930,0.000,1356.066,344.304,0.000,0.000,0.000,0.000,0.000,0.000,-0.000,999,0.180,8.000,99,9999,99999,9,999999999,0.000,0.999,0,0,999,0.000,0
4,16,2022,21,0,,19.830,15.950,76.000,89238.930,0.000,1356.066,340.339,0.000,0.000,0.000,0.000,0.000,0.000,-0.000,999,0.180,8.000,99,9999,99999,9,999999999,0.000,0.999,0,0,999,0.000,0
4,16,2022,22,0,,19.130,15.770,78.000,89238.930,0.000,1356.066,336.368,0.000,0.000,0.000,0.000,0.000,0.000,-0.000,999,0.160,8.000,99,9999,99999,9,999999999,0.000,0.999,0,0,999,0.000,0
4,16,2022,23,0,,18.430,15.600,85.000,89238.930,0.000,1356.066,335.284,0.000,0.000,0.000,0.000,0.000,0.000,-0.000,999,0.130,8.000,99,9999,99999,9,999999999,0.040,0.999,0,0,999,0.040,99
4,16,2022,24,0,,17.730,15.690,91.000,89238.930,0.000,1356.066,333.340,0.000,0.000,0.000,0.000,0.000,0.000,-0.000,999,0.480,8.000,99,9999,99999,9,999999999,0.170,0.999,0,0,999,0.170,99
4,17,2022,1,0,,17.380,15.610,93.000,89238.930,0.000,1356.066,331.779,0.000,0.000,0.000,0.000,0.000,0.000,-0.000,999,0.290,8.000,99,9999,99999,9,999999999,0.070,0.999,0,0,999,0.070,99
4,17,2022,2,0,,17.030,15.530,94.000,89238.930,0.000,1356.066,329.699,0.000,0.000,0.000,0.000,0.000,0.000,-0.000,999,0.170,8.000,99,9999,99999,9,999999999,0.010,0.999,0,0,999,0.010,99
4,17,2022,3,0,,16.680,15.460,96.000,89238.930,0.000,1356.066,328.114,0.000,0.000,0.000,0.000,0.000,0.000,-0.000,999,0.170,8.000,99,9999,99999,9,999999999,0.010,0.999,0,0,999,0.010,99
4,17,2022,4,0,,16.330,15.380,97.000,89238.930,0.000,1355.290,326.033,0.000,0.000,0.000,0.000,0.000,0.000,-0.000,999,0.170,8.000,99,9999,99999,9,999999999,0.530,0.999,0,0,999,0.530,99
4,17,2022,5,0,,15.980,15.300,99.000,89238.930,0.000,1355.290,324.425,0.000,0.000,0.000,0.000,0.000,0.000,-0.000,999,0.170,8.000,99,9999,99999,9,999999999,0.030,0.999,0,0,999,0.030,99
4,17,2022,6,0,,15.700,15.240,95.000,89238.930,0.000,1355.290,320.495,0.000,0.000,0.000,0.000,0.000,0.000,-0.000,999,0.170,8.000,99,9999,99999,9,999999999,0.000,0.999,0,0,999,0.000,0
4,17,2022,7,0,,15.470,15.190,96.000,89238.930,144.397,1355.290,319.317,0.000,0.000,0.000,0.000,0.000,0.000,0.000,999,0.170,8.000,99,9999,99999,9,999999999,0.000,0.999,0,0,999,0.000,0
4,17,2022,8,0,,15.240,15.140,97.000,89238.930,450.678,1355.290,318.137,87.700,0.000,87.700,10524.000,0.000,9647.000,84.145,999,0.170,8.000,99,9999,99999,9,999999999,0.000,0.999,0,0,999,0.000,0
4,17,2022,9,0,,18.920,15.950,82.000,89238.930,721.986,1355.290,337.209,231.350,23.620,218.776,27762.000,2243.916,24065.409,130.820,999,0.210,8.000,99,9999,99999,9,999999999,0.000,0.999,0,0,999,0.000,0
4,17,2022,10,0,,20.440,16.270,76.000,89238.930,938.340,1355.290,344.936,358.290,73.397,307.489,42994.800,6972.722,33823.842,141.414,999,0.550,7.000,99,9999,99999,9,999999999,0.000,0.999,0,0,999,0.000,0
4,17,2022,11,0,,21.760,16.550,71.000,89238.930,1084.805,1355.290,351.612,453.870,109.603,366.156,54464.400,10412.314,40277.108,145.636,999,2.190,7.000,99,9999,99999,9,999999999,0.000,0.999,0,0,999,0.000,0
4,17,2022,12,0,,22.810,16.760,68.000,89238.930,1151.341,1355.290,357.525,510.230,131.075,398.893,61227.600,12452.079,43878.196,149.480,999,2.260,7.000,99,9999,99999,9,999999999,0.000,0.999,0,0,999,0.000,0
4,17,2022,13,0,,23.550,16.920,66.000,89238.930,1133.398,1355.290,361.756,523.110,93.976,444.530,62773.200,8927.711,48898.307,169.222,999,3.170,7.000,99,9999,99999,9,999999999,0.000,0.999,0,0,999,0.000,0
4,17,2022,14,0,,23.990,17.000,64.000,89238.930,1032.201,1355.290,363.608,491.550,94.946,419.254,58986.000,9019.879,46117.893,175.262,999,3.350,7.000,99,9999,99999,9,999999999,0.000,0.999,0,0,999,0.000,0
4,17,2022,15,0,,24.100,17.030,64.000,89238.930,854.677,1355.290,364.471,417.900,123.094,340.309,50148.000,11693.943,37433.940,171.849,999,3.520,7.000,99,9999,99999,9,999999999,0.000,0.999,0,0,999,0.000,0
4,17,2022,16,0,,23.760,16.960,65.000,89238.930,613.009,1355.290,362.609,307.860,251.819,194.090,36943.200,23922.761,21349.858,136.745,999,2.800,8.000,99,9999,99999,9,999999999,0.000,0.999,0,0,999,0.000,0
4,17,2022,17,0,,22.960,16.800,72.000,89238.930,324.052,1355.290,361.631,171.290,481.722,56.652,20554.800,45763.576,6231.679,75.775,999,3.110,8.000,99,9999,99999,9,999999999,0.270,0.999,0,0,999,0.270,99
4,17,2022,18,0,,21.810,16.560,76.000,89238.930,15.416,1355.290,355.435,32.070,0.000,32.070,3848.400,0.000,3527.700,2950.267,999,1.140,8.000,99,9999,99999,9,999999999,0.110,0.999,0,0,999,0.110,99
4,17,2022,19,0,,20.990,16.390,88.000,89238.930,0.000,1355.290,356.511,0.000,0.000,0.000,0.000,0.000,0.000,-0.000,999,0.760,8.000,99,9999,99999,9,999999999,8.770,0.999,0,0,999,8.770,99
4,17,2022,20,0,,20.160,16.210,82.000,89238.930,0.000,1355.290,346.562,0.000,0.000,0.000,0.000,0.000,0.000,-0.000,999,0.480,8.000,99,9999,99999,9,999999999,0.040,0.999,0,0,999,0.040,99
4,17,2022,21,0,,19.330,16.030,80.000,89238.930,0.000,1355.290,339.082,0.000,0.000,0.000,0.000,0.000,0.000,-0.000,999,0.830,8.000,99,9999,99999,9,999999999,0.000,0.999,0,0,999,0.000,0
4,17,2022,22,0,,18.510,15.860,83.000,89238.930,0.000,1355.290,334.739,0.000,0.000,0.000,0.000,0.000,0.000,-0.000,999,0.390,8.000,99,9999,99999,9,999999999,0.000,0.999,0,0,999,0.000,0
4,17,2022,23,0,,17.680,15.680,87.000,89238.930,0.000,1355.290,330.838,0.000,0.000,0.000,0.000,0.000,0.000,-0.000,999,0.510,8.000,99,9999,99999,9,999999999,0.000,0.999,0,0,999,0.000,0
4,17,2022,24,0,,16.850,13.710,81.000,89238.930,0.000,1355.290,321.466,0.000,0.000,0.000,0.000,0.000,0.000,-0.000,999,0.290,8.000,99,9999,99999,9,999999999,0.000,0.999,0,0,999,0.000,0
4,18,2022,1,0,,16.440,13.590,83.000,89238.930,0.000,1355.290,319.640,0.000,0.000,0.000,0.000,0.000,0.000,-0.000,999,0.220,8.000,99,9999,99999,9,999999999,0.000,0.999,0,0,999,0.000,0
4,18,2022,2,0,,16.030,13.470,84.000,89238.930,0.000,1355.290,317.255,0.000,0.000,0.000,0.000,0.000,0.000,-0.000,999,0.170,8.000,99,9999,99999,9,999999999,0.000,0.999,0,0,999,0.000,0
4,18,2022,3,0,,15.610,13.340,86.000,89238.930,0.000,1355.290,315.331,0.000,0.000,0.000,0.000,0.000,0.000,-0.000,999,0.170,8.000,99,9999,99999,9,999999999,0.000,0.999,0,0,999,0.000,0
4,18,2022,4,0,,15.200,13.220,87.000,89238.930,0.000,1354.519,312.947,0.000,0.000,0.000,0.000,0.000,0.000,-0.000,999,0.170,8.000,99,9999,99999,9,999999999,0.000,0.999,0,0,999,0.000,0
4,18,2022,5,0,,14.790,13.100,89.000,89238.930,0.000,1354.519,311.071,0.000,0.000,0.000,0.000,0.000,0.000,-0.000,999,0.170,8.000,99,9999,99999,9,999999999,0.000,0.999,0,0,999,0.000,0
4,18,2022,6,0,,14.470,13.000,90.000,89238.930,0.000,1354.519,309.320,0.000,0.000,0.000,0.000,0.000,0.000,-0.000,999,0.300,8.000,99,9999,99999,9,999999999,0.000,0.999,0,0,999,0.000,0
4,18,2022,7,0,,14.200,12.920,91.000,89238.930,142.381,1354.519,307.919,0.000,0.000,0.000,0.000,0.000,0.000,0.000,999,0.670,8.000,99,9999,99999,9,999999999,0.000,0.999,0,0,999,0.000,0
4,18,2022,8,0,,13.920,12.840,93.000,89238.930,448.002,1354.519,306.920,118.970,8.554,116.147,14276.400,812.673,12776.205,112.044,999,0.620,8.000,99,9999,99999,9,999999999,0.000,0.999,0,0,999,0.000,0
4,18,2022,9,0,,18.380,14.140,76.000,89238.930,718.662,1354.519,329.600,351.250,193.840,248.482,42150.000,18414.775,27333.025,149.187,999,0.570,4.000,99,9999,99999,9,999999999,0.000,0.999,0,0,999,0.000,0
4,18,2022,10,0,,19.880,14.560,71.000,89238.930,934.403,1354.519,337.418,473.280,172.071,354.616,56793.600,16346.780,39007.815,163.682,999,0.430,5.000,99,9999,99999,9,999999999,0.000,0.999,0,0,999,0.000,0
4,18,2022,11,0,,21.200,14.920,67.000,89238.930,1080.327,1354.519,344.471,593.250,232.996,407.450,71190.000,22134.634,44819.498,162.640,999,0.290,5.000,99,9999,99999,9,999999999,0.000,0.999,0,0,999,0.000,0
4,18,2022,12,0,,22.490,15.260,63.000,89238.930,1146.433,1354.519,351.197,722.980,402.743,382.147,86757.600,38260.621,42036.179,143.737,999,1.140,3.000,99,9999,99999,9,999999999,0.000,0.999,0,0,999,0.000,0
4,18,2022,13,0,,23.650,15.570,60.000,89238.930,1128.200,1354.519,357.636,819.950,632.948,292.826,98394.000,60130.060,32210.874,111.922,999,1.910,0.000,99,9999,99999,9,999999999,0.000,0.999,0,0,999,0.000,0
4,18,2022,14,0,,24.190,15.710,59.000,89238.930,1026.874,1354.519,360.960,711.780,595.458,260.456,85413.600,56568.469,28650.160,109.382,999,2.920,3.000,99,9999,99999,9,999999999,0.000,0.999,0,0,999,0.000,0
4,18,2022,15,0,,24.190,15.710,59.000,89238.930,849.389,1354.519,360.960,542.060,497.537,230.207,65047.200,47266.029,25322.727,116.908,999,2.650,5.000,99,9999,99999,9,999999999,0.000,0.999,0,0,999,0.000,0
4,18,2022,16,0,,23.400,15.500,61.000,89238.930,607.930,1354.519,356.549,322.330,326.388,176.011,38679.600,31006.828,19361.265,124.976,999,1.110,7.000,99,9999,99999,9,999999999,0.000,0.999,0,0,999,0.000,0
4,18,2022,17,0,,22.220,15.190,64.000,89238.930,319.344,1354.519,349.927,150.940,279.225,85.428,18112.800,26526.363,9397.101,115.901,999,0.510,8.000,99,9999,99999,9,999999999,0.000,0.999,0,0,999,0.000,0
4,18,2022,18,0,,20.940,14.850,68.000,89238.930,11.757,1354.519,343.242,41.080,0.000,41.080,4929.600,0.000,4518.800,39720.075,999,0.440,8.000,99,9999,99999,9,999999999,0.000,0.999,0,0,999,0.000,0
4,18,2022,19,0,,20.070,14.610,70.000,89238.930,0.000,1354.519,338.146,0.000,0.000,0.000,0.000,0.000,0.000,-0.000,999,0.310,8.000,99,9999,99999,9,999999999,0.000,0.999,0,0,999,0.000,0
4,18,2022,20,0,,19.200,14.370,73.000,89238.930,0.000,1354.519,333.715,0.000,0.000,0.000,0.000,0.000,0.000,-0.000,999,0.170,8.000,99,9999,99999,9,999999999,0.000,0.999,0,0,999,0.000,0
4,18,2022,21,0,,18.330,14.130,76.000,89238.930,0.000,1354.519,329.235,0.000,0.000,0.000,0.000,0.000,0.000,-0.000,999,0.650,8.000,99,9999,99999,9,999999999,0.000,0.999,0,0,999,0.000,0
4,18,2022,22,0,,17.460,13.880,79.000,89238.930,0.000,1354.519,324.714,0.000,0.000,0.000,0.000,0.000,0.000,-0.000,999,0.470,7.000,99,9999,99999,9,999999999,0.000,0.999,0,0,999,0.000,0
4,18,2022,23,0,,16.590,13.630,82.000,89238.930,0.000,1354.519,320.162,0.000,0.000,0.000,0.000,0.000,0.000,-0.000,999,0.280,7.000,99,9999,99999,9,999999999,0.000,0.999,0,0,999,0.000,0
4,18,2022,24,0,,15.720,12.240,79.000,89238.930,0.000,1354.519,312.302,0.000,0.000,0.000,0.000,0.000,0.000,-0.000,999,0.360,7.000,99,9999,99999,9,999999999,0.000,0.999,0,0,999,0.000,0
4,19,2022,1,0,,15.280,12.160,81.000,89238.930,0.000,1354.519,310.328,0.000,0.000,0.000,0.000,0.000,0.000,-0.000,999,0.210,7.000,99,9999,99999,9,999999999,0.000,0.999,0,0,999,0.000,0
4,19,2022,2,0,,14.850,12.080,83.000,89238.930,0.000,1354.519,308.403,0.000,0.000,0.000,0.000,0.000,0.000,-0.000,999,0.210,7.000,99,9999,99999,9,999999999,0.000,0.999,0,0,999,0.000,0
4,19,2022,3,0,,14.410,12.000,85.000,89238.930,0.000,1354.519,306.388,0.000,0.000,0.000,0.000,0.000,0.000,-0.000,999,0.210,7.000,99,9999,99999,9,999999999,0.000,0.999,0,0,999,0.000,0
4,19,2022,4,0,,13.980,11.930,87.000,89238.930,0.000,1353.752,304.425,0.000,0.000,0.000,0.000,0.000,0.000,-0.000,999,0.210,7.000,99,9999,99999,9,999999999,0.000,0.999,0,0,999,0.000,0
4,19,2022,5,0,,13.540,11.840,89.000,89238.930,0.000,1353.752,302.375,0.000,0.000,0.000,0.000,0.000,0.000,-0.000,999,0.210,6.000,99,9999,99999,9,999999999,0.000,0.999,0,0,999,0.000,0
4,19,2022,6,0,,13.200,11.780,91.000,89238.930,0.000,1353.752,300.997,0.000,0.000,0.000,0.000,0.000,0.000,-0.000,999,0.210,6.000,99,9999,99999,9,999999999,0.000,0.999,0,0,999,0.000,0
4,19,2022,7,0,,12.920,11.730,92.000,89238.930,140.351,1353.752,299.547,0.000,0.000,0.000,0.000,0.000,0.000,0.000,999,0.210,6.000,99,9999,99999,9,999999999,0.000,0.999,0,0,999,0.000,0
4,19,2022,8,0,,12.630,11.680,93.000,89238.930,445.307,1353.752,298.029,143.970,41.263,130.429,17276.400,3919.939,14347.231,126.515,999,0.210,6.000,99,9999,99999,9,999999999,0.000,0.999,0,0,999,0.000,0
4,19,2022,9,0,,17.160,12.500,74.000,89238.930,715.320,1353.752,319.549,385.490,279.170,238.088,46258.800,26521.197,26189.724,143.534,999,0.220,2.000,99,9999,99999,9,999999999,0.000,0.999,0,0,999,0.000,0
4,19,2022,10,0,,19.070,12.840,67.000,89238.930,930.450,1353.752,328.705,599.950,485.562,266.327,71994.000,46128.423,29295.955,123.383,999,0.340,0.000,99,9999,99999,9,999999999,0.000,0.999,0,0,999,0.000,0
4,19,2022,11,0,,20.710,13.120,61.000,89238.930,1075.839,1353.752,336.257,760.690,591.608,290.615,91282.800,56202.718,31967.619,116.422,999,0.680,0.000,99,9999,99999,9,999999999,0.000,0.999,0,0,999,0.000,0
4,19,2022,12,0,,21.980,13.330,57.000,89238.930,1141.525,1353.752,342.390,844.630,712.885,243.576,101355.600,67724.031,26793.371,91.958,999,1.390,0.000,99,9999,99999,9,999999999,0.000,0.999,0,0,999,0.000,0
4,19,2022,13,0,,22.880,13.490,55.000,89238.930,1123.013,1353.752,347.378,863.220,838.629,167.623,103586.400,79669.750,18438.571,64.328,999,1.820,0.000,99,9999,99999,9,999999999,0.000,0.999,0,0,999,0.000,0
4,19,2022,14,0,,23.390,13.570,54.000,89238.930,1021.570,1353.752,350.318,806.560,894.481,131.716,96787.200,84975.688,14488.775,55.572,999,2.560,0.000,99,9999,99999,9,999999999,0.000,0.999,0,0,999,0.000,0
4,19,2022,15,0,,23.490,13.590,53.000,89238.930,844.138,1353.752,350.140,678.610,806.953,175.663,81433.200,76660.510,19322.979,89.713,999,3.490,0.000,99,9999,99999,9,999999999,0.000,0.999,0,0,999,0.000,0
4,19,2022,16,0,,23.050,13.510,54.000,89238.930,602.899,1353.752,347.748,499.500,682.727,195.803,59940.000,64859.041,21538.374,140.113,999,1.540,0.000,99,9999,99999,9,999999999,0.000,0.999,0,0,999,0.000,0
4,19,2022,17,0,,22.040,13.340,57.000,89238.930,314.698,1353.752,342.838,270.050,631.443,123.995,32406.000,59987.067,13639.401,170.635,999,0.930,4.000,99,9999,99999,9,999999999,0.000,0.999,0,0,999,0.000,0
4,19,2022,18,0,,20.600,13.100,62.000,89238.930,8.195,1353.752,336.227,43.050,0.000,0.000,5166.000,0.000,0.000,-0.000,999,0.210,8.000,99,9999,99999,9,999999999,0.000,0.999,0,0,999,0.000,0
4,19,2022,19,0,,19.920,12.980,64.000,89238.930,0.000,1353.752,332.744,0.000,0.000,0.000,0.000,0.000,0.000,-0.000,999,0.210,8.000,99,9999,99999,9,999999999,0.000,0.999,0,0,999,0.000,0
4,19,2022,20,0,,19.240,12.860,66.000,89238.930,0.000,1353.752,329.235,0.000,0.000,0.000,0.000,0.000,0.000,-0.000,999,0.210,8.000,99,9999,99999,9,999999999,0.000,0.999,0,0,999,0.000,0
4,19,2022,21,0,,18.570,12.750,68.000,89238.930,0.000,1353.752,325.775,0.000,0.000,0.000,0.000,0.000,0.000,-0.000,999,0.210,8.000,99,9999,99999,9,999999999,0.000,0.999,0,0,999,0.000,0
4,19,2022,22,0,,17.890,12.630,71.000,89238.930,0.000,1353.752,322.877,0.000,0.000,0.000,0.000,0.000,0.000,-0.000,999,0.210,8.000,99,9999,99999,9,999999999,0.000,0.999,0,0,999,0.000,0
4,19,2022,23,0,,17.210,12.510,73.000,89238.930,0.000,1353.752,319.285,0.000,0.000,0.000,0.000,0.000,0.000,-0.000,999,0.210,8.000,99,9999,99999,9,999999999,0.000,0.999,0,0,999,0.000,0
4,19,2022,24,0,,16.530,13.740,83.000,89238.930,0.000,1353.752,320.286,0.000,0.000,0.000,0.000,0.000,0.000,-0.000,999,0.180,8.000,99,9999,99999,9,999999999,0.000,0.999,0,0,999,0.000,0
4,20,2022,1,0,,16.190,13.650,84.000,89238.930,0.000,1353.752,318.397,0.000,0.000,0.000,0.000,0.000,0.000,-0.000,999,0.180,8.000,99,9999,99999,9,999999999,0.000,0.999,0,0,999,0.000,0
4,20,2022,2,0,,15.850,13.560,86.000,89238.930,0.000,1353.752,317.039,0.000,0.000,0.000,0.000,0.000,0.000,-0.000,999,0.180,8.000,99,9999,99999,9,999999999,0.000,0.999,0,0,999,0.000,0
4,20,2022,3,0,,15.510,13.460,87.000,89238.930,0.000,1353.752,315.142,0.000,0.000,0.000,0.000,0.000,0.000,-0.000,999,0.180,8.000,99,9999,99999,9,999999999,0.000,0.999,0,0,999,0.000,0
4,20,2022,4,0,,15.170,13.370,88.000,89238.930,0.000,1352.990,313.247,0.000,0.000,0.000,0.000,0.000,0.000,-0.000,999,0.180,8.000,99,9999,99999,9,999999999,0.000,0.999,0,0,999,0.000,0
4,20,2022,5,0,,14.830,13.270,90.000,89238.930,0.000,1352.990,311.850,0.000,0.000,0.000,0.000,0.000,0.000,-0.000,999,0.180,8.000,99,9999,99999,9,999999999,0.000,0.999,0,0,999,0.000,0
4,20,2022,6,0,,14.570,13.200,91.000,89238.930,0.000,1352.990,310.511,0.000,0.000,0.000,0.000,0.000,0.000,-0.000,999,0.180,8.000,99,9999,99999,9,999999999,0.000,0.999,0,0,999,0.000,0
4,20,2022,7,0,,14.340,13.140,92.000,89238.930,138.309,1352.990,309.381,0.000,0.000,0.000,0.000,0.000,0.000,0.000,999,0.180,8.000,99,9999,99999,9,999999999,0.000,0.999,0,0,999,0.000,0
4,20,2022,8,0,,14.120,13.070,93.000,89238.930,442.595,1352.990,308.317,104.880,0.000,104.880,12585.600,0.000,11536.800,102.301,999,0.180,8.000,99,9999,99999,9,999999999,0.000,0.999,0,0,999,0.000,0
4,20,2022,9,0,,17.310,13.950,80.000,89238.930,711.959,1352.990,324.211,280.750,82.414,237.416,33690.000,7829.338,26115.747,143.725,999,0.180,7.000,99,9999,99999,9,999999999,0.000,0.999,0,0,999,0.000,0
4,20,2022,10,0,,18.650,14.310,75.000,89238.930,926.482,1352.990,330.953,436.180,121.397,353.079,52341.600,11532.691,38838.721,164.182,999,0.240,6.000,99,9999,99999,9,999999999,0.000,0.999,0,0,999,0.000,0
4,20,2022,11,0,,19.800,14.610,71.000,89238.930,1071.344,1352.990,336.823,553.030,256.716,349.789,66363.600,24388.031,38476.786,140.636,999,0.570,6.000,99,9999,99999,9,999999999,0.000,0.999,0,0,999,0.000,0
4,20,2022,12,0,,20.720,14.850,69.000,89238.930,1136.617,1352.990,342.304,621.650,307.205,363.606,74598.000,29184.444,39996.623,137.789,999,1.070,5.000,99,9999,99999,9,999999999,0.000,0.999,0,0,999,0.000,0
4,20,2022,13,0,,21.370,15.010,67.000,89238.930,1117.838,1352.990,345.754,636.850,268.435,415.100,76422.000,25501.305,45660.990,159.948,999,1.210,5.000,99,9999,99999,9,999999999,0.000,0.999,0,0,999,0.000,0
4,20,2022,14,0,,21.750,15.110,65.000,89238.930,1016.291,1352.990,347.129,597.520,329.882,349.787,71702.400,31338.797,38476.593,148.262,999,1.380,5.000,99,9999,99999,9,999999999,0.000,0.999,0,0,999,0.000,0
4,20,2022,15,0,,21.840,15.130,65.000,89238.930,838.925,1352.990,347.811,506.570,390.663,264.452,60788.400,37112.996,29089.727,135.823,999,1.230,6.000,99,9999,99999,9,999999999,0.000,0.999,0,0,999,0.000,0
4,20,2022,16,0,,21.540,15.050,66.000,89238.930,597.921,1352.990,346.296,371.070,511.433,145.326,44528.400,48586.170,15985.902,104.802,999,0.790,6.000,99,9999,99999,9,999999999,0.000,0.999,0,0,999,0.000,0
4,20,2022,17,0,,20.830,14.870,68.000,89238.930,310.115,1352.990,342.416,203.290,596.713,67.221,24394.800,56687.706,7394.343,93.835,999,0.340,7.000,99,9999,99999,9,999999999,0.000,0.999,0,0,999,0.000,0
4,20,2022,18,0,,19.810,14.610,71.000,89238.930,4.729,1352.990,336.898,34.190,0.000,0.000,4102.800,0.000,0.000,-0.000,999,0.180,8.000,99,9999,99999,9,999999999,0.000,0.999,0,0,999,0.000,0
4,20,2022,19,0,,19.240,14.460,73.000,89238.930,0.000,1352.990,334.010,0.000,0.000,0.000,0.000,0.000,0.000,-0.000,999,0.180,8.000,99,9999,99999,9,999999999,0.000,0.999,0,0,999,0.000,0
4,20,2022,20,0,,18.670,14.310,75.000,89238.930,0.000,1352.990,331.100,0.000,0.000,0.000,0.000,0.000,0.000,-0.000,999,0.180,8.000,99,9999,99999,9,999999999,0.000,0.999,0,0,999,0.000,0
4,20,2022,21,0,,18.090,14.160,77.000,89238.930,0.000,1352.990,328.096,0.000,0.000,0.000,0.000,0.000,0.000,-0.000,999,0.180,8.000,99,9999,99999,9,999999999,0.000,0.999,0,0,999,0.000,0
4,20,2022,22,0,,17.520,14.010,79.000,89238.930,0.000,1352.990,325.149,0.000,0.000,0.000,0.000,0.000,0.000,-0.000,999,0.180,8.000,99,9999,99999,9,999999999,0.000,0.999,0,0,999,0.000,0
4,20,2022,23,0,,16.940,13.850,82.000,89238.930,0.000,1352.990,322.679,0.000,0.000,0.000,0.000,0.000,0.000,-0.000,999,0.180,8.000,99,9999,99999,9,999999999,0.000,0.999,0,0,999,0.000,0
4,20,2022,24,0,,16.370,13.860,85.000,89238.930,0.000,1352.990,320.227,0.000,0.000,0.000,0.000,0.000,0.000,-0.000,999,0.300,8.000,99,9999,99999,9,999999999,0.000,0.999,0,0,999,0.000,0
4,21,2022,1,0,,16.080,13.780,86.000,89238.930,0.000,1352.990,318.681,0.000,0.000,0.000,0.000,0.000,0.000,-0.000,999,0.300,8.000,99,9999,99999,9,999999999,0.000,0.999,0,0,999,0.000,0
4,21,2022,2,0,,15.790,13.700,87.000,89238.930,0.000,1352.990,317.134,0.000,0.000,0.000,0.000,0.000,0.000,-0.000,999,0.300,7.000,99,9999,99999,9,999999999,0.000,0.999,0,0,999,0.000,0
4,21,2022,3,0,,15.510,13.620,88.000,89238.930,0.000,1352.990,315.657,0.000,0.000,0.000,0.000,0.000,0.000,-0.000,999,0.300,7.000,99,9999,99999,9,999999999,0.000,0.999,0,0,999,0.000,0
4,21,2022,4,0,,15.220,13.540,89.000,89238.930,0.000,1352.232,314.107,0.000,0.000,0.000,0.000,0.000,0.000,-0.000,999,0.300,7.000,99,9999,99999,9,999999999,0.000,0.999,0,0,999,0.000,0
4,21,2022,5,0,,14.930,13.460,90.000,89238.930,0.000,1352.232,312.556,0.000,0.000,0.000,0.000,0.000,0.000,-0.000,999,0.300,7.000,99,9999,99999,9,999999999,0.000,0.999,0,0,999,0.000,0
4,21,2022,6,0,,14.710,13.400,91.000,89238.930,0.000,1352.232,311.496,0.000,0.000,0.000,0.000,0.000,0.000,-0.000,999,0.300,7.000,99,9999,99999,9,999999999,0.000,0.999,0,0,999,0.000,0
4,21,2022,7,0,,14.520,13.340,92.000,89238.930,136.252,1352.232,310.645,0.000,0.000,0.000,0.000,0.000,0.000,0.000,999,0.300,7.000,99,9999,99999,9,999999999,0.000,0.999,0,0,999,0.000,0
4,21,2022,8,0,,14.330,13.290,93.000,89238.930,439.864,1352.232,309.789,122.290,14.237,117.670,14674.800,1352.559,12943.706,115.428,999,0.300,7.000,99,9999,99999,9,999999999,0.000,0.999,0,0,999,0.000,0
4,21,2022,9,0,,17.830,14.260,79.000,89238.930,708.582,1352.232,327.402,337.180,176.295,244.871,40461.600,16748.060,26935.817,148.862,999,0.300,5.000,99,9999,99999,9,999999999,0.000,0.999,0,0,999,0.000,0
4,21,2022,10,0,,19.050,14.590,75.000,89238.930,922.500,1352.232,333.897,470.040,166.022,356.817,56404.800,15772.113,39249.859,166.543,999,0.300,5.000,99,9999,99999,9,999999999,0.000,0.999,0,0,999,0.000,0
4,21,2022,11,0,,20.440,14.950,70.000,89238.930,1066.842,1352.232,340.907,673.530,423.349,339.589,80823.600,40218.148,37354.782,137.035,999,0.300,2.000,99,9999,99999,9,999999999,0.000,0.999,0,0,999,0.000,0
4,21,2022,12,0,,21.580,15.250,67.000,89238.930,1131.714,1352.232,347.344,774.730,499.909,356.397,92967.600,47491.367,39203.695,135.567,999,0.300,0.000,99,9999,99999,9,999999999,0.000,0.999,0,0,999,0.000,0
4,21,2022,13,0,,22.260,15.420,65.000,89238.930,1112.679,1352.232,351.008,745.040,417.253,401.753,89404.800,39639.026,44192.840,155.436,999,0.790,3.000,99,9999,99999,9,999999999,0.000,0.999,0,0,999,0.000,0
4,21,2022,14,0,,22.570,15.500,64.000,89238.930,1011.040,1352.232,352.600,661.830,483.088,300.717,79419.600,45893.377,33078.882,128.054,999,1.290,4.000,99,9999,99999,9,999999999,0.000,0.999,0,0,999,0.000,0
4,21,2022,15,0,,22.570,15.500,64.000,89238.930,833.754,1352.232,352.600,541.010,555.922,198.406,64921.200,52812.545,21824.649,102.477,999,0.570,5.000,99,9999,99999,9,999999999,0.000,0.999,0,0,999,0.000,0
4,21,2022,16,0,,22.100,15.380,65.000,89238.930,592.996,1352.232,349.788,379.040,523.262,149.854,45484.800,49709.927,16483.961,108.906,999,0.510,6.000,99,9999,99999,9,999999999,0.000,0.999,0,0,999,0.000,0
4,21,2022,17,0,,21.320,15.180,68.000,89238.930,305.597,1352.232,346.108,221.320,608.319,84.569,26558.400,57790.276,9302.641,119.747,999,0.760,6.000,99,9999,99999,9,999999999,0.000,0.999,0,0,999,0.000,0
4,21,2022,18,0,,20.240,14.900,71.000,89238.930,1.354,1352.232,340.101,31.040,0.000,0.000,3724.800,0.000,0.000,-0.000,999,0.300,8.000,99,9999,99999,9,999999999,0.000,0.999,0,0,999,0.000,0
4,21,2022,19,0,,19.710,14.760,73.000,89238.930,0.000,1352.232,337.493,0.000,0.000,0.000,0.000,0.000,0.000,-0.000,999,0.300,8.000,99,9999,99999,9,999999999,0.000,0.999,0,0,999,0.000,0
4,21,2022,20,0,,19.170,14.620,74.000,89238.930,0.000,1352.232,334.143,0.000,0.000,0.000,0.000,0.000,0.000,-0.000,999,0.300,8.000,99,9999,99999,9,999999999,0.000,0.999,0,0,999,0.000,0
4,21,2022,21,0,,18.640,14.480,76.000,89238.930,0.000,1352.232,331.506,0.000,0.000,0.000,0.000,0.000,0.000,-0.000,999,0.300,8.000,99,9999,99999,9,999999999,0.000,0.999,0,0,999,0.000,0
4,21,2022,22,0,,18.110,14.340,78.000,89238.930,0.000,1352.232,328.848,0.000,0.000,0.000,0.000,0.000,0.000,-0.000,999,0.300,8.000,99,9999,99999,9,999999999,0.000,0.999,0,0,999,0.000,0
4,21,2022,23,0,,17.580,14.190,80.000,89238.930,0.000,1352.232,326.169,0.000,0.000,0.000,0.000,0.000,0.000,-0.000,999,0.300,8.000,99,9999,99999,9,999999999,0.000,0.999,0,0,999,0.000,0
4,21,2022,24,0,,17.050,13.900,81.000,89238.930,0.000,1352.232,322.907,0.000,0.000,0.000,0.000,0.000,0.000,-0.000,999,0.280,8.000,99,9999,99999,9,999999999,0.000,0.999,0,0,999,0.000,0
4,22,2022,1,0,,16.790,13.950,83.000,89238.930,0.000,1352.232,322.156,0.000,0.000,0.000,0.000,0.000,0.000,-0.000,999,0.280,8.000,99,9999,99999,9,999999999,0.000,0.999,0,0,999,0.000,0
4,22,2022,2,0,,16.520,14.010,85.000,89238.930,0.000,1352.232,321.305,0.000,0.000,0.000,0.000,0.000,0.000,-0.000,999,0.280,8.000,99,9999,99999,9,999999999,0.000,0.999,0,0,999,0.000,0
4,22,2022,3,0,,16.260,14.070,86.000,89238.930,0.000,1352.232,319.972,0.000,0.000,0.000,0.000,0.000,0.000,-0.000,999,0.280,8.000,99,9999,99999,9,999999999,0.000,0.999,0,0,999,0.000,0
4,22,2022,4,0,,15.990,14.130,88.000,89238.930,0.000,1351.479,319.084,0.000,0.000,0.000,0.000,0.000,0.000,-0.000,999,0.280,8.000,99,9999,99999,9,999999999,0.000,0.999,0,0,999,0.000,0
4,22,2022,5,0,,15.730,14.180,90.000,89238.930,0.000,1351.479,318.244,0.000,0.000,0.000,0.000,0.000,0.000,-0.000,999,0.280,8.000,99,9999,99999,9,999999999,0.000,0.999,0,0,999,0.000,0
4,22,2022,6,0,,15.520,14.230,92.000,89238.930,0.000,1351.479,317.739,0.000,0.000,0.000,0.000,0.000,0.000,-0.000,999,0.280,8.000,99,9999,99999,9,999999999,0.000,0.999,0,0,999,0.000,0
4,22,2022,7,0,,15.340,14.270,93.000,89238.930,134.181,1351.479,316.942,0.000,0.000,0.000,0.000,0.000,0.000,0.000,999,0.280,8.000,99,9999,99999,9,999999999,0.000,0.999,0,0,999,0.000,0
4,22,2022,8,0,,15.170,14.300,94.000,89238.930,437.116,1351.479,316.212,88.430,0.000,88.430,10611.600,0.000,9727.300,87.245,999,0.280,8.000,99,9999,99999,9,999999999,0.000,0.999,0,0,999,0.000,0
4,22,2022,9,0,,17.610,13.770,78.000,89238.930,705.188,1351.479,325.209,276.370,77.859,235.776,33164.400,7396.559,25935.359,143.944,999,0.280,7.000,99,9999,99999,9,999999999,0.000,0.999,0,0,999,0.000,0
4,22,2022,10,0,,19.040,13.460,70.000,89238.930,918.508,1351.479,330.549,505.310,257.137,330.611,60637.200,24428.039,36367.238,154.897,999,0.280,4.000,99,9999,99999,9,999999999,0.000,0.999,0,0,999,0.000,0
4,22,2022,11,0,,20.180,13.200,64.000,89238.930,1062.337,1351.479,334.653,629.340,329.286,370.551,75520.800,31282.132,40760.566,150.080,999,0.280,4.000,99,9999,99999,9,999999999,0.000,0.999,0,0,999,0.000,0
4,22,2022,12,0,,21.250,12.950,59.000,89238.930,1126.817,1351.479,338.641,777.320,507.126,354.550,93278.400,48177.007,39000.492,135.375,999,0.450,0.000,99,9999,99999,9,999999999,0.000,0.999,0,0,999,0.000,0
4,22,2022,13,0,,21.780,12.830,56.000,89238.930,1107.539,1351.479,340.039,693.270,412.731,355.085,83192.400,39209.440,39059.357,137.942,999,1.280,4.000,99,9999,99999,9,999999999,0.000,0.999,0,0,999,0.000,0
4,22,2022,14,0,,21.990,12.780,55.000,89238.930,1005.822,1351.479,340.721,604.250,342.014,349.771,72510.000,32491.327,38474.757,149.632,999,1.210,5.000,99,9999,99999,9,999999999,0.000,0.999,0,0,999,0.000,0
4,22,2022,15,0,,22.100,12.760,55.000,89238.930,828.629,1351.479,341.539,577.890,651.807,178.444,69346.800,61921.707,19628.818,92.686,999,1.060,4.000,99,9999,99999,9,999999999,0.000,0.999,0,0,999,0.000,0
4,22,2022,16,0,,21.940,12.790,56.000,89238.930,588.130,1351.479,341.228,455.700,671.320,163.924,54684.000,63775.364,18031.590,120.052,999,0.430,3.000,99,9999,99999,9,999999999,0.000,0.999,0,0,999,0.000,0
4,22,2022,17,0,,21.330,12.930,58.000,89238.930,301.148,1351.479,338.406,242.180,603.765,108.375,29061.600,57357.683,11921.284,155.660,999,0.280,5.000,99,9999,99999,9,999999999,0.000,0.999,0,0,999,0.000,0
4,22,2022,18,0,,20.400,13.150,63.000,89238.930,0.000,1351.479,335.520,34.960,0.000,0.000,4195.200,0.000,0.000,-0.000,999,0.280,8.000,99,9999,99999,9,999999999,0.000,0.999,0,0,999,0.000,0
4,22,2022,19,0,,19.820,13.280,65.000,89238.930,0.000,1351.479,332.748,0.000,0.000,0.000,0.000,0.000,0.000,-0.000,999,0.280,8.000,99,9999,99999,9,999999999,0.000,0.999,0,0,999,0.000,0
4,22,2022,20,0,,19.230,13.410,69.000,89238.930,0.000,1351.479,331.259,0.000,0.000,0.000,0.000,0.000,0.000,-0.000,999,0.280,8.000,99,9999,99999,9,999999999,0.000,0.999,0,0,999,0.000,0
4,22,2022,21,0,,18.650,13.540,72.000,89238.930,0.000,1351.479,329.029,0.000,0.000,0.000,0.000,0.000,0.000,-0.000,999,0.280,8.000,99,9999,99999,9,999999999,0.000,0.999,0,0,999,0.000,0
4,22,2022,22,0,,18.060,13.670,75.000,89238.930,0.000,1351.479,326.647,0.000,0.000,0.000,0.000,0.000,0.000,-0.000,999,0.280,8.000,99,9999,99999,9,999999999,0.000,0.999,0,0,999,0.000,0
4,22,2022,23,0,,17.480,13.800,78.000,89238.930,0.000,1351.479,324.268,0.000,0.000,0.000,0.000,0.000,0.000,-0.000,999,0.280,8.000,99,9999,99999,9,999999999,0.000,0.999,0,0,999,0.000,0
4,22,2022,24,0,,16.900,14.580,82.000,89238.930,0.000,1351.479,322.391,0.000,0.000,0.000,0.000,0.000,0.000,-0.000,999,0.180,8.000,99,9999,99999,9,999999999,0.000,0.999,0,0,999,0.000,0
4,23,2022,1,0,,16.600,14.500,87.000,89238.930,0.000,1351.479,322.953,0.000,0.000,0.000,0.000,0.000,0.000,-0.000,999,0.180,8.000,99,9999,99999,9,999999999,0.090,0.999,0,0,999,0.090,99
4,23,2022,2,0,,16.310,14.430,84.000,89238.930,0.000,1351.479,319.256,0.000,0.000,0.000,0.000,0.000,0.000,-0.000,999,0.180,8.000,99,9999,99999,9,999999999,0.000,0.999,0,0,999,0.000,0
4,23,2022,3,0,,16.020,14.350,88.000,89238.930,0.000,1351.479,319.299,0.000,0.000,0.000,0.000,0.000,0.000,-0.000,999,0.180,8.000,99,9999,99999,9,999999999,0.190,0.999,0,0,999,0.190,99
4,23,2022,4,0,,15.730,14.280,86.000,89238.930,0.000,1350.732,316.184,0.000,0.000,0.000,0.000,0.000,0.000,-0.000,999,0.180,8.000,99,9999,99999,9,999999999,0.000,0.999,0,0,999,0.000,0
4,23,2022,5,0,,15.430,14.200,87.000,89238.930,0.000,1350.732,314.575,0.000,0.000,0.000,0.000,0.000,0.000,-0.000,999,0.180,8.000,99,9999,99999,9,999999999,0.000,0.999,0,0,999,0.000,0
4,23,2022,6,0,,15.210,14.140,91.000,89238.930,0.000,1350.732,315.035,0.000,0.000,0.000,0.000,0.000,0.000,-0.000,999,0.230,8.000,99,9999,99999,9,999999999,0.030,0.999,0,0,999,0.030,99
4,23,2022,7,0,,15.020,14.090,95.000,89238.930,132.097,1350.732,315.620,0.000,0.000,0.000,0.000,0.000,0.000,0.000,999,0.180,8.000,99,9999,99999,9,999999999,3.610,0.999,0,0,999,3.610,99
4,23,2022,8,0,,14.820,14.040,92.000,89238.930,434.352,1350.732,312.760,71.680,0.000,71.680,8601.600,0.000,7884.800,71.132,999,0.180,8.000,99,9999,99999,9,999999999,0.050,0.999,0,0,999,0.050,99
4,23,2022,9,0,,16.320,14.430,84.000,89238.930,701.780,1350.732,319.327,131.320,0.000,131.320,15758.400,0.000,14445.200,80.518,999,0.300,8.000,99,9999,99999,9,999999999,0.000,0.999,0,0,999,0.000,0
4,23,2022,10,0,,17.260,14.670,81.000,89238.930,914.505,1350.732,324.425,290.940,17.569,279.049,34912.800,1669.018,30695.434,131.240,999,0.290,8.000,99,9999,99999,9,999999999,0.000,0.999,0,0,999,0.000,0
4,23,2022,11,0,,18.010,14.850,79.000,89238.930,1057.830,1350.732,328.715,369.240,21.685,352.261,44308.800,2060.042,38748.682,143.202,999,0.630,8.000,99,9999,99999,9,999999999,0.000,0.999,0,0,999,0.000,0
4,23,2022,12,0,,18.600,15.000,78.000,89238.930,1121.929,1350.732,332.444,415.070,25.846,393.605,49808.400,2455.397,43296.516,150.859,999,0.630,8.000,99,9999,99999,9,999999999,0.000,0.999,0,0,999,0.000,0
4,23,2022,13,0,,19.020,15.100,77.000,89238.930,1102.420,1350.732,334.932,424.940,30.656,399.923,50992.800,2912.355,43991.533,155.996,999,1.100,8.000,99,9999,99999,9,999999999,0.000,0.999,0,0,999,0.000,0
4,23,2022,14,0,,19.260,15.160,80.000,89238.930,1000.638,1350.732,338.558,398.110,61.456,352.593,47773.200,5838.359,38785.268,151.538,999,1.220,8.000,99,9999,99999,9,999999999,0.010,0.999,0,0,999,0.010,99
4,23,2022,15,0,,19.330,15.180,79.000,89238.930,823.551,1350.732,338.473,336.600,80.490,287.549,40392.000,7646.550,31630.389,150.195,999,1.350,8.000,99,9999,99999,9,999999999,0.020,0.999,0,0,999,0.020,99
4,23,2022,16,0,,19.160,15.140,76.000,89238.930,583.323,1350.732,335.344,245.190,124.485,191.498,29422.800,11826.117,21064.835,141.328,999,0.550,8.000,99,9999,99999,9,999999999,0.000,0.999,0,0,999,0.000,0
4,23,2022,17,0,,18.740,15.040,77.000,89238.930,296.770,1350.732,332.863,132.270,269.081,73.481,15872.400,25562.732,8082.883,107.056,999,0.770,8.000,99,9999,99999,9,999999999,0.000,0.999,0,0,999,0.000,0
4,23,2022,18,0,,18.150,14.890,79.000,89238.930,0.000,1350.732,329.740,19.820,0.000,0.000,2378.400,0.000,0.000,-0.000,999,0.290,8.000,99,9999,99999,9,999999999,0.000,0.999,0,0,999,0.000,0
4,23,2022,19,0,,17.780,14.800,80.000,89238.930,0.000,1350.732,327.626,0.000,0.000,0.000,0.000,0.000,0.000,-0.000,999,0.220,8.000,99,9999,99999,9,999999999,0.000,0.999,0,0,999,0.000,0
4,23,2022,20,0,,17.420,14.710,81.000,89238.930,0.000,1350.732,325.585,0.000,0.000,0.000,0.000,0.000,0.000,-0.000,999,0.180,8.000,99,9999,99999,9,999999999,0.000,0.999,0,0,999,0.000,0
4,23,2022,21,0,,17.060,14.620,82.000,89238.930,0.000,1350.732,323.546,0.000,0.000,0.000,0.000,0.000,0.000,-0.000,999,0.180,8.000,99,9999,99999,9,999999999,0.000,0.999,0,0,999,0.000,0
4,23,2022,22,0,,16.690,14.520,83.000,89238.930,0.000,1350.732,321.436,0.000,0.000,0.000,0.000,0.000,0.000,-0.000,999,0.180,8.000,99,9999,99999,9,999999999,0.000,0.999,0,0,999,0.000,0
4,23,2022,23,0,,16.330,14.430,84.000,89238.930,0.000,1350.732,319.399,0.000,0.000,0.000,0.000,0.000,0.000,-0.000,999,0.180,8.000,99,9999,99999,9,999999999,0.000,0.999,0,0,999,0.000,0
4,23,2022,24,0,,15.970,14.370,95.000,89238.930,0.000,1350.732,322.447,0.000,0.000,0.000,0.000,0.000,0.000,-0.000,999,0.030,8.000,99,9999,99999,9,999999999,0.010,0.999,0,0,999,0.010,99
4,24,2022,1,0,,15.780,14.400,91.000,89238.930,0.000,1350.732,319.106,0.000,0.000,0.000,0.000,0.000,0.000,-0.000,999,0.030,8.000,99,9999,99999,9,999999999,0.000,0.999,0,0,999,0.000,0
4,24,2022,2,0,,15.600,14.430,92.000,89238.930,0.000,1350.732,318.312,0.000,0.000,0.000,0.000,0.000,0.000,-0.000,999,0.030,8.000,99,9999,99999,9,999999999,0.000,0.999,0,0,999,0.000,0
4,24,2022,3,0,,15.420,14.460,94.000,89238.930,0.000,1350.732,318.000,0.000,0.000,0.000,0.000,0.000,0.000,-0.000,999,0.040,8.000,99,9999,99999,9,999999999,0.000,0.999,0,0,999,0.000,0
4,24,2022,4,0,,15.240,14.490,95.000,89238.930,0.000,1349.989,317.191,0.000,0.000,0.000,0.000,0.000,0.000,-0.000,999,0.110,8.000,99,9999,99999,9,999999999,0.000,0.999,0,0,999,0.000,0
4,24,2022,5,0,,15.060,14.510,96.000,89238.930,0.000,1349.989,316.378,0.000,0.000,0.000,0.000,0.000,0.000,-0.000,999,0.120,8.000,99,9999,99999,9,999999999,0.000,0.999,0,0,999,0.000,0
4,24,2022,6,0,,14.920,14.530,97.000,89238.930,0.000,1349.989,315.847,0.000,0.000,0.000,0.000,0.000,0.000,-0.000,999,0.260,8.000,99,9999,99999,9,999999999,0.000,0.999,0,0,999,0.000,0
4,24,2022,7,0,,14.800,14.550,98.000,89238.930,129.998,1349.989,315.453,0.000,0.000,0.000,0.000,0.000,0.000,0.000,999,0.360,8.000,99,9999,99999,9,999999999,0.000,0.999,0,0,999,0.000,0
4,24,2022,8,0,,14.680,14.570,99.000,89238.930,431.571,1349.989,315.055,79.030,0.000,79.030,9483.600,0.000,8693.300,78.891,999,0.420,8.000,99,9999,99999,9,999999999,0.000,0.999,0,0,999,0.000,0
4,24,2022,9,0,,16.570,14.280,86.000,89238.930,698.357,1349.989,322.203,216.110,20.165,205.687,25933.200,1915.718,22625.531,126.665,999,0.500,8.000,99,9999,99999,9,999999999,0.000,0.999,0,0,999,0.000,0
4,24,2022,10,0,,17.380,14.150,81.000,89238.930,910.495,1349.989,325.295,337.310,65.965,292.836,40477.200,6266.679,32211.938,138.255,999,0.570,8.000,99,9999,99999,9,999999999,0.000,0.999,0,0,999,0.000,0
4,24,2022,11,0,,18.080,14.040,77.000,89238.930,1053.323,1349.989,328.023,428.250,99.486,350.641,51390.000,9451.132,38570.560,143.075,999,0.970,7.000,99,9999,99999,9,999999999,0.000,0.999,0,0,999,0.000,0
4,24,2022,12,0,,18.640,13.960,74.000,89238.930,1117.053,1349.989,330.246,481.420,119.450,382.594,57770.400,11347.716,42085.380,147.199,999,1.010,7.000,99,9999,99999,9,999999999,0.000,0.999,0,0,999,0.000,0
4,24,2022,13,0,,19.030,13.890,72.000,89238.930,1097.326,1349.989,331.809,492.760,143.246,376.341,59131.200,13608.407,41397.521,147.398,999,1.440,7.000,99,9999,99999,9,999999999,0.000,0.999,0,0,999,0.000,0
4,24,2022,14,0,,19.250,13.860,70.000,89238.930,995.492,1349.989,332.087,461.440,114.251,377.211,55372.800,10853.834,41493.244,162.867,999,1.400,7.000,99,9999,99999,9,999999999,0.000,0.999,0,0,999,0.000,0
4,24,2022,15,0,,19.310,13.850,70.000,89238.930,818.524,1349.989,332.528,389.800,139.856,305.045,46776.000,13286.340,33554.988,160.226,999,1.190,8.000,99,9999,99999,9,999999999,0.000,0.999,0,0,999,0.000,0
4,24,2022,16,0,,19.120,13.880,71.000,89238.930,578.579,1349.989,331.806,283.430,226.131,186.640,34011.600,21482.446,20530.435,138.799,999,0.550,8.000,99,9999,99999,9,999999999,0.000,0.999,0,0,999,0.000,0
4,24,2022,17,0,,18.680,13.950,78.000,89238.930,292.465,1349.989,333.034,152.110,444.237,56.424,18253.200,42202.546,6206.588,83.382,999,0.240,8.000,99,9999,99999,9,999999999,0.090,0.999,0,0,999,0.090,99
4,24,2022,18,0,,18.070,14.050,77.000,89238.930,0.000,1349.989,327.950,21.890,0.000,0.000,2626.800,0.000,0.000,-0.000,999,0.130,8.000,99,9999,99999,9,999999999,0.000,0.999,0,0,999,0.000,0
4,24,2022,19,0,,17.790,14.090,78.000,89238.930,0.000,1349.989,326.516,0.000,0.000,0.000,0.000,0.000,0.000,-0.000,999,0.050,8.000,99,9999,99999,9,999999999,0.000,0.999,0,0,999,0.000,0
4,24,2022,20,0,,17.520,14.130,85.000,89238.930,0.000,1349.989,328.567,0.000,0.000,0.000,0.000,0.000,0.000,-0.000,999,0.030,8.000,99,9999,99999,9,999999999,0.020,0.999,0,0,999,0.020,99
4,24,2022,21,0,,17.240,14.180,92.000,89238.930,0.000,1349.989,330.233,0.000,0.000,0.000,0.000,0.000,0.000,-0.000,999,0.040,8.000,99,9999,99999,9,999999999,1.830,0.999,0,0,999,1.830,99
4,24,2022,22,0,,16.970,14.220,88.000,89238.930,0.000,1349.989,326.170,0.000,0.000,0.000,0.000,0.000,0.000,-0.000,999,0.030,8.000,99,9999,99999,9,999999999,0.040,0.999,0,0,999,0.040,99
4,24,2022,23,0,,16.690,14.260,90.000,89238.930,0.000,1349.989,325.175,0.000,0.000,0.000,0.000,0.000,0.000,-0.000,999,0.130,8.000,99,9999,99999,9,999999999,0.010,0.999,0,0,999,0.010,99
4,24,2022,24,0,,16.410,14.870,91.000,89238.930,0.000,1349.989,323.652,0.000,0.000,0.000,0.000,0.000,0.000,-0.000,999,0.200,8.000,99,9999,99999,9,999999999,0.050,0.999,0,0,999,0.050,99
4,25,2022,1,0,,16.280,14.830,92.000,89238.930,0.000,1349.989,323.214,0.000,0.000,0.000,0.000,0.000,0.000,-0.000,999,0.630,8.000,99,9999,99999,9,999999999,0.030,0.999,0,0,999,0.030,99
4,25,2022,2,0,,16.140,14.800,92.000,89238.930,0.000,1349.989,322.200,0.000,0.000,0.000,0.000,0.000,0.000,-0.000,999,0.470,8.000,99,9999,99999,9,999999999,0.300,0.999,0,0,999,0.300,99
4,25,2022,3,0,,16.000,14.770,89.000,89238.930,0.000,1349.989,319.671,0.000,0.000,0.000,0.000,0.000,0.000,-0.000,999,0.380,8.000,99,9999,99999,9,999999999,0.000,0.999,0,0,999,0.000,0
4,25,2022,4,0,,15.860,14.730,89.000,89238.930,0.000,1349.253,318.667,0.000,0.000,0.000,0.000,0.000,0.000,-0.000,999,0.320,8.000,99,9999,99999,9,999999999,0.000,0.999,0,0,999,0.000,0
4,25,2022,5,0,,15.730,14.700,90.000,89238.930,0.000,1349.253,318.244,0.000,0.000,0.000,0.000,0.000,0.000,-0.000,999,0.410,8.000,99,9999,99999,9,999999999,0.000,0.999,0,0,999,0.000,0
4,25,2022,6,0,,15.620,14.670,90.000,89238.930,0.000,1349.253,317.457,0.000,0.000,0.000,0.000,0.000,0.000,-0.000,999,0.310,8.000,99,9999,99999,9,999999999,0.000,0.999,0,0,999,0.000,0
4,25,2022,7,0,,15.530,14.650,94.000,89238.930,127.886,1349.253,318.789,0.000,0.000,0.000,0.000,0.000,0.000,0.000,999,0.200,8.000,99,9999,99999,9,999999999,0.020,0.999,0,0,999,0.020,99
4,25,2022,8,0,,15.440,14.630,91.000,89238.930,428.775,1349.253,316.672,77.840,0.000,77.840,9340.800,0.000,8562.400,78.169,999,0.370,8.000,99,9999,99999,9,999999999,0.000,0.999,0,0,999,0.000,0
4,25,2022,9,0,,17.520,15.140,83.000,89238.930,694.922,1349.253,327.451,214.060,19.735,203.904,25687.200,1874.833,22429.421,126.120,999,0.430,8.000,99,9999,99999,9,999999999,0.000,0.999,0,0,999,0.000,0
4,25,2022,10,0,,18.410,15.350,80.000,89238.930,906.478,1349.253,332.245,334.510,65.072,290.808,40141.200,6181.866,31988.838,137.831,999,0.510,8.000,99,9999,99999,9,999999999,0.000,0.999,0,0,999,0.000,0
4,25,2022,11,0,,19.180,15.530,78.000,89238.930,1048.820,1349.253,336.740,424.860,98.295,348.467,50983.200,9338.012,38331.342,142.721,999,0.970,7.000,99,9999,99999,9,999999999,0.000,0.999,0,0,999,0.000,0
4,25,2022,12,0,,19.790,15.670,76.000,89238.930,1112.192,1349.253,340.039,477.620,118.083,380.297,57314.400,11217.900,41832.703,146.875,999,0.990,7.000,99,9999,99999,9,999999999,0.000,0.999,0,0,999,0.000,0
4,25,2022,13,0,,20.230,15.770,75.000,89238.930,1092.259,1349.253,342.699,488.780,141.680,374.104,58653.600,13459.608,41151.395,147.122,999,2.300,7.000,99,9999,99999,9,999999999,0.000,0.999,0,0,999,0.000,0
4,25,2022,14,0,,20.480,15.830,74.000,89238.930,990.387,1349.253,343.926,457.510,113.079,374.528,54901.200,10742.542,41198.039,162.454,999,2.390,7.000,99,9999,99999,9,999999999,0.000,0.999,0,0,999,0.000,0
4,25,2022,15,0,,20.530,15.840,74.000,89238.930,813.550,1349.253,344.304,386.150,138.584,302.632,46338.000,13165.512,33289.474,159.844,999,2.080,8.000,99,9999,99999,9,999999999,0.000,0.999,0,0,999,0.000,0
4,25,2022,16,0,,20.330,15.800,79.000,89238.930,573.900,1349.253,346.012,280.270,224.569,184.876,33632.400,21334.077,20336.396,138.536,999,1.970,8.000,99,9999,99999,9,999999999,0.010,0.999,0,0,999,0.010,99
4,25,2022,17,0,,19.840,15.680,76.000,89238.930,288.235,1349.253,340.414,149.650,443.622,55.443,17958.000,42144.092,6098.678,83.104,999,1.730,8.000,99,9999,99999,9,999999999,0.000,0.999,0,0,999,0.000,0
4,25,2022,18,0,,19.160,15.520,90.000,89238.930,0.000,1349.253,343.542,20.670,0.000,0.000,2480.400,0.000,0.000,-0.000,999,0.890,8.000,99,9999,99999,9,999999999,5.340,0.999,0,0,999,5.340,99
4,25,2022,19,0,,18.840,15.450,83.000,89238.930,0.000,1349.253,337.196,0.000,0.000,0.000,0.000,0.000,0.000,-0.000,999,0.400,8.000,99,9999,99999,9,999999999,0.150,0.999,0,0,999,0.150,99
4,25,2022,20,0,,18.520,15.370,84.000,89238.930,0.000,1349.253,335.387,0.000,0.000,0.000,0.000,0.000,0.000,-0.000,999,0.160,8.000,99,9999,99999,9,999999999,0.090,0.999,0,0,999,0.090,99
4,25,2022,21,0,,18.200,15.300,81.000,89238.930,0.000,1349.253,331.287,0.000,0.000,0.000,0.000,0.000,0.000,-0.000,999,0.230,8.000,99,9999,99999,9,999999999,0.000,0.999,0,0,999,0.000,0
4,25,2022,22,0,,17.880,15.220,82.000,89238.930,0.000,1349.253,329.516,0.000,0.000,0.000,0.000,0.000,0.000,-0.000,999,0.170,8.000,99,9999,99999,9,999999999,0.000,0.999,0,0,999,0.000,0
4,25,2022,23,0,,17.560,15.140,83.000,89238.930,0.000,1349.253,327.743,0.000,0.000,0.000,0.000,0.000,0.000,-0.000,999,0.270,8.000,99,9999,99999,9,999999999,0.000,0.999,0,0,999,0.000,0
4,25,2022,24,0,,17.240,15.730,88.000,89238.930,0.000,1349.253,328.143,0.000,0.000,0.000,0.000,0.000,0.000,-0.000,999,1.680,8.000,99,9999,99999,9,999999999,0.010,0.999,0,0,999,0.010,99
4,26,2022,1,0,,17.080,15.670,88.000,89238.930,0.000,1349.253,326.973,0.000,0.000,0.000,0.000,0.000,0.000,-0.000,999,1.400,8.000,99,9999,99999,9,999999999,0.100,0.999,0,0,999,0.100,99
4,26,2022,2,0,,16.920,15.610,88.000,89238.930,0.000,1349.253,325.805,0.000,0.000,0.000,0.000,0.000,0.000,-0.000,999,0.730,8.000,99,9999,99999,9,999999999,0.180,0.999,0,0,999,0.180,99
4,26,2022,3,0,,16.750,15.550,86.000,89238.930,0.000,1349.253,323.504,0.000,0.000,0.000,0.000,0.000,0.000,-0.000,999,0.640,8.000,99,9999,99999,9,999999999,0.000,0.999,0,0,999,0.000,0
4,26,2022,4,0,,16.590,15.500,89.000,89238.930,0.000,1348.521,323.930,0.000,0.000,0.000,0.000,0.000,0.000,-0.000,999,0.640,8.000,99,9999,99999,9,999999999,0.040,0.999,0,0,999,0.040,99
4,26,2022,5,0,,16.430,15.440,89.000,89238.930,0.000,1348.521,322.771,0.000,0.000,0.000,0.000,0.000,0.000,-0.000,999,0.640,8.000,99,9999,99999,9,999999999,0.350,0.999,0,0,999,0.350,99
4,26,2022,6,0,,16.310,15.390,95.000,89238.930,0.000,1348.521,324.918,0.000,0.000,0.000,0.000,0.000,0.000,-0.000,999,0.640,8.000,99,9999,99999,9,999999999,6.230,0.999,0,0,999,6.230,99
4,26,2022,7,0,,16.200,15.350,90.000,89238.930,125.761,1348.521,321.623,0.000,0.000,0.000,0.000,0.000,0.000,0.000,999,0.640,8.000,99,9999,99999,9,999999999,0.020,0.999,0,0,999,0.020,99
4,26,2022,8,0,,16.100,15.320,87.000,89238.930,425.965,1348.521,319.352,63.280,0.000,63.280,7593.600,0.000,6960.800,63.934,999,0.640,8.000,99,9999,99999,9,999999999,0.000,0.999,0,0,999,0.000,0
4,26,2022,9,0,,17.900,15.960,84.000,89238.930,691.477,1348.521,330.799,175.030,4.728,172.608,21003.600,449.144,18986.848,107.238,999,0.640,8.000,99,9999,99999,9,999999999,0.000,0.999,0,0,999,0.000,0
4,26,2022,10,0,,18.680,16.230,82.000,89238.930,902.458,1348.521,335.422,273.870,10.669,266.732,32864.400,1013.599,29340.560,126.915,999,0.640,8.000,99,9999,99999,9,999999999,0.000,0.999,0,0,999,0.000,0
4,26,2022,11,0,,19.360,16.470,81.000,89238.930,1044.323,1348.521,339.909,347.980,18.415,333.722,41757.600,1749.422,36709.406,137.197,999,1.690,8.000,99,9999,99999,9,999999999,0.000,0.999,0,0,999,0.000,0
4,26,2022,12,0,,19.890,16.650,80.000,89238.930,1107.347,1348.521,343.295,391.210,21.944,373.193,46945.200,2084.670,41051.250,144.684,999,1.670,8.000,99,9999,99999,9,999999999,0.000,0.999,0,0,999,0.000,0
4,26,2022,13,0,,20.270,16.780,79.000,89238.930,1087.222,1348.521,345.556,400.270,39.827,368.165,48032.400,3783.567,40498.176,145.379,999,2.290,8.000,99,9999,99999,9,999999999,0.000,0.999,0,0,999,0.000,0
4,26,2022,14,0,,20.480,16.850,79.000,89238.930,985.325,1348.521,347.154,374.500,33.242,350.218,44940.000,3157.948,38523.936,152.608,999,3.530,8.000,99,9999,99999,9,999999999,0.000,0.999,0,0,999,0.000,0
4,26,2022,15,0,,20.530,16.860,79.000,89238.930,808.633,1348.521,347.535,315.820,51.518,284.944,37898.400,4894.194,31343.815,151.336,999,2.290,8.000,99,9999,99999,9,999999999,0.000,0.999,0,0,999,0.000,0
4,26,2022,16,0,,20.350,16.800,79.000,89238.930,569.289,1348.521,346.164,228.820,110.196,182.362,27458.400,10468.610,20059.874,137.688,999,0.740,8.000,99,9999,99999,9,999999999,0.000,0.999,0,0,999,0.000,0
4,26,2022,17,0,,19.930,16.660,80.000,89238.930,284.081,1348.521,343.598,121.550,236.981,71.932,14586.000,22513.168,7912.479,109.355,999,0.640,8.000,99,9999,99999,9,999999999,0.000,0.999,0,0,999,0.000,0
4,26,2022,18,0,,19.330,16.460,81.000,89238.930,0.000,1348.521,339.684,16.100,0.000,0.000,1932.000,0.000,0.000,-0.000,999,0.640,8.000,99,9999,99999,9,999999999,0.000,0.999,0,0,999,0.000,0
4,26,2022,19,0,,18.980,16.340,82.000,89238.930,0.000,1348.521,337.657,0.000,0.000,0.000,0.000,0.000,0.000,-0.000,999,0.640,8.000,99,9999,99999,9,999999999,0.000,0.999,0,0,999,0.000,0
4,26,2022,20,0,,18.630,16.220,82.000,89238.930,0.000,1348.521,335.050,0.000,0.000,0.000,0.000,0.000,0.000,-0.000,999,0.640,8.000,99,9999,99999,9,999999999,0.000,0.999,0,0,999,0.000,0
4,26,2022,21,0,,18.290,16.100,83.000,89238.930,0.000,1348.521,333.109,0.000,0.000,0.000,0.000,0.000,0.000,-0.000,999,0.640,8.000,99,9999,99999,9,999999999,0.000,0.999,0,0,999,0.000,0
4,26,2022,22,0,,17.940,15.980,86.000,89238.930,0.000,1348.521,332.209,0.000,0.000,0.000,0.000,0.000,0.000,-0.000,999,0.640,8.000,99,9999,99999,9,999999999,0.060,0.999,0,0,999,0.060,99
4,26,2022,23,0,,17.590,15.850,84.000,89238.930,0.000,1348.521,328.524,0.000,0.000,0.000,0.000,0.000,0.000,-0.000,999,0.640,8.000,99,9999,99999,9,999999999,0.000,0.999,0,0,999,0.000,0
4,26,2022,24,0,,17.240,15.290,90.000,89238.930,0.000,1348.521,329.198,0.000,0.000,0.000,0.000,0.000,0.000,-0.000,999,0.220,8.000,99,9999,99999,9,999999999,0.040,0.999,0,0,999,0.040,99
4,27,2022,1,0,,17.060,15.290,91.000,89238.930,0.000,1348.521,328.395,0.000,0.000,0.000,0.000,0.000,0.000,-0.000,999,0.220,8.000,99,9999,99999,9,999999999,0.030,0.999,0,0,999,0.030,99
4,27,2022,2,0,,16.890,15.290,92.000,89238.930,0.000,1348.521,327.661,0.000,0.000,0.000,0.000,0.000,0.000,-0.000,999,0.220,8.000,99,9999,99999,9,999999999,0.170,0.999,0,0,999,0.170,99
4,27,2022,3,0,,16.710,15.280,88.000,89238.930,0.000,1348.521,324.278,0.000,0.000,0.000,0.000,0.000,0.000,-0.000,999,0.220,8.000,99,9999,99999,9,999999999,0.000,0.999,0,0,999,0.000,0
4,27,2022,4,0,,16.540,15.280,89.000,89238.930,0.000,1347.796,323.568,0.000,0.000,0.000,0.000,0.000,0.000,-0.000,999,0.220,8.000,99,9999,99999,9,999999999,0.000,0.999,0,0,999,0.000,0
4,27,2022,5,0,,16.360,15.280,94.000,89238.930,0.000,1347.796,324.791,0.000,0.000,0.000,0.000,0.000,0.000,-0.000,999,0.220,8.000,99,9999,99999,9,999999999,0.110,0.999,0,0,999,0.110,99
4,27,2022,6,0,,16.230,15.270,95.000,89238.930,0.000,1347.796,324.335,0.000,0.000,0.000,0.000,0.000,0.000,-0.000,999,0.220,8.000,99,9999,99999,9,999999999,0.070,0.999,0,0,999,0.070,99
4,27,2022,7,0,,16.110,15.270,91.000,89238.930,123.623,1347.796,321.481,0.000,0.000,0.000,0.000,0.000,0.000,0.000,999,0.220,8.000,99,9999,99999,9,999999999,0.000,0.999,0,0,999,0.000,0
4,27,2022,8,0,,16.000,15.270,92.000,89238.930,423.141,1347.796,321.189,88.510,0.000,88.510,10621.200,0.000,9736.100,89.977,999,0.220,8.000,99,9999,99999,9,999999999,0.000,0.999,0,0,999,0.000,0
4,27,2022,9,0,,18.380,15.320,80.000,89238.930,688.022,1347.796,332.024,246.280,39.971,225.893,29553.600,3797.238,24848.186,140.973,999,0.220,7.000,99,9999,99999,9,999999999,0.000,0.999,0,0,999,0.000,0
4,27,2022,10,0,,19.420,15.340,76.000,89238.930,898.435,1347.796,337.276,385.860,85.522,328.873,46303.200,8124.546,36175.988,157.099,999,0.220,7.000,99,9999,99999,9,999999999,0.000,0.999,0,0,999,0.000,0
4,27,2022,11,0,,20.310,15.360,72.000,89238.930,1039.833,1347.796,341.306,490.470,182.501,349.697,58856.400,17337.610,38466.710,144.308,999,0.220,6.000,99,9999,99999,9,999999999,0.000,0.999,0,0,999,0.000,0
4,27,2022,12,0,,21.020,15.370,69.000,89238.930,1102.523,1347.796,344.562,551.440,219.491,371.918,66172.800,20851.692,40910.964,144.743,999,0.220,6.000,99,9999,99999,9,999999999,0.000,0.999,0,0,999,0.000,0
4,27,2022,13,0,,21.530,15.380,67.000,89238.930,1082.218,1347.796,346.965,564.110,262.717,353.194,67693.200,24958.161,38851.360,140.037,999,0.870,6.000,99,9999,99999,9,999999999,0.000,0.999,0,0,999,0.000,0
4,27,2022,14,0,,21.810,15.390,66.000,89238.930,980.309,1347.796,348.343,527.570,207.638,376.586,63308.400,19725.604,41424.426,164.850,999,0.930,6.000,99,9999,99999,9,999999999,0.000,0.999,0,0,999,0.000,0
4,27,2022,15,0,,21.880,15.390,66.000,89238.930,803.774,1347.796,348.875,444.530,293.496,269.593,53343.600,27882.105,29655.262,143.973,999,1.040,7.000,99,9999,99999,9,999999999,0.000,0.999,0,0,999,0.000,0
4,27,2022,16,0,,21.630,15.390,67.000,89238.930,564.747,1347.796,347.724,321.510,387.027,159.562,38581.200,36767.570,17551.794,121.379,999,1.030,7.000,99,9999,99999,9,999999999,0.000,0.999,0,0,999,0.000,0
4,27,2022,17,0,,21.070,15.370,69.000,89238.930,280.006,1347.796,344.939,169.930,522.601,62.040,20391.600,49647.108,6824.358,95.655,999,0.620,8.000,99,9999,99999,9,999999999,0.000,0.999,0,0,999,0.000,0
4,27,2022,18,0,,20.280,15.360,77.000,89238.930,0.000,1347.796,344.368,21.560,0.000,0.000,2587.200,0.000,0.000,-0.000,999,0.640,8.000,99,9999,99999,9,999999999,0.010,0.999,0,0,999,0.010,99
4,27,2022,19,0,,19.960,15.350,73.000,89238.930,0.000,1347.796,339.356,0.000,0.000,0.000,0.000,0.000,0.000,-0.000,999,0.500,8.000,99,9999,99999,9,999999999,0.000,0.999,0,0,999,0.000,0
4,27,2022,20,0,,19.630,15.340,79.000,89238.930,0.000,1347.796,340.721,0.000,0.000,0.000,0.000,0.000,0.000,-0.000,999,0.460,8.000,99,9999,99999,9,999999999,0.270,0.999,0,0,999,0.270,99
4,27,2022,21,0,,19.300,15.340,89.000,89238.930,0.000,1347.796,344.057,0.000,0.000,0.000,0.000,0.000,0.000,-0.000,999,0.350,8.000,99,9999,99999,9,999999999,8.770,0.999,0,0,999,8.770,99
4,27,2022,22,0,,18.980,15.330,82.000,89238.930,0.000,1347.796,337.657,0.000,0.000,0.000,0.000,0.000,0.000,-0.000,999,0.220,8.000,99,9999,99999,9,999999999,0.530,0.999,0,0,999,0.530,99
4,27,2022,23,0,,18.650,15.320,83.000,89238.930,0.000,1347.796,335.780,0.000,0.000,0.000,0.000,0.000,0.000,-0.000,999,0.220,8.000,99,9999,99999,9,999999999,0.010,0.999,0,0,999,0.010,99
4,27,2022,24,0,,18.330,17.180,94.000,89238.930,0.000,1347.796,339.386,0.000,0.000,0.000,0.000,0.000,0.000,-0.000,999,1.450,8.000,99,9999,99999,9,999999999,1.050,0.999,0,0,999,1.050,99
4,28,2022,1,0,,18.160,17.070,92.000,89238.930,0.000,1347.796,337.069,0.000,0.000,0.000,0.000,0.000,0.000,-0.000,999,2.240,8.000,99,9999,99999,9,999999999,0.670,0.999,0,0,999,0.670,99
4,28,2022,2,0,,18.000,16.970,92.000,89238.930,0.000,1347.796,335.873,0.000,0.000,0.000,0.000,0.000,0.000,-0.000,999,0.910,8.000,99,9999,99999,9,999999999,0.080,0.999,0,0,999,0.080,99
4,28,2022,3,0,,17.840,16.870,92.000,89238.930,0.000,1347.796,334.679,0.000,0.000,0.000,0.000,0.000,0.000,-0.000,999,0.710,8.000,99,9999,99999,9,999999999,0.450,0.999,0,0,999,0.450,99
4,28,2022,4,0,,17.670,16.760,92.000,89238.930,0.000,1347.077,333.415,0.000,0.000,0.000,0.000,0.000,0.000,-0.000,999,0.710,8.000,99,9999,99999,9,999999999,0.160,0.999,0,0,999,0.160,99
4,28,2022,5,0,,17.510,16.650,92.000,89238.930,0.000,1347.077,332.228,0.000,0.000,0.000,0.000,0.000,0.000,-0.000,999,0.710,8.000,99,9999,99999,9,999999999,0.370,0.999,0,0,999,0.370,99
4,28,2022,6,0,,17.390,16.570,92.000,89238.930,0.000,1347.077,331.341,0.000,0.000,0.000,0.000,0.000,0.000,-0.000,999,0.710,8.000,99,9999,99999,9,999999999,0.030,0.999,0,0,999,0.030,99
4,28,2022,7,0,,17.280,16.500,95.000,89238.930,121.473,1347.077,332.047,0.000,0.000,0.000,0.000,0.000,0.000,0.000,999,0.710,8.000,99,9999,99999,9,999999999,3.060,0.999,0,0,999,3.060,99
4,28,2022,8,0,,17.170,16.430,93.000,89238.930,420.306,1347.077,330.227,48.410,0.000,48.410,5809.200,0.000,5325.100,49.520,999,0.710,8.000,99,9999,99999,9,999999999,0.540,0.999,0,0,999,0.540,99
4,28,2022,9,0,,19.020,17.620,91.000,89238.930,684.560,1347.077,343.022,96.740,0.000,96.740,11608.800,0.000,10641.400,60.646,999,0.710,8.000,99,9999,99999,9,999999999,0.060,0.999,0,0,999,0.060,99
4,28,2022,10,0,,19.910,18.160,90.000,89238.930,894.414,1347.077,349.274,177.000,3.076,174.958,21240.000,292.263,19245.391,83.907,999,0.710,8.000,99,9999,99999,9,999999999,0.020,0.999,0,0,999,0.020,99
4,28,2022,11,0,,20.380,18.450,87.000,89238.930,1035.354,1347.077,351.199,181.180,2.393,179.341,21741.600,227.321,19727.537,74.289,999,0.710,8.000,99,9999,99999,9,999999999,0.000,0.999,0,0,999,0.000,0
4,28,2022,12,0,,20.960,18.790,89.000,89238.930,1097.721,1347.077,356.852,238.840,3.963,235.611,28660.800,376.446,25917.254,92.047,999,0.710,8.000,99,9999,99999,9,999999999,0.010,0.999,0,0,999,0.010,99
4,28,2022,13,0,,21.380,19.030,86.000,89238.930,1077.250,1347.077,358.387,247.840,4.189,244.491,29740.800,397.940,26893.984,97.333,999,0.710,8.000,99,9999,99999,9,999999999,0.000,0.999,0,0,999,0.000,0
4,28,2022,14,0,,21.490,19.090,88.000,89238.930,975.342,1347.077,360.431,196.320,4.387,193.144,23558.400,416.784,21245.876,84.934,999,0.710,8.000,99,9999,99999,9,999999999,0.040,0.999,0,0,999,0.040,99
4,28,2022,15,0,,21.550,19.130,88.000,89238.930,798.977,1347.077,360.903,187.050,4.630,184.305,22446.000,439.890,20273.560,98.965,999,0.710,8.000,99,9999,99999,9,999999999,0.100,0.999,0,0,999,0.100,99
4,28,2022,16,0,,21.370,19.020,88.000,89238.930,560.277,1347.077,359.487,135.050,3.206,133.718,16206.000,304.565,14709.028,102.479,999,0.710,8.000,99,9999,99999,9,999999999,0.130,0.999,0,0,999,0.130,99
4,28,2022,17,0,,20.950,18.780,89.000,89238.930,276.011,1347.077,356.774,71.020,5.812,69.837,8522.400,552.106,7682.058,109.197,999,0.710,8.000,99,9999,99999,9,999999999,0.300,0.999,0,0,999,0.300,99
4,28,2022,18,0,,20.370,18.440,94.000,89238.930,0.000,1347.077,355.025,8.630,0.000,0.000,1035.600,0.000,0.000,-0.000,999,0.710,8.000,99,9999,99999,9,999999999,32.400,0.999,0,0,999,32.400,99
4,28,2022,19,0,,20.020,18.230,92.000,89238.930,0.000,1347.077,351.222,0.000,0.000,0.000,0.000,0.000,0.000,-0.000,999,0.710,8.000,99,9999,99999,9,999999999,1.370,0.999,0,0,999,1.370,99
4,28,2022,20,0,,19.680,18.020,90.000,89238.930,0.000,1347.077,347.509,0.000,0.000,0.000,0.000,0.000,0.000,-0.000,999,0.710,8.000,99,9999,99999,9,999999999,0.830,0.999,0,0,999,0.830,99
4,28,2022,21,0,,19.330,17.810,90.000,89238.930,0.000,1347.077,344.835,0.000,0.000,0.000,0.000,0.000,0.000,-0.000,999,0.710,8.000,99,9999,99999,9,999999999,0.250,0.999,0,0,999,0.250,99
4,28,2022,22,0,,18.990,17.600,93.000,89238.930,0.000,1347.077,343.860,0.000,0.000,0.000,0.000,0.000,0.000,-0.000,999,0.710,8.000,99,9999,99999,9,999999999,1.890,0.999,0,0,999,1.890,99
4,28,2022,23,0,,18.650,17.390,91.000,89238.930,0.000,1347.077,340.223,0.000,0.000,0.000,0.000,0.000,0.000,-0.000,999,0.710,8.000,99,9999,99999,9,999999999,0.200,0.999,0,0,999,0.200,99
4,28,2022,24,0,,18.300,16.670,89.000,89238.930,0.000,1347.077,336.522,0.000,0.000,0.000,0.000,0.000,0.000,-0.000,999,0.070,8.000,99,9999,99999,9,999999999,0.240,0.999,0,0,999,0.240,99
4,29,2022,1,0,,18.130,16.620,92.000,89238.930,0.000,1347.077,336.845,0.000,0.000,0.000,0.000,0.000,0.000,-0.000,999,0.070,8.000,99,9999,99999,9,999999999,1.870,0.999,0,0,999,1.870,99
4,29,2022,2,0,,17.960,16.570,90.000,89238.930,0.000,1347.077,334.522,0.000,0.000,0.000,0.000,0.000,0.000,-0.000,999,0.070,8.000,99,9999,99999,9,999999999,0.420,0.999,0,0,999,0.420,99
4,29,2022,3,0,,17.780,16.510,90.000,89238.930,0.000,1347.077,333.185,0.000,0.000,0.000,0.000,0.000,0.000,-0.000,999,0.070,8.000,99,9999,99999,9,999999999,0.190,0.999,0,0,999,0.190,99
4,29,2022,4,0,,17.610,16.460,91.000,89238.930,0.000,1346.364,332.450,0.000,0.000,0.000,0.000,0.000,0.000,-0.000,999,0.070,8.000,99,9999,99999,9,999999999,0.140,0.999,0,0,999,0.140,99
4,29,2022,5,0,,17.440,16.410,88.000,89238.930,0.000,1346.364,329.611,0.000,0.000,0.000,0.000,0.000,0.000,-0.000,999,0.070,8.000,99,9999,99999,9,999999999,0.000,0.999,0,0,999,0.000,0
4,29,2022,6,0,,17.310,16.370,91.000,89238.930,0.000,1346.364,330.234,0.000,0.000,0.000,0.000,0.000,0.000,-0.000,999,0.070,8.000,99,9999,99999,9,999999999,0.080,0.999,0,0,999,0.080,99
4,29,2022,7,0,,17.190,16.330,92.000,89238.930,119.313,1346.364,329.865,0.000,0.000,0.000,0.000,0.000,0.000,0.000,999,0.070,8.000,99,9999,99999,9,999999999,0.020,0.999,0,0,999,0.020,99
4,29,2022,8,0,,17.080,16.300,89.000,89238.930,417.460,1346.364,327.501,75.600,0.000,75.600,9072.000,0.000,8316.000,77.822,999,0.070,8.000,99,9999,99999,9,999999999,0.000,0.999,0,0,999,0.000,0
4,29,2022,9,0,,18.240,16.650,85.000,89238.930,681.093,1346.364,333.873,79.630,0.000,79.630,9555.600,0.000,8759.300,50.148,999,0.070,8.000,99,9999,99999,9,999999999,0.000,0.999,0,0,999,0.000,0
4,29,2022,10,0,,19.510,17.040,86.000,89238.930,890.394,1346.364,343.967,334.590,49.096,302.134,40150.800,4664.100,33234.699,145.477,999,0.080,8.000,99,9999,99999,9,999999999,0.010,0.999,0,0,999,0.010,99
4,29,2022,11,0,,20.490,17.330,80.000,89238.930,1030.889,1346.364,347.855,425.680,52.843,385.228,51081.600,5020.045,42375.047,160.180,999,0.310,7.000,99,9999,99999,9,999999999,0.000,0.999,0,0,999,0.000,0
4,29,2022,12,0,,21.240,17.550,78.000,89238.930,1092.945,1346.364,352.342,478.670,77.556,415.722,57440.400,7367.777,45729.409,163.036,999,0.410,7.000,99,9999,99999,9,999999999,0.000,0.999,0,0,999,0.000,0
4,29,2022,13,0,,21.760,17.700,80.000,89238.930,1072.320,1346.364,357.658,489.520,93.248,415.265,58742.400,8858.531,45679.138,165.992,999,1.150,7.000,99,9999,99999,9,999999999,0.040,0.999,0,0,999,0.040,99
4,29,2022,14,0,,22.060,17.780,76.000,89238.930,970.426,1346.364,357.377,457.440,94.891,389.063,54892.800,9014.641,42796.985,171.865,999,1.770,7.000,99,9999,99999,9,999999999,0.000,0.999,0,0,999,0.000,0
4,29,2022,15,0,,22.160,17.810,76.000,89238.930,794.243,1346.364,358.156,384.820,155.826,292.946,46178.400,14803.448,32224.091,158.156,999,1.960,7.000,99,9999,99999,9,999999999,0.000,0.999,0,0,999,0.000,0
4,29,2022,16,0,,21.980,17.760,83.000,89238.930,555.881,1346.364,361.273,277.360,259.205,170.492,33283.200,24624.434,18754.169,131.629,999,1.630,8.000,99,9999,99999,9,999999999,1.100,0.999,0,0,999,1.100,99
4,29,2022,17,0,,21.500,17.620,81.000,89238.930,272.098,1346.364,356.266,145.130,395.794,65.671,17415.600,37600.391,7223.782,104.123,999,0.860,8.000,99,9999,99999,9,999999999,0.110,0.999,0,0,999,0.110,99
4,29,2022,18,0,,20.820,17.420,82.000,89238.930,0.000,1346.364,351.620,16.860,0.000,0.000,2023.200,0.000,0.000,-0.000,999,0.400,8.000,99,9999,99999,9,999999999,0.320,0.999,0,0,999,0.320,99
4,29,2022,19,0,,20.370,17.290,83.000,89238.930,0.000,1346.364,348.768,0.000,0.000,0.000,0.000,0.000,0.000,-0.000,999,0.120,8.000,99,9999,99999,9,999999999,0.010,0.999,0,0,999,0.010,99
4,29,2022,20,0,,19.930,17.160,84.000,89238.930,0.000,1346.364,346.001,0.000,0.000,0.000,0.000,0.000,0.000,-0.000,999,0.070,8.000,99,9999,99999,9,999999999,0.060,0.999,0,0,999,0.060,99
4,29,2022,21,0,,19.490,17.030,86.000,89238.930,0.000,1346.364,343.815,0.000,0.000,0.000,0.000,0.000,0.000,-0.000,999,0.070,8.000,99,9999,99999,9,999999999,0.760,0.999,0,0,999,0.760,99
4,29,2022,22,0,,19.050,16.900,87.000,89238.930,0.000,1346.364,341.052,0.000,0.000,0.000,0.000,0.000,0.000,-0.000,999,0.070,8.000,99,9999,99999,9,999999999,0.550,0.999,0,0,999,0.550,99
4,29,2022,23,0,,18.600,16.760,95.000,89238.930,0.000,1346.364,341.941,0.000,0.000,0.000,0.000,0.000,0.000,-0.000,999,0.070,8.000,99,9999,99999,9,999999999,23.090,0.999,0,0,999,23.090,99
4,29,2022,24,0,,18.160,16.880,89.000,89238.930,0.000,1346.364,335.477,0.000,0.000,0.000,0.000,0.000,0.000,-0.000,999,2.320,8.000,99,9999,99999,9,999999999,0.330,0.999,0,0,999,0.330,99
4,30,2022,1,0,,17.940,16.820,90.000,89238.930,0.000,1346.364,334.373,0.000,0.000,0.000,0.000,0.000,0.000,-0.000,999,2.510,8.000,99,9999,99999,9,999999999,0.500,0.999,0,0,999,0.500,99
4,30,2022,2,0,,17.720,16.770,90.000,89238.930,0.000,1346.364,332.740,0.000,0.000,0.000,0.000,0.000,0.000,-0.000,999,1.920,8.000,99,9999,99999,9,999999999,0.400,0.999,0,0,999,0.400,99
4,30,2022,3,0,,17.500,16.710,95.000,89238.930,0.000,1346.364,333.681,0.000,0.000,0.000,0.000,0.000,0.000,-0.000,999,0.890,8.000,99,9999,99999,9,999999999,1.680,0.999,0,0,999,1.680,99
4,30,2022,4,0,,17.280,16.660,92.000,89238.930,0.000,1345.658,330.528,0.000,0.000,0.000,0.000,0.000,0.000,-0.000,999,0.890,8.000,99,9999,99999,9,999999999,0.160,0.999,0,0,999,0.160,99
4,30,2022,5,0,,17.060,16.600,93.000,89238.930,0.000,1345.658,329.417,0.000,0.000,0.000,0.000,0.000,0.000,-0.000,999,0.890,8.000,99,9999,99999,9,999999999,0.120,0.999,0,0,999,0.120,99
4,30,2022,6,0,,16.890,16.560,98.000,89238.930,0.000,1345.658,330.632,0.000,0.000,0.000,0.000,0.000,0.000,-0.000,999,0.890,8.000,99,9999,99999,9,999999999,1.100,0.999,0,0,999,1.100,99
4,30,2022,7,0,,16.740,16.520,94.000,89238.930,117.142,1345.658,327.568,0.000,0.000,0.000,0.000,0.000,0.000,0.000,999,0.890,8.000,99,9999,99999,9,999999999,0.210,0.999,0,0,999,0.210,99
4,30,2022,8,0,,16.590,16.490,99.000,89238.930,414.605,1345.658,328.896,40.880,0.000,40.880,4905.600,0.000,4496.800,42.351,999,0.890,8.000,99,9999,99999,9,999999999,1.350,0.999,0,0,999,1.350,99
4,30,2022,9,0,,18.520,16.970,88.000,89238.930,677.622,1345.658,337.623,115.910,0.000,115.910,13909.200,0.000,12750.100,73.332,999,0.890,8.000,99,9999,99999,9,999999999,0.040,0.999,0,0,999,0.040,99
4,30,2022,10,0,,19.370,17.180,89.000,89238.930,886.380,1345.658,344.590,182.350,3.405,180.108,21882.000,323.434,19811.911,87.069,999,0.890,8.000,99,9999,99999,9,999999999,2.120,0.999,0,0,999,2.120,99
4,30,2022,11,0,,20.110,17.360,82.000,89238.930,1026.439,1345.658,346.181,232.100,6.223,227.354,27852.000,591.185,25008.966,94.896,999,0.890,8.000,99,9999,99999,9,999999999,0.610,0.999,0,0,999,0.610,99
4,30,2022,12,0,,20.150,17.370,82.000,89238.930,1088.197,1345.658,346.485,151.800,3.508,148.964,18216.000,333.226,16386.030,58.644,999,0.890,8.000,99,9999,99999,9,999999999,0.090,0.999,0,0,999,0.090,99
4,30,2022,13,0,,20.410,17.430,90.000,89238.930,1067.432,1345.658,353.136,208.590,7.241,202.847,25030.800,687.866,22313.211,81.412,999,0.890,8.000,99,9999,99999,9,999999999,65.540,0.999,0,0,999,65.540,99
4,30,2022,14,0,,20.900,17.550,84.000,89238.930,965.565,1345.658,353.452,294.530,20.877,279.554,35343.600,1983.332,30750.930,124.048,999,0.890,8.000,99,9999,99999,9,999999999,3.820,0.999,0,0,999,3.820,99
4,30,2022,15,0,,21.190,17.610,83.000,89238.930,789.575,1345.658,355.095,270.290,38.848,247.508,32434.800,3690.558,27225.922,134.346,999,0.890,8.000,99,9999,99999,9,999999999,2.760,0.999,0,0,999,2.760,99
4,30,2022,16,0,,21.260,17.630,87.000,89238.930,551.561,1345.658,358.038,212.050,105.102,169.033,25446.000,9984.731,18593.580,131.458,999,0.890,8.000,99,9999,99999,9,999999999,6.180,0.999,0,0,999,6.180,99
4,30,2022,17,0,,21.050,17.580,79.000,89238.930,268.268,1345.658,351.519,138.030,440.369,50.837,16563.600,41835.021,5592.036,81.726,999,0.890,8.000,99,9999,99999,9,999999999,0.740,0.999,0,0,999,0.740,99
4,30,2022,18,0,,20.544,17.458,82.600,89238.930,0.000,1345.658,349.862,74.168,0.000,0.000,8900.160,0.000,0.000,-0.000,999,0.890,8.000,99,9999,99999,9,999999999,1.628,0.999,0,0,999,1.628,99
4,30,2022,19,0,,20.138,17.360,82.200,89238.930,0.000,1345.658,346.514,31.758,0.000,0.000,3810.960,0.000,0.000,-0.000,999,0.890,8.000,99,9999,99999,9,999999999,0.394,0.999,0,0,999,0.394,99
4,30,2022,20,0,,19.684,17.250,83.000,89238.930,0.000,1345.658,343.543,4.152,0.000,0.000,498.240,0.000,0.000,-0.000,999,0.890,8.000,99,9999,99999,9,999999999,0.246,0.999,0,0,999,0.246,99
4,30,2022,21,0,,19.230,17.140,84.400,89238.930,0.000,1345.658,340.931,0.000,0.000,0.000,0.000,0.000,0.000,-0.000,999,0.890,8.000,99,9999,99999,9,999999999,0.238,0.999,0,0,999,0.238,99
4,30,2022,22,0,,18.668,16.688,85.200,89238.930,0.000,1345.658,337.171,0.000,0.000,0.000,0.000,0.000,0.000,-0.000,999,0.756,7.600,99,9999,99999,9,999999999,0.186,0.999,0,0,999,0.186,99
4,30,2022,23,0,,18.120,16.240,86.000,89238.930,0.000,1345.658,333.541,0.000,0.000,0.000,0.000,0.000,0.000,-0.000,999,0.622,7.400,99,9999,99999,9,999999999,0.006,0.999,0,0,999,0.006,99
4,30,2019,24,0,,17.584,15.796,87.000,89238.930,0.000,1345.658,330.131,0.000,0.000,0.000,0.000,0.000,0.000,-0.000,999,0.488,7.200,99,9999,99999,9,999999999,0.004,0.999,0,0,999,0.004,99
5,1,2019,1,0,,17.062,15.356,88.600,89238.930,0.000,1345.658,327.158,0.000,0.000,0.000,0.000,0.000,0.000,-0.000,999,0.354,7.000,99,9999,99999,9,999999999,0.004,0.999,0,0,999,0.004,99
5,1,2019,2,0,,16.554,14.920,89.600,89238.930,0.000,1345.658,323.980,0.000,0.000,0.000,0.000,0.000,0.000,-0.000,999,0.220,6.800,99,9999,99999,9,999999999,0.000,0.999,0,0,999,0.000,0
5,1,2019,3,0,,16.166,14.830,91.400,89238.930,0.000,1345.658,322.087,0.000,0.000,0.000,0.000,0.000,0.000,-0.000,999,0.220,7.000,99,9999,99999,9,999999999,0.000,0.999,0,0,999,0.000,0
5,1,2019,4,0,,15.796,14.744,93.000,89238.930,0.000,1344.958,320.214,0.000,0.000,0.000,0.000,0.000,0.000,-0.000,999,0.220,7.200,99,9999,99999,9,999999999,0.000,0.999,0,0,999,0.000,0
5,1,2019,5,0,,15.454,14.664,94.400,89238.930,0.000,1344.958,318.437,0.000,0.000,0.000,0.000,0.000,0.000,-0.000,999,0.220,7.400,99,9999,99999,9,999999999,0.000,0.999,0,0,999,0.000,0
5,1,2019,6,0,,15.090,14.580,96.000,89238.930,0.000,1344.958,316.593,0.000,0.000,0.000,0.000,0.000,0.000,-0.000,999,0.220,8.000,99,9999,99999,9,999999999,0.000,0.999,0,0,999,0.000,0
5,1,2019,7,0,,14.840,14.520,97.000,89238.930,115.568,1344.958,315.276,0.000,0.000,0.000,0.000,0.000,0.000,0.000,999,0.220,8.000,99,9999,99999,9,999999999,0.000,0.999,0,0,999,0.000,0
5,1,2019,8,0,,14.580,14.460,99.000,89238.930,412.494,1344.958,314.343,78.910,0.000,78.910,9469.200,0.000,8680.100,82.126,999,0.220,8.000,99,9999,99999,9,999999999,0.000,0.999,0,0,999,0.000,0
5,1,2019,9,0,,17.790,15.200,84.000,89238.930,675.032,1344.958,329.991,224.740,28.950,210.223,26968.800,2750.236,23124.502,133.442,999,0.220,8.000,99,9999,99999,9,999999999,0.000,0.999,0,0,999,0.000,0
5,1,2019,10,0,,19.220,15.530,79.000,89238.930,883.372,1344.958,337.651,353.890,65.042,311.187,42466.800,6178.971,34230.562,150.871,999,0.220,7.000,99,9999,99999,9,999999999,0.000,0.999,0,0,999,0.000,0
5,1,2019,11,0,,20.440,15.800,74.000,89238.930,1023.101,1344.958,343.624,450.580,90.166,382.006,54069.600,8565.786,42020.648,159.883,999,0.220,7.000,99,9999,99999,9,999999999,0.000,0.999,0,0,999,0.000,0
5,1,2019,12,0,,21.410,16.010,71.000,89238.930,1084.640,1344.958,348.935,506.750,168.640,370.772,60810.000,16020.825,40784.901,146.369,999,0.220,7.000,99,9999,99999,9,999999999,0.000,0.999,0,0,999,0.000,0
5,1,2019,13,0,,22.100,16.160,69.000,89238.930,1063.780,1344.958,352.784,518.120,202.715,357.813,62174.400,19257.896,39359.451,144.026,999,0.410,7.000,99,9999,99999,9,999999999,0.000,0.999,0,0,999,0.000,0
5,1,2019,14,0,,22.490,16.240,67.000,89238.930,961.953,1344.958,354.299,483.850,161.502,368.372,58062.000,15342.649,40520.903,163.989,999,1.110,7.000,99,9999,99999,9,999999999,0.000,0.999,0,0,999,0.000,0
5,1,2019,15,0,,22.570,16.260,67.000,89238.930,786.131,1344.958,354.915,406.500,196.535,291.690,48780.000,18670.810,32085.881,158.939,999,0.770,7.000,99,9999,99999,9,999999999,0.000,0.999,0,0,999,0.000,0
5,1,2019,16,0,,22.230,16.190,68.000,89238.930,548.406,1344.958,353.047,292.160,313.317,164.592,35059.200,29765.139,18105.087,128.677,999,0.860,7.000,99,9999,99999,9,999999999,0.000,0.999,0,0,999,0.000,0
5,1,2019,17,0,,21.450,16.020,71.000,89238.930,265.510,1344.958,349.240,151.590,456.257,62.145,18190.800,43344.459,6835.981,100.905,999,1.290,8.000,99,9999,99999,9,999999999,0.000,0.999,0,0,999,0.000,0
5,1,2019,18,0,,20.810,15.880,73.000,89238.930,0.000,1344.958,345.753,16.290,0.000,0.000,1954.800,0.000,0.000,-0.000,999,0.510,8.000,99,9999,99999,9,999999999,0.000,0.999,0,0,999,0.000,0
5,1,2019,19,0,,20.160,15.740,75.000,89238.930,0.000,1344.958,342.172,0.000,0.000,0.000,0.000,0.000,0.000,-0.000,999,0.220,8.000,99,9999,99999,9,999999999,0.000,0.999,0,0,999,0.000,0
5,1,2019,20,0,,19.510,15.590,78.000,89238.930,0.000,1344.958,339.203,0.000,0.000,0.000,0.000,0.000,0.000,-0.000,999,0.220,8.000,99,9999,99999,9,999999999,0.000,0.999,0,0,999,0.000,0
5,1,2019,21,0,,18.870,15.450,80.000,89238.930,0.000,1344.958,335.650,0.000,0.000,0.000,0.000,0.000,0.000,-0.000,999,0.220,8.000,99,9999,99999,9,999999999,0.000,0.999,0,0,999,0.000,0
5,1,2019,22,0,,18.220,15.300,83.000,89238.930,0.000,1344.958,332.591,0.000,0.000,0.000,0.000,0.000,0.000,-0.000,999,0.220,8.000,99,9999,99999,9,999999999,0.000,0.999,0,0,999,0.000,0
5,1,2019,23,0,,17.570,15.150,85.000,89238.930,0.000,1344.958,328.933,0.000,0.000,0.000,0.000,0.000,0.000,-0.000,999,0.220,8.000,99,9999,99999,9,999999999,0.000,0.999,0,0,999,0.000,0
5,1,2019,24,0,,16.930,14.350,84.000,89238.930,0.000,1344.958,323.720,0.000,0.000,0.000,0.000,0.000,0.000,-0.000,999,0.130,8.000,99,9999,99999,9,999999999,0.000,0.999,0,0,999,0.000,0
5,2,2019,1,0,,16.610,14.250,85.000,89238.930,0.000,1344.958,321.954,0.000,0.000,0.000,0.000,0.000,0.000,-0.000,999,0.130,8.000,99,9999,99999,9,999999999,0.000,0.999,0,0,999,0.000,0
5,2,2019,2,0,,16.280,14.160,87.000,89238.930,0.000,1344.958,320.644,0.000,0.000,0.000,0.000,0.000,0.000,-0.000,999,0.130,8.000,99,9999,99999,9,999999999,0.000,0.999,0,0,999,0.000,0
5,2,2019,3,0,,15.960,14.060,88.000,89238.930,0.000,1344.958,318.869,0.000,0.000,0.000,0.000,0.000,0.000,-0.000,999,0.130,8.000,99,9999,99999,9,999999999,0.000,0.999,0,0,999,0.000,0
5,2,2019,4,0,,15.640,13.970,89.000,89238.930,0.000,1344.266,317.094,0.000,0.000,0.000,0.000,0.000,0.000,-0.000,999,0.130,8.000,99,9999,99999,9,999999999,0.000,0.999,0,0,999,0.000,0
5,2,2019,5,0,,15.310,13.870,91.000,89238.930,0.000,1344.266,315.746,0.000,0.000,0.000,0.000,0.000,0.000,-0.000,999,0.130,8.000,99,9999,99999,9,999999999,0.000,0.999,0,0,999,0.000,0
5,2,2019,6,0,,15.060,13.800,92.000,89238.930,0.000,1344.266,314.460,0.000,0.000,0.000,0.000,0.000,0.000,-0.000,999,0.130,8.000,99,9999,99999,9,999999999,0.000,0.999,0,0,999,0.000,0
5,2,2019,7,0,,14.850,13.730,93.000,89238.930,113.387,1344.266,313.456,0.000,0.000,0.000,0.000,0.000,0.000,0.000,999,0.130,8.000,99,9999,99999,9,999999999,0.000,0.999,0,0,999,0.000,0
5,2,2019,8,0,,14.640,13.670,93.000,89238.930,409.632,1344.266,311.971,81.110,0.000,81.110,9733.200,0.000,8922.100,84.965,999,0.130,8.000,99,9999,99999,9,999999999,0.000,0.999,0,0,999,0.000,0
5,2,2019,9,0,,18.280,14.730,79.000,89238.930,671.565,1344.266,330.693,249.870,66.342,216.756,29984.400,6302.446,23843.204,138.230,999,0.150,7.000,99,9999,99999,9,999999999,0.000,0.999,0,0,999,0.000,0
5,2,2019,10,0,,18.790,14.880,78.000,89238.930,879.377,1344.266,333.846,236.170,21.073,222.390,28340.400,2001.956,24462.895,108.254,999,0.520,8.000,99,9999,99999,9,999999999,0.000,0.999,0,0,999,0.000,0
5,2,2019,11,0,,20.470,15.340,72.000,89238.930,1018.689,1344.266,342.508,494.190,140.912,387.429,59302.800,13386.674,42617.230,162.772,999,0.650,6.000,99,9999,99999,9,999999999,0.000,0.999,0,0,999,0.000,0
5,2,2019,12,0,,21.630,15.660,68.000,89238.930,1079.951,1344.266,348.460,528.570,145.882,411.391,63428.400,13858.782,45252.995,163.026,999,0.310,7.000,99,9999,99999,9,999999999,0.000,0.999,0,0,999,0.000,0
5,2,2019,13,0,,22.650,15.930,65.000,89238.930,1058.973,1344.266,353.996,596.210,260.889,390.727,71545.200,24784.415,42979.919,157.907,999,0.870,6.000,99,9999,99999,9,999999999,0.000,0.999,0,0,999,0.000,0
5,2,2019,14,0,,23.380,16.120,63.000,89238.930,957.193,1344.266,358.041,596.370,386.238,321.425,71564.400,36692.637,35356.745,143.727,999,0.910,5.000,99,9999,99999,9,999999999,0.000,0.999,0,0,999,0.000,0
5,2,2019,15,0,,24.090,16.300,61.000,89238.930,781.584,1344.266,361.902,656.260,613.335,299.859,78751.200,58266.835,32984.494,164.258,999,0.940,0.000,99,9999,99999,9,999999999,0.000,0.999,0,0,999,0.000,0
5,2,2019,16,0,,23.990,16.280,62.000,89238.930,544.221,1344.266,361.962,406.300,648.932,143.973,48756.000,61648.513,15836.990,113.367,999,0.840,4.000,99,9999,99999,9,999999999,0.000,0.999,0,0,999,0.000,0
5,2,2019,17,0,,23.300,16.100,63.000,89238.930,261.826,1344.266,357.421,241.610,541.590,136.876,28993.200,51451.071,15056.352,225.299,999,0.810,4.000,99,9999,99999,9,999999999,0.000,0.999,0,0,999,0.000,0
5,2,2019,18,0,,22.550,15.900,66.000,89238.930,0.000,1344.266,354.000,49.740,0.000,0.000,5968.800,0.000,0.000,-0.000,999,0.490,4.000,99,9999,99999,9,999999999,0.000,0.999,0,0,999,0.000,0
5,2,2019,19,0,,21.800,15.700,68.000,89238.930,0.000,1344.266,349.755,0.000,0.000,0.000,0.000,0.000,0.000,-0.000,999,0.550,3.000,99,9999,99999,9,999999999,0.000,0.999,0,0,999,0.000,0
5,2,2019,20,0,,21.050,15.500,70.000,89238.930,0.000,1344.266,345.498,0.000,0.000,0.000,0.000,0.000,0.000,-0.000,999,0.320,3.000,99,9999,99999,9,999999999,0.000,0.999,0,0,999,0.000,0
5,2,2019,21,0,,20.300,15.300,72.000,89238.930,0.000,1344.266,341.231,0.000,0.000,0.000,0.000,0.000,0.000,-0.000,999,0.130,3.000,99,9999,99999,9,999999999,0.000,0.999,0,0,999,0.000,0
5,2,2019,22,0,,19.550,15.090,75.000,89238.930,0.000,1344.266,337.605,0.000,0.000,0.000,0.000,0.000,0.000,-0.000,999,0.140,3.000,99,9999,99999,9,999999999,0.000,0.999,0,0,999,0.000,0
5,2,2019,23,0,,18.800,14.880,77.000,89238.930,0.000,1344.266,333.305,0.000,0.000,0.000,0.000,0.000,0.000,-0.000,999,0.130,2.000,99,9999,99999,9,999999999,0.000,0.999,0,0,999,0.000,0
5,2,2019,24,0,,18.050,14.970,81.000,89238.930,0.000,1344.266,330.185,0.000,0.000,0.000,0.000,0.000,0.000,-0.000,999,0.080,2.000,99,9999,99999,9,999999999,0.000,0.999,0,0,999,0.000,0
5,3,2019,1,0,,17.680,14.870,83.000,89238.930,0.000,1344.266,328.621,0.000,0.000,0.000,0.000,0.000,0.000,-0.000,999,0.080,2.000,99,9999,99999,9,999999999,0.000,0.999,0,0,999,0.000,0
5,3,2019,2,0,,17.310,14.780,84.000,89238.930,0.000,1344.266,326.479,0.000,0.000,0.000,0.000,0.000,0.000,-0.000,999,0.080,2.000,99,9999,99999,9,999999999,0.000,0.999,0,0,999,0.000,0
5,3,2019,3,0,,16.930,14.680,86.000,89238.930,0.000,1344.266,324.810,0.000,0.000,0.000,0.000,0.000,0.000,-0.000,999,0.080,1.000,99,9999,99999,9,999999999,0.000,0.999,0,0,999,0.000,0
5,3,2019,4,0,,16.560,14.590,88.000,89238.930,0.000,1343.580,323.191,0.000,0.000,0.000,0.000,0.000,0.000,-0.000,999,0.080,1.000,99,9999,99999,9,999999999,0.000,0.999,0,0,999,0.000,0
5,3,2019,5,0,,16.180,14.490,89.000,89238.930,0.000,1343.580,320.966,0.000,0.000,0.000,0.000,0.000,0.000,-0.000,999,0.080,1.000,99,9999,99999,9,999999999,0.000,0.999,0,0,999,0.000,0
5,3,2019,6,0,,15.890,14.420,90.000,89238.930,0.000,1343.580,319.391,0.000,0.000,0.000,0.000,0.000,0.000,-0.000,999,0.080,1.000,99,9999,99999,9,999999999,0.000,0.999,0,0,999,0.000,0
5,3,2019,7,0,,15.640,14.350,92.000,89238.930,111.198,1343.580,318.599,0.000,0.000,0.000,0.000,0.000,0.000,0.000,999,0.080,0.000,99,9999,99999,9,999999999,0.000,0.999,0,0,999,0.000,0
5,3,2019,8,0,,15.400,14.290,93.000,89238.930,406.764,1343.580,317.371,209.500,306.087,117.098,25140.000,29078.307,12880.801,123.471,999,0.080,0.000,99,9999,99999,9,999999999,0.000,0.999,0,0,999,0.000,0
5,3,2019,9,0,,20.170,15.490,74.000,89238.930,668.099,1343.580,341.591,384.780,364.049,203.917,46173.600,34584.669,22430.846,130.651,999,0.080,0.000,99,9999,99999,9,999999999,0.000,0.999,0,0,999,0.000,0
5,3,2019,10,0,,20.470,15.560,72.000,89238.930,875.393,1343.580,342.508,351.780,74.770,303.084,42213.600,7103.187,33339.203,148.131,999,0.080,7.000,99,9999,99999,9,999999999,0.000,0.999,0,0,999,0.000,0
5,3,2019,11,0,,21.130,15.720,70.000,89238.930,1014.300,1343.580,346.103,479.450,112.838,394.285,57534.000,10719.632,43371.308,166.285,999,0.090,6.000,99,9999,99999,9,999999999,0.000,0.999,0,0,999,0.000,0
5,3,2019,12,0,,21.550,15.820,69.000,89238.930,1075.298,1343.580,348.578,488.410,108.307,401.744,58609.200,10289.129,44191.841,159.811,999,0.210,7.000,99,9999,99999,9,999999999,0.000,0.999,0,0,999,0.000,0
5,3,2019,13,0,,21.640,15.840,84.000,89238.930,1054.215,1343.580,359.218,414.620,7.724,408.560,49754.400,733.800,44941.650,165.776,999,0.480,8.000,99,9999,99999,9,999999999,5.340,0.999,0,0,999,5.340,99
5,3,2019,14,0,,21.710,15.860,73.000,89238.930,952.496,1343.580,352.625,421.160,102.775,348.322,50539.200,9763.603,38315.389,156.443,999,0.880,8.000,99,9999,99999,9,999999999,0.300,0.999,0,0,999,0.300,99
5,3,2019,15,0,,21.160,15.730,75.000,89238.930,777.109,1343.580,349.761,230.500,30.881,212.649,27660.000,2933.683,23391.426,117.098,999,1.360,8.000,99,9999,99999,9,999999999,0.090,0.999,0,0,999,0.090,99
5,3,2019,16,0,,20.750,15.630,77.000,89238.930,540.118,1343.580,347.940,239.610,136.853,184.678,28753.200,13001.059,20314.605,146.453,999,1.050,8.000,99,9999,99999,9,999999999,0.150,0.999,0,0,999,0.150,99
5,3,2019,17,0,,20.340,15.530,73.000,89238.930,258.229,1343.580,342.205,207.740,447.060,122.447,24928.800,42470.660,13469.178,204.292,999,0.740,6.000,99,9999,99999,9,999999999,0.000,0.999,0,0,999,0.000,0
5,3,2019,18,0,,19.930,15.430,80.000,89238.930,0.000,1343.580,343.598,49.430,0.000,0.000,5931.600,0.000,0.000,-0.000,999,0.830,6.000,99,9999,99999,9,999999999,0.030,0.999,0,0,999,0.030,99
5,3,2019,19,0,,19.510,15.330,81.000,89238.930,0.000,1343.580,341.036,0.000,0.000,0.000,0.000,0.000,0.000,-0.000,999,0.390,6.000,99,9999,99999,9,999999999,0.020,0.999,0,0,999,0.020,99
5,3,2019,20,0,,19.090,15.230,77.000,89238.930,0.000,1343.580,335.451,0.000,0.000,0.000,0.000,0.000,0.000,-0.000,999,0.630,6.000,99,9999,99999,9,999999999,0.000,0.999,0,0,999,0.000,0
5,3,2019,21,0,,18.670,15.120,84.000,89238.930,0.000,1343.580,336.504,0.000,0.000,0.000,0.000,0.000,0.000,-0.000,999,0.530,7.000,99,9999,99999,9,999999999,0.010,0.999,0,0,999,0.010,99
5,3,2019,22,0,,18.250,15.020,81.000,89238.930,0.000,1343.580,331.655,0.000,0.000,0.000,0.000,0.000,0.000,-0.000,999,0.530,7.000,99,9999,99999,9,999999999,0.000,0.999,0,0,999,0.000,0
5,3,2019,23,0,,17.830,14.910,87.000,89238.930,0.000,1343.580,331.944,0.000,0.000,0.000,0.000,0.000,0.000,-0.000,999,0.310,7.000,99,9999,99999,9,999999999,0.050,0.999,0,0,999,0.050,99
5,3,2019,24,0,,17.420,15.160,84.000,89238.930,0.000,1343.580,327.281,0.000,0.000,0.000,0.000,0.000,0.000,-0.000,999,0.540,7.000,99,9999,99999,9,999999999,0.000,0.999,0,0,999,0.000,0
5,4,2019,1,0,,17.210,15.120,85.000,89238.930,0.000,1343.580,326.302,0.000,0.000,0.000,0.000,0.000,0.000,-0.000,999,0.650,7.000,99,9999,99999,9,999999999,0.000,0.999,0,0,999,0.000,0
5,4,2019,2,0,,17.000,15.080,86.000,89238.930,0.000,1343.580,325.318,0.000,0.000,0.000,0.000,0.000,0.000,-0.000,999,0.730,7.000,99,9999,99999,9,999999999,0.000,0.999,0,0,999,0.000,0
5,4,2019,3,0,,16.790,15.030,86.000,89238.930,0.000,1343.580,323.794,0.000,0.000,0.000,0.000,0.000,0.000,-0.000,999,0.250,7.000,99,9999,99999,9,999999999,0.000,0.999,0,0,999,0.000,0
5,4,2019,4,0,,16.580,14.990,87.000,89238.930,0.000,1342.902,322.808,0.000,0.000,0.000,0.000,0.000,0.000,-0.000,999,0.220,7.000,99,9999,99999,9,999999999,0.000,0.999,0,0,999,0.000,0
5,4,2019,5,0,,16.370,14.940,88.000,89238.930,0.000,1342.902,321.817,0.000,0.000,0.000,0.000,0.000,0.000,-0.000,999,0.270,8.000,99,9999,99999,9,999999999,0.000,0.999,0,0,999,0.000,0
5,4,2019,6,0,,16.210,14.910,93.000,89238.930,0.000,1342.902,323.206,0.000,0.000,0.000,0.000,0.000,0.000,-0.000,999,0.620,8.000,99,9999,99999,9,999999999,0.010,0.999,0,0,999,0.010,99
5,4,2019,7,0,,16.070,14.880,89.000,89238.930,109.000,1342.902,320.174,0.000,0.000,0.000,0.000,0.000,0.000,0.000,999,0.340,8.000,99,9999,99999,9,999999999,0.000,0.999,0,0,999,0.000,0
5,4,2019,8,0,,15.930,14.850,90.000,89238.930,403.890,1342.902,319.679,66.330,0.000,66.330,7959.600,0.000,7296.300,70.405,999,0.520,8.000,99,9999,99999,9,999999999,0.000,0.999,0,0,999,0.000,0
5,4,2019,9,0,,17.890,15.260,82.000,89238.930,664.635,1342.902,329.589,192.820,14.530,185.635,23138.400,1380.312,20419.897,119.499,999,0.660,8.000,99,9999,99999,9,999999999,0.000,0.999,0,0,999,0.000,0
5,4,2019,10,0,,18.770,15.450,79.000,89238.930,871.422,1342.902,334.306,304.970,53.416,270.322,36596.400,5074.523,29735.400,132.655,999,1.390,8.000,99,9999,99999,9,999999999,0.000,0.999,0,0,999,0.000,0
5,4,2019,11,0,,19.530,15.600,77.000,89238.930,1009.937,1342.902,338.727,388.880,25.062,370.036,46665.600,2380.905,40703.973,156.654,999,1.400,8.000,99,9999,99999,9,999999999,0.000,0.999,0,0,999,0.000,0
5,4,2019,12,0,,20.130,15.730,75.000,89238.930,1070.683,1342.902,341.946,437.530,99.151,358.491,52503.600,9419.302,39434.063,143.148,999,1.950,8.000,99,9999,99999,9,999999999,0.000,0.999,0,0,999,0.000,0
5,4,2019,13,0,,20.550,15.810,74.000,89238.930,1049.508,1342.902,344.455,447.210,119.365,353.941,53665.200,11339.683,38933.507,144.185,999,3.190,8.000,99,9999,99999,9,999999999,0.000,0.999,0,0,999,0.000,0
5,4,2019,14,0,,20.790,15.860,73.000,89238.930,947.862,1342.902,345.601,417.190,95.783,349.603,50062.800,9099.401,38456.357,157.708,999,3.440,8.000,99,9999,99999,9,999999999,0.000,0.999,0,0,999,0.000,0
5,4,2019,15,0,,20.840,15.870,73.000,89238.930,772.709,1342.902,345.980,349.730,118.651,281.498,41967.600,11271.875,30964.798,155.816,999,4.820,8.000,99,9999,99999,9,999999999,0.000,0.999,0,0,999,0.000,0
5,4,2019,16,0,,20.630,15.830,73.000,89238.930,536.098,1342.902,344.390,250.160,196.797,171.717,30019.200,18695.756,18888.914,137.130,999,5.190,8.000,99,9999,99999,9,999999999,0.000,0.999,0,0,999,0.000,0
5,4,2019,17,0,,20.140,15.730,75.000,89238.930,254.722,1342.902,342.021,127.940,362.251,59.745,15352.800,34413.870,6571.962,101.021,999,2.600,8.000,99,9999,99999,9,999999999,0.000,0.999,0,0,999,0.000,0
5,4,2019,18,0,,19.750,15.650,80.000,89238.930,0.000,1342.902,342.238,11.940,0.000,0.000,1432.800,0.000,0.000,-0.000,999,1.840,8.000,99,9999,99999,9,999999999,0.040,0.999,0,0,999,0.040,99
5,4,2019,19,0,,19.360,15.570,77.000,89238.930,0.000,1342.902,337.459,0.000,0.000,0.000,0.000,0.000,0.000,-0.000,999,0.280,8.000,99,9999,99999,9,999999999,0.000,0.999,0,0,999,0.000,0
5,4,2019,20,0,,18.970,15.490,83.000,89238.930,0.000,1342.902,338.168,0.000,0.000,0.000,0.000,0.000,0.000,-0.000,999,0.150,8.000,99,9999,99999,9,999999999,0.020,0.999,0,0,999,0.020,99
5,4,2019,21,0,,18.580,15.410,88.000,89238.930,0.000,1342.902,338.072,0.000,0.000,0.000,0.000,0.000,0.000,-0.000,999,0.150,8.000,99,9999,99999,9,999999999,2.830,0.999,0,0,999,2.830,99
5,4,2019,22,0,,18.190,15.330,85.000,89238.930,0.000,1342.902,333.502,0.000,0.000,0.000,0.000,0.000,0.000,-0.000,999,0.150,8.000,99,9999,99999,9,999999999,0.110,0.999,0,0,999,0.110,99
5,4,2019,23,0,,17.800,15.240,83.000,89238.930,0.000,1342.902,329.500,0.000,0.000,0.000,0.000,0.000,0.000,-0.000,999,0.150,8.000,99,9999,99999,9,999999999,0.000,0.999,0,0,999,0.000,0
5,4,2019,24,0,,17.410,16.160,89.000,89238.930,0.000,1342.902,329.922,0.000,0.000,0.000,0.000,0.000,0.000,-0.000,999,0.370,8.000,99,9999,99999,9,999999999,0.240,0.999,0,0,999,0.240,99
5,5,2019,1,0,,17.220,16.120,92.000,89238.930,0.000,1342.902,330.086,0.000,0.000,0.000,0.000,0.000,0.000,-0.000,999,0.370,8.000,99,9999,99999,9,999999999,1.670,0.999,0,0,999,1.670,99
5,5,2019,2,0,,17.020,16.090,90.000,89238.930,0.000,1342.902,327.584,0.000,0.000,0.000,0.000,0.000,0.000,-0.000,999,0.370,8.000,99,9999,99999,9,999999999,0.060,0.999,0,0,999,0.060,99
5,5,2019,3,0,,16.830,16.050,90.000,89238.930,0.000,1342.902,326.196,0.000,0.000,0.000,0.000,0.000,0.000,-0.000,999,0.370,8.000,99,9999,99999,9,999999999,0.020,0.999,0,0,999,0.020,99
5,5,2019,4,0,,16.630,16.010,91.000,89238.930,0.000,1342.230,325.252,0.000,0.000,0.000,0.000,0.000,0.000,-0.000,999,0.370,8.000,99,9999,99999,9,999999999,0.040,0.999,0,0,999,0.040,99
5,5,2019,5,0,,16.440,15.980,91.000,89238.930,0.000,1342.230,323.870,0.000,0.000,0.000,0.000,0.000,0.000,-0.000,999,0.370,8.000,99,9999,99999,9,999999999,0.030,0.999,0,0,999,0.030,99
5,5,2019,6,0,,16.280,15.950,92.000,89238.930,0.000,1342.230,323.214,0.000,0.000,0.000,0.000,0.000,0.000,-0.000,999,0.370,8.000,99,9999,99999,9,999999999,0.070,0.999,0,0,999,0.070,99
5,5,2019,7,0,,16.160,15.930,92.000,89238.930,106.796,1342.230,322.345,0.000,0.000,0.000,0.000,0.000,0.000,0.000,999,0.370,8.000,99,9999,99999,9,999999999,0.200,0.999,0,0,999,0.200,99
5,5,2019,8,0,,16.030,15.900,99.000,89238.930,401.013,1342.230,324.790,61.950,0.000,61.950,7434.000,0.000,6814.500,66.197,999,0.370,8.000,99,9999,99999,9,999999999,17.670,0.999,0,0,999,17.670,99
5,5,2019,9,0,,18.040,16.270,90.000,89238.930,661.176,1342.230,335.118,161.990,3.389,160.322,19438.800,321.981,17635.418,103.693,999,0.370,8.000,99,9999,99999,9,999999999,1.030,0.999,0,0,999,1.030,99
5,5,2019,10,0,,18.910,16.430,85.000,89238.930,867.466,1342.230,338.870,256.600,9.669,250.354,30792.000,918.508,27538.933,123.355,999,0.370,8.000,99,9999,99999,9,999999999,0.160,0.999,0,0,999,0.160,99
5,5,2019,11,0,,19.660,16.570,83.000,89238.930,1005.600,1342.230,343.361,327.380,13.250,317.455,39285.600,1258.751,34920.090,134.907,999,0.370,8.000,99,9999,99999,9,999999999,0.110,0.999,0,0,999,0.110,99
5,5,2019,12,0,,20.260,16.680,81.000,89238.930,1066.109,1342.230,346.716,368.390,20.587,352.041,44206.800,1955.776,38724.493,141.105,999,0.370,8.000,99,9999,99999,9,999999999,0.130,0.999,0,0,999,0.130,99
5,5,2019,13,0,,20.680,16.750,80.000,89238.930,1044.855,1342.230,349.308,376.510,24.375,357.539,45181.200,2315.631,39329.283,146.227,999,0.370,8.000,99,9999,99999,9,999999999,0.010,0.999,0,0,999,0.010,99
5,5,2019,14,0,,20.920,16.800,77.000,89238.930,943.294,1342.230,349.238,351.130,31.359,329.098,42135.600,2979.084,36200.810,149.103,999,0.370,8.000,99,9999,99999,9,999999999,0.000,0.999,0,0,999,0.000,0
5,5,2019,15,0,,20.970,16.800,79.000,89238.930,768.386,1342.230,350.904,294.150,59.535,260.089,35298.000,5655.827,28609.736,144.704,999,0.370,8.000,99,9999,99999,9,999999999,0.010,0.999,0,0,999,0.010,99
5,5,2019,16,0,,20.750,16.770,77.000,89238.930,532.163,1342.230,347.940,210.090,106.354,167.989,25210.800,10103.638,18478.779,135.080,999,0.370,8.000,99,9999,99999,9,999999999,0.000,0.999,0,0,999,0.000,0
5,5,2019,17,0,,20.260,16.680,81.000,89238.930,251.304,1342.230,346.716,106.950,244.161,61.589,12834.000,23195.261,6774.801,105.523,999,0.370,8.000,99,9999,99999,9,999999999,0.090,0.999,0,0,999,0.090,99
5,5,2019,18,0,,19.720,16.580,82.000,89238.930,0.000,1342.230,343.220,9.510,0.000,0.000,1141.200,0.000,0.000,-0.000,999,0.370,8.000,99,9999,99999,9,999999999,0.750,0.999,0,0,999,0.750,99
5,5,2019,19,0,,19.190,16.480,84.000,89238.930,0.000,1342.230,340.399,0.000,0.000,0.000,0.000,0.000,0.000,-0.000,999,0.370,8.000,99,9999,99999,9,999999999,0.450,0.999,0,0,999,0.450,99
5,5,2019,20,0,,18.660,16.390,85.000,89238.930,0.000,1342.230,336.999,0.000,0.000,0.000,0.000,0.000,0.000,-0.000,999,0.370,8.000,99,9999,99999,9,999999999,0.020,0.999,0,0,999,0.020,99
5,5,2019,21,0,,18.130,16.290,87.000,89238.930,0.000,1342.230,334.167,0.000,0.000,0.000,0.000,0.000,0.000,-0.000,999,0.370,8.000,99,9999,99999,9,999999999,0.570,0.999,0,0,999,0.570,99
5,5,2019,22,0,,17.590,16.190,88.000,89238.930,0.000,1342.230,330.715,0.000,0.000,0.000,0.000,0.000,0.000,-0.000,999,0.370,8.000,99,9999,99999,9,999999999,0.360,0.999,0,0,999,0.360,99
5,5,2019,23,0,,17.060,16.090,90.000,89238.930,0.000,1342.230,327.877,0.000,0.000,0.000,0.000,0.000,0.000,-0.000,999,0.440,8.000,99,9999,99999,9,999999999,0.300,0.999,0,0,999,0.300,99
5,5,2019,24,0,,16.530,13.090,80.000,89238.930,0.000,1342.230,318.606,0.000,0.000,0.000,0.000,0.000,0.000,-0.000,999,0.220,8.000,99,9999,99999,9,999999999,0.000,0.999,0,0,999,0.000,0
5,6,2019,1,0,,16.260,13.070,81.000,89238.930,0.000,1342.230,317.245,0.000,0.000,0.000,0.000,0.000,0.000,-0.000,999,0.220,8.000,99,9999,99999,9,999999999,0.000,0.999,0,0,999,0.000,0
5,6,2019,2,0,,16.000,13.050,82.000,89238.930,0.000,1342.230,315.952,0.000,0.000,0.000,0.000,0.000,0.000,-0.000,999,0.220,8.000,99,9999,99999,9,999999999,0.000,0.999,0,0,999,0.000,0
5,6,2019,3,0,,15.730,13.020,83.000,89238.930,0.000,1342.230,314.584,0.000,0.000,0.000,0.000,0.000,0.000,-0.000,999,0.220,8.000,99,9999,99999,9,999999999,0.000,0.999,0,0,999,0.000,0
5,6,2019,4,0,,15.460,13.000,85.000,89238.930,0.000,1341.567,313.743,0.000,0.000,0.000,0.000,0.000,0.000,-0.000,999,0.220,8.000,99,9999,99999,9,999999999,0.000,0.999,0,0,999,0.000,0
5,6,2019,5,0,,15.200,12.980,86.000,89238.930,0.000,1341.567,312.431,0.000,0.000,0.000,0.000,0.000,0.000,-0.000,999,0.220,8.000,99,9999,99999,9,999999999,0.000,0.999,0,0,999,0.000,0
5,6,2019,6,0,,14.990,12.960,87.000,89238.930,0.000,1341.567,311.467,0.000,0.000,0.000,0.000,0.000,0.000,-0.000,999,0.220,8.000,99,9999,99999,9,999999999,0.000,0.999,0,0,999,0.000,0
5,6,2019,7,0,,14.820,12.940,88.000,89238.930,104.587,1341.567,310.780,0.000,0.000,0.000,0.000,0.000,0.000,0.000,999,0.220,8.000,99,9999,99999,9,999999999,0.000,0.999,0,0,999,0.000,0
5,6,2019,8,0,,14.640,12.930,89.000,89238.930,398.134,1341.567,310.018,55.180,0.000,55.180,6621.600,0.000,6069.800,59.363,999,0.220,8.000,99,9999,99999,9,999999999,0.000,0.999,0,0,999,0.000,0
5,6,2019,9,0,,16.710,13.110,79.000,89238.930,657.723,1341.567,319.318,151.430,2.306,150.300,18171.600,219.117,16533.027,97.674,999,0.220,8.000,99,9999,99999,9,999999999,0.000,0.999,0,0,999,0.000,0
5,6,2019,10,0,,18.090,13.230,73.000,89238.930,863.527,1341.567,325.605,308.380,28.569,289.998,37005.600,2714.085,31899.825,143.470,999,0.240,8.000,99,9999,99999,9,999999999,0.000,0.999,0,0,999,0.000,0
5,6,2019,11,0,,19.280,13.340,68.000,89238.930,1001.294,1341.567,330.934,409.770,71.815,356.182,49172.400,6822.453,39180.057,151.941,999,0.770,7.000,99,9999,99999,9,999999999,0.000,0.999,0,0,999,0.000,0
5,6,2019,12,0,,20.920,13.480,62.000,89238.930,1061.579,1341.567,338.594,638.310,333.210,374.688,76597.200,31654.907,41215.716,150.750,999,0.610,4.000,99,9999,99999,9,999999999,0.000,0.999,0,0,999,0.000,0
5,6,2019,13,0,,21.840,13.560,59.000,89238.930,1040.259,1341.567,343.032,589.290,278.573,373.325,70714.800,26464.463,41065.725,153.283,999,1.010,6.000,99,9999,99999,9,999999999,0.000,0.999,0,0,999,0.000,0
5,6,2019,14,0,,22.210,13.590,58.000,89238.930,938.796,1341.567,344.965,487.170,182.640,359.402,58460.400,17350.767,39534.258,163.533,999,1.160,7.000,99,9999,99999,9,999999999,0.000,0.999,0,0,999,0.000,0
5,6,2019,15,0,,22.780,13.640,56.000,89238.930,764.142,1341.567,347.519,603.810,591.282,267.228,72457.200,56171.775,29395.066,149.429,999,0.760,0.000,99,9999,99999,9,999999999,0.000,0.999,0,0,999,0.000,0
5,6,2019,16,0,,22.990,13.650,55.000,89238.930,528.315,1341.567,348.208,498.830,619.829,255.126,59859.600,58883.766,28063.840,206.544,999,0.560,0.000,99,9999,99999,9,999999999,0.000,0.999,0,0,999,0.000,0
5,6,2019,17,0,,22.670,13.630,56.000,89238.930,247.977,1341.567,346.690,323.330,499.286,231.772,38799.600,47432.146,25494.955,402.315,999,0.260,0.000,99,9999,99999,9,999999999,0.000,0.999,0,0,999,0.000,0
5,6,2019,18,0,,21.850,13.560,59.000,89238.930,0.000,1341.567,343.107,50.720,0.000,0.000,6086.400,0.000,0.000,-0.000,999,0.220,1.000,99,9999,99999,9,999999999,0.000,0.999,0,0,999,0.000,0
5,6,2019,19,0,,21.020,13.490,62.000,89238.930,0.000,1341.567,339.336,0.000,0.000,0.000,0.000,0.000,0.000,-0.000,999,0.220,1.000,99,9999,99999,9,999999999,0.000,0.999,0,0,999,0.000,0
5,6,2019,20,0,,20.200,13.420,64.000,89238.930,0.000,1341.567,334.801,0.000,0.000,0.000,0.000,0.000,0.000,-0.000,999,0.220,2.000,99,9999,99999,9,999999999,0.000,0.999,0,0,999,0.000,0
5,6,2019,21,0,,19.370,13.340,68.000,89238.930,0.000,1341.567,331.593,0.000,0.000,0.000,0.000,0.000,0.000,-0.000,999,0.220,2.000,99,9999,99999,9,999999999,0.000,0.999,0,0,999,0.000,0
5,6,2019,22,0,,18.550,13.270,71.000,89238.930,0.000,1341.567,327.645,0.000,0.000,0.000,0.000,0.000,0.000,-0.000,999,0.220,3.000,99,9999,99999,9,999999999,0.000,0.999,0,0,999,0.000,0
5,6,2019,23,0,,17.730,13.200,74.000,89238.930,0.000,1341.567,323.637,0.000,0.000,0.000,0.000,0.000,0.000,-0.000,999,0.220,3.000,99,9999,99999,9,999999999,0.000,0.999,0,0,999,0.000,0
5,6,2019,24,0,,16.900,14.240,83.000,89238.930,0.000,1341.567,322.950,0.000,0.000,0.000,0.000,0.000,0.000,-0.000,999,0.020,4.000,99,9999,99999,9,999999999,0.000,0.999,0,0,999,0.000,0
5,7,2019,1,0,,16.490,14.190,84.000,89238.930,0.000,1341.567,320.547,0.000,0.000,0.000,0.000,0.000,0.000,-0.000,999,0.020,4.000,99,9999,99999,9,999999999,0.000,0.999,0,0,999,0.000,0
5,7,2019,2,0,,16.080,14.130,86.000,89238.930,0.000,1341.567,318.681,0.000,0.000,0.000,0.000,0.000,0.000,-0.000,999,0.020,5.000,99,9999,99999,9,999999999,0.000,0.999,0,0,999,0.000,0
5,7,2019,3,0,,15.660,14.080,88.000,89238.930,0.000,1341.567,316.725,0.000,0.000,0.000,0.000,0.000,0.000,-0.000,999,0.020,5.000,99,9999,99999,9,999999999,0.000,0.999,0,0,999,0.000,0
5,7,2019,4,0,,15.250,14.020,90.000,89238.930,0.000,1340.911,314.822,0.000,0.000,0.000,0.000,0.000,0.000,-0.000,999,0.020,6.000,99,9999,99999,9,999999999,0.000,0.999,0,0,999,0.000,0
5,7,2019,5,0,,14.840,13.970,92.000,89238.930,0.000,1340.911,312.902,0.000,0.000,0.000,0.000,0.000,0.000,-0.000,999,0.030,6.000,99,9999,99999,9,999999999,0.000,0.999,0,0,999,0.000,0
5,7,2019,6,0,,14.520,13.930,99.000,89238.930,0.000,1340.911,313.916,0.000,0.000,0.000,0.000,0.000,0.000,-0.000,999,0.020,7.000,99,9999,99999,9,999999999,0.060,0.999,0,0,999,0.060,99
5,7,2019,7,0,,14.250,13.890,95.000,89238.930,102.373,1340.911,310.169,0.000,0.000,0.000,0.000,0.000,0.000,0.000,999,0.050,7.000,99,9999,99999,9,999999999,0.000,0.999,0,0,999,0.000,0
5,7,2019,8,0,,13.980,13.850,97.000,89238.930,395.256,1340.911,309.193,70.030,0.000,70.030,8403.600,0.000,7703.300,75.853,999,0.070,8.000,99,9999,99999,9,999999999,0.000,0.999,0,0,999,0.000,0
5,7,2019,9,0,,16.000,14.120,87.000,89238.930,654.280,1340.911,318.635,83.660,0.000,83.660,10039.200,0.000,9202.600,54.627,999,0.100,8.000,99,9999,99999,9,999999999,0.000,0.999,0,0,999,0.000,0
5,7,2019,10,0,,16.580,14.200,94.000,89238.930,859.609,1340.911,326.397,142.500,1.042,141.832,17100.000,98.982,15601.559,70.454,999,0.300,8.000,99,9999,99999,9,999999999,1.910,0.999,0,0,999,1.910,99
5,7,2019,11,0,,18.130,14.400,82.000,89238.930,997.021,1340.911,331.353,333.200,20.118,318.245,39984.000,1911.207,35006.954,136.273,999,0.450,8.000,99,9999,99999,9,999999999,0.010,0.999,0,0,999,0.010,99
5,7,2019,12,0,,19.630,14.590,76.000,89238.930,1057.095,1340.911,338.842,442.220,96.888,365.853,53066.400,9204.361,40243.822,147.748,999,0.670,8.000,99,9999,99999,9,999999999,0.020,0.999,0,0,999,0.020,99
5,7,2019,13,0,,21.400,14.820,65.000,89238.930,1035.722,1340.911,344.487,616.250,325.719,364.715,73950.000,30943.261,40118.596,150.330,999,1.190,5.000,99,9999,99999,9,999999999,0.000,0.999,0,0,999,0.000,0
5,7,2019,14,0,,22.300,14.930,62.000,89238.930,934.368,1340.911,348.950,521.370,283.739,323.718,62564.400,26955.176,35608.966,147.922,999,1.710,6.000,99,9999,99999,9,999999999,0.000,0.999,0,0,999,0.000,0
5,7,2019,15,0,,22.690,14.980,61.000,89238.930,759.979,1340.911,351.104,431.450,354.642,230.577,51774.000,33690.994,25363.419,129.578,999,1.480,6.000,99,9999,99999,9,999999999,0.000,0.999,0,0,999,0.000,0
5,7,2019,16,0,,22.570,14.960,62.000,89238.930,524.554,1340.911,351.004,307.840,387.205,156.612,36940.800,36784.496,17227.352,127.640,999,1.290,7.000,99,9999,99999,9,999999999,0.000,0.999,0,0,999,0.000,0
5,7,2019,17,0,,22.180,14.910,63.000,89238.930,244.742,1340.911,348.836,240.700,364.017,174.800,28884.000,34581.582,19227.956,307.343,999,0.780,3.000,99,9999,99999,9,999999999,0.000,0.999,0,0,999,0.000,0
5,7,2019,18,0,,21.270,14.800,66.000,89238.930,0.000,1340.911,344.259,59.020,0.000,0.000,7082.400,0.000,0.000,-0.000,999,0.360,3.000,99,9999,99999,9,999999999,0.000,0.999,0,0,999,0.000,0
5,7,2019,19,0,,20.350,14.680,69.000,89238.930,0.000,1340.911,339.535,0.000,0.000,0.000,0.000,0.000,0.000,-0.000,999,0.130,4.000,99,9999,99999,9,999999999,0.000,0.999,0,0,999,0.000,0
5,7,2019,20,0,,19.430,14.570,72.000,89238.930,0.000,1340.911,334.754,0.000,0.000,0.000,0.000,0.000,0.000,-0.000,999,0.040,4.000,99,9999,99999,9,999999999,0.000,0.999,0,0,999,0.000,0
5,7,2019,21,0,,18.520,14.450,76.000,89238.930,0.000,1340.911,330.626,0.000,0.000,0.000,0.000,0.000,0.000,-0.000,999,0.050,4.000,99,9999,99999,9,999999999,0.000,0.999,0,0,999,0.000,0
5,7,2019,22,0,,17.600,14.330,80.000,89238.930,0.000,1340.911,326.315,0.000,0.000,0.000,0.000,0.000,0.000,-0.000,999,0.090,5.000,99,9999,99999,9,999999999,0.000,0.999,0,0,999,0.000,0
5,7,2019,23,0,,16.680,14.210,84.000,89238.930,0.000,1340.911,321.914,0.000,0.000,0.000,0.000,0.000,0.000,-0.000,999,0.030,5.000,99,9999,99999,9,999999999,0.000,0.999,0,0,999,0.000,0
5,7,2019,24,0,,15.770,13.930,88.000,89238.930,0.000,1340.911,317.510,0.000,0.000,0.000,0.000,0.000,0.000,-0.000,999,0.260,5.000,99,9999,99999,9,999999999,0.000,0.999,0,0,999,0.000,0
5,8,2019,1,0,,15.310,13.720,90.000,89238.930,0.000,1340.911,315.248,0.000,0.000,0.000,0.000,0.000,0.000,-0.000,999,0.180,6.000,99,9999,99999,9,999999999,0.000,0.999,0,0,999,0.000,0
5,8,2019,2,0,,14.850,13.510,91.000,89238.930,0.000,1340.911,312.484,0.000,0.000,0.000,0.000,0.000,0.000,-0.000,999,0.180,6.000,99,9999,99999,9,999999999,0.000,0.999,0,0,999,0.000,0
5,8,2019,3,0,,14.390,13.290,93.000,89238.930,0.000,1340.911,310.210,0.000,0.000,0.000,0.000,0.000,0.000,-0.000,999,0.180,6.000,99,9999,99999,9,999999999,0.000,0.999,0,0,999,0.000,0
5,8,2019,4,0,,13.930,13.080,94.000,89238.930,0.000,1340.263,307.459,0.000,0.000,0.000,0.000,0.000,0.000,-0.000,999,0.180,7.000,99,9999,99999,9,999999999,0.000,0.999,0,0,999,0.000,0
5,8,2019,5,0,,13.480,12.860,96.000,89238.930,0.000,1340.263,305.246,0.000,0.000,0.000,0.000,0.000,0.000,-0.000,999,0.180,7.000,99,9999,99999,9,999999999,0.000,0.999,0,0,999,0.000,0
5,8,2019,6,0,,13.120,12.690,97.000,89238.930,0.000,1340.263,303.201,0.000,0.000,0.000,0.000,0.000,0.000,-0.000,999,0.180,7.000,99,9999,99999,9,999999999,0.000,0.999,0,0,999,0.000,0
5,8,2019,7,0,,12.820,12.540,98.000,89238.930,100.156,1340.263,301.573,0.000,0.000,0.000,0.000,0.000,0.000,0.000,999,0.180,8.000,99,9999,99999,9,999999999,0.000,0.999,0,0,999,0.000,0
5,8,2019,8,0,,12.520,12.390,99.000,89238.930,392.378,1340.263,299.947,80.950,0.000,80.950,9714.000,0.000,8904.500,88.285,999,0.180,8.000,99,9999,99999,9,999999999,0.000,0.999,0,0,999,0.000,0
5,8,2019,9,0,,17.340,14.620,84.000,89238.930,650.848,1340.263,326.698,298.100,159.458,220.739,35772.000,15148.525,24281.247,144.827,999,0.180,5.000,99,9999,99999,9,999999999,0.000,0.999,0,0,999,0.000,0
5,8,2019,10,0,,19.180,15.400,78.000,89238.930,855.713,1340.263,336.740,405.920,148.113,311.395,48710.400,14070.769,34253.441,155.313,999,0.210,6.000,99,9999,99999,9,999999999,0.000,0.999,0,0,999,0.000,0
5,8,2019,11,0,,22.270,16.630,70.000,89238.930,992.783,1340.263,354.821,746.990,585.560,313.349,89638.800,55628.158,34468.370,134.685,999,0.210,0.000,99,9999,99999,9,999999999,0.000,0.999,0,0,999,0.000,0
5,8,2019,12,0,,22.180,16.590,70.000,89238.930,1052.659,1340.263,354.127,365.400,65.914,313.640,43848.000,6261.795,34500.407,127.134,999,0.230,8.000,99,9999,99999,9,999999999,0.000,0.999,0,0,999,0.000,0
5,8,2019,13,0,,22.620,16.760,69.000,89238.930,1031.247,1340.263,356.797,484.530,193.125,335.963,58143.600,18346.843,36955.933,139.014,999,0.980,7.000,99,9999,99999,9,999999999,0.000,0.999,0,0,999,0.000,0
5,8,2019,14,0,,21.670,16.390,71.000,89238.930,930.014,1340.263,350.922,242.310,19.751,228.609,29077.200,1876.301,25147.029,104.902,999,2.240,8.000,99,9999,99999,9,999999999,0.000,0.999,0,0,999,0.000,0
5,8,2019,15,0,,21.890,16.480,71.000,89238.930,755.898,1340.263,352.610,416.660,252.436,274.377,49999.200,23981.429,30181.516,154.952,999,2.450,7.000,99,9999,99999,9,999999999,0.000,0.999,0,0,999,0.000,0
5,8,2019,16,0,,21.450,16.310,72.000,89238.930,520.883,1340.263,349.939,287.990,363.586,146.916,34558.800,34540.630,16160.806,120.526,999,1.890,7.000,99,9999,99999,9,999999999,0.000,0.999,0,0,999,0.000,0
5,8,2019,17,0,,20.480,15.920,75.000,89238.930,241.599,1340.263,344.586,144.640,523.477,51.062,17356.800,49730.323,5616.838,90.923,999,1.480,8.000,99,9999,99999,9,999999999,0.000,0.999,0,0,999,0.000,0
5,8,2019,18,0,,19.730,15.620,77.000,89238.930,0.000,1340.263,340.224,11.120,0.000,0.000,1334.400,0.000,0.000,-0.000,999,0.490,8.000,99,9999,99999,9,999999999,0.000,0.999,0,0,999,0.000,0
5,8,2019,19,0,,18.990,15.320,79.000,89238.930,0.000,1340.263,335.938,0.000,0.000,0.000,0.000,0.000,0.000,-0.000,999,0.220,8.000,99,9999,99999,9,999999999,0.000,0.999,0,0,999,0.000,0
5,8,2019,20,0,,18.250,15.010,81.000,89238.930,0.000,1340.263,331.655,0.000,0.000,0.000,0.000,0.000,0.000,-0.000,999,0.180,8.000,99,9999,99999,9,999999999,0.000,0.999,0,0,999,0.000,0
5,8,2019,21,0,,17.510,14.690,83.000,89238.930,0.000,1340.263,327.378,0.000,0.000,0.000,0.000,0.000,0.000,-0.000,999,0.180,7.000,99,9999,99999,9,999999999,0.000,0.999,0,0,999,0.000,0
5,8,2019,22,0,,16.760,14.370,85.000,89238.930,0.000,1340.263,323.037,0.000,0.000,0.000,0.000,0.000,0.000,-0.000,999,0.180,7.000,99,9999,99999,9,999999999,0.000,0.999,0,0,999,0.000,0
5,8,2019,23,0,,16.020,14.040,88.000,89238.930,0.000,1340.263,319.299,0.000,0.000,0.000,0.000,0.000,0.000,-0.000,999,0.180,7.000,99,9999,99999,9,999999999,0.000,0.999,0,0,999,0.000,0
5,8,2019,24,0,,15.280,11.970,80.000,89238.930,0.000,1340.263,309.778,0.000,0.000,0.000,0.000,0.000,0.000,-0.000,999,0.070,7.000,99,9999,99999,9,999999999,0.000,0.999,0,0,999,0.000,0
5,9,2019,1,0,,14.910,11.900,82.000,89238.930,0.000,1340.263,308.287,0.000,0.000,0.000,0.000,0.000,0.000,-0.000,999,0.070,7.000,99,9999,99999,9,999999999,0.000,0.999,0,0,999,0.000,0
5,9,2019,2,0,,14.540,11.820,83.000,89238.930,0.000,1340.263,306.248,0.000,0.000,0.000,0.000,0.000,0.000,-0.000,999,0.070,7.000,99,9999,99999,9,999999999,0.000,0.999,0,0,999,0.000,0
5,9,2019,3,0,,14.170,11.740,85.000,89238.930,0.000,1340.263,304.726,0.000,0.000,0.000,0.000,0.000,0.000,-0.000,999,0.070,7.000,99,9999,99999,9,999999999,0.000,0.999,0,0,999,0.000,0
5,9,2019,4,0,,13.800,11.670,86.000,89238.930,0.000,1339.624,302.682,0.000,0.000,0.000,0.000,0.000,0.000,-0.000,999,0.070,7.000,99,9999,99999,9,999999999,0.000,0.999,0,0,999,0.000,0
5,9,2019,5,0,,13.420,11.590,88.000,89238.930,0.000,1339.624,301.064,0.000,0.000,0.000,0.000,0.000,0.000,-0.000,999,0.070,6.000,99,9999,99999,9,999999999,0.000,0.999,0,0,999,0.000,0
5,9,2019,6,0,,13.140,11.530,89.000,89238.930,0.000,1339.624,299.632,0.000,0.000,0.000,0.000,0.000,0.000,-0.000,999,0.070,6.000,99,9999,99999,9,999999999,0.000,0.999,0,0,999,0.000,0
5,9,2019,7,0,,12.890,11.470,91.000,89238.930,97.938,1339.624,298.875,0.000,0.000,0.000,0.000,0.000,0.000,0.000,999,0.070,6.000,99,9999,99999,9,999999999,0.000,0.999,0,0,999,0.000,0
5,9,2019,8,0,,12.650,11.420,92.000,89238.930,389.505,1339.624,297.705,116.240,26.517,108.554,13948.800,2519.113,11940.946,119.213,999,0.070,6.000,99,9999,99999,9,999999999,0.000,0.999,0,0,999,0.000,0
5,9,2019,9,0,,16.860,12.300,74.000,89238.930,647.429,1339.624,317.413,351.060,263.268,223.947,42127.200,25010.421,24634.181,147.640,999,0.070,1.000,99,9999,99999,9,999999999,0.000,0.999,0,0,999,0.000,0
5,9,2019,10,0,,18.820,12.690,67.000,89238.930,851.843,1339.624,326.892,560.760,525.432,226.792,67291.200,49916.030,24947.080,113.576,999,0.070,0.000,99,9999,99999,9,999999999,0.000,0.999,0,0,999,0.000,0
5,9,2019,11,0,,20.510,13.020,62.000,89238.930,988.584,1339.624,335.563,716.190,699.061,200.440,85942.800,66410.820,22048.377,86.479,999,0.160,0.000,99,9999,99999,9,999999999,0.000,0.999,0,0,999,0.000,0
5,9,2019,12,0,,21.830,13.270,58.000,89238.930,1048.276,1339.624,342.121,803.110,849.997,138.098,96373.200,80749.742,15190.769,56.186,999,0.510,0.000,99,9999,99999,9,999999999,0.000,0.999,0,0,999,0.000,0
5,9,2019,13,0,,22.750,13.450,55.000,89238.930,1026.836,1339.624,346.400,816.640,817.500,190.147,97996.800,77662.473,20916.139,78.979,999,1.200,0.000,99,9999,99999,9,999999999,0.000,0.999,0,0,999,0.000,0
5,9,2019,14,0,,23.270,13.550,54.000,89238.930,925.736,1339.624,349.409,759.430,811.711,198.684,91131.600,77112.576,21855.221,91.548,999,1.110,0.000,99,9999,99999,9,999999999,0.000,0.999,0,0,999,0.000,0
5,9,2019,15,0,,23.370,13.560,54.000,89238.930,751.902,1339.624,350.166,635.050,801.135,185.676,76206.000,76107.869,20424.363,105.367,999,1.640,0.000,99,9999,99999,9,999999999,0.000,0.999,0,0,999,0.000,0
5,9,2019,16,0,,22.870,13.470,55.000,89238.930,517.302,1339.624,347.303,447.620,734.376,164.508,53714.400,69765.766,18095.843,135.830,999,1.750,0.000,99,9999,99999,9,999999999,0.000,0.999,0,0,999,0.000,0
5,9,2019,17,0,,21.770,13.260,58.000,89238.930,238.550,1339.624,341.674,220.220,578.788,118.033,26426.400,54984.843,12983.604,212.802,999,0.600,4.000,99,9999,99999,9,999999999,0.000,0.999,0,0,999,0.000,0
5,9,2019,18,0,,20.980,13.110,60.000,89238.930,0.000,1339.624,337.455,14.510,0.000,0.000,1741.200,0.000,0.000,-0.000,999,0.550,4.000,99,9999,99999,9,999999999,0.000,0.999,0,0,999,0.000,0
5,9,2019,19,0,,20.180,12.960,63.000,89238.930,0.000,1339.624,333.901,0.000,0.000,0.000,0.000,0.000,0.000,-0.000,999,0.230,4.000,99,9999,99999,9,999999999,0.000,0.999,0,0,999,0.000,0
5,9,2019,20,0,,19.390,12.800,65.000,89238.930,0.000,1339.624,329.608,0.000,0.000,0.000,0.000,0.000,0.000,-0.000,999,0.200,4.000,99,9999,99999,9,999999999,0.000,0.999,0,0,999,0.000,0
5,9,2019,21,0,,18.590,12.640,68.000,89238.930,0.000,1339.624,325.919,0.000,0.000,0.000,0.000,0.000,0.000,-0.000,999,0.150,5.000,99,9999,99999,9,999999999,0.000,0.999,0,0,999,0.000,0
5,9,2019,22,0,,17.800,12.490,71.000,89238.930,0.000,1339.624,322.231,0.000,0.000,0.000,0.000,0.000,0.000,-0.000,999,0.070,5.000,99,9999,99999,9,999999999,0.000,0.999,0,0,999,0.000,0
5,9,2019,23,0,,17.000,12.330,73.000,89238.930,0.000,1339.624,317.790,0.000,0.000,0.000,0.000,0.000,0.000,-0.000,999,0.070,5.000,99,9999,99999,9,999999999,0.000,0.999,0,0,999,0.000,0
5,9,2019,24,0,,16.210,12.400,78.000,89238.930,0.000,1339.624,315.186,0.000,0.000,0.000,0.000,0.000,0.000,-0.000,999,0.140,5.000,99,9999,99999,9,999999999,0.000,0.999,0,0,999,0.000,0
5,10,2019,1,0,,15.810,12.400,80.000,89238.930,0.000,1339.624,313.498,0.000,0.000,0.000,0.000,0.000,0.000,-0.000,999,0.100,5.000,99,9999,99999,9,999999999,0.000,0.999,0,0,999,0.000,0
5,10,2019,2,0,,15.410,12.390,82.000,89238.930,0.000,1339.624,311.785,0.000,0.000,0.000,0.000,0.000,0.000,-0.000,999,0.100,5.000,99,9999,99999,9,999999999,0.000,0.999,0,0,999,0.000,0
5,10,2019,3,0,,15.020,12.380,84.000,89238.930,0.000,1339.624,310.120,0.000,0.000,0.000,0.000,0.000,0.000,-0.000,999,0.110,5.000,99,9999,99999,9,999999999,0.000,0.999,0,0,999,0.000,0
5,10,2019,4,0,,14.620,12.370,86.000,89238.930,0.000,1338.992,308.363,0.000,0.000,0.000,0.000,0.000,0.000,-0.000,999,0.100,5.000,99,9999,99999,9,999999999,0.000,0.999,0,0,999,0.000,0
5,10,2019,5,0,,14.220,12.360,88.000,89238.930,0.000,1338.992,306.587,0.000,0.000,0.000,0.000,0.000,0.000,-0.000,999,0.100,6.000,99,9999,99999,9,999999999,0.000,0.999,0,0,999,0.000,0
5,10,2019,6,0,,13.920,12.350,90.000,89238.930,0.000,1338.992,305.486,0.000,0.000,0.000,0.000,0.000,0.000,-0.000,999,0.100,6.000,99,9999,99999,9,999999999,0.000,0.999,0,0,999,0.000,0
5,10,2019,7,0,,13.650,12.350,91.000,89238.930,95.720,1338.992,304.097,0.000,0.000,0.000,0.000,0.000,0.000,0.000,999,0.100,6.000,99,9999,99999,9,999999999,0.000,0.999,0,0,999,0.000,0
5,10,2019,8,0,,13.390,12.340,93.000,89238.930,386.637,1338.992,303.243,117.870,89.507,92.106,14144.400,8503.192,10131.706,101.857,999,0.100,6.000,99,9999,99999,9,999999999,0.000,0.999,0,0,999,0.000,0
5,10,2019,9,0,,17.440,12.430,72.000,89238.930,644.025,1338.992,320.296,358.700,289.950,219.376,43044.000,27545.224,24131.377,145.324,999,0.100,0.000,99,9999,99999,9,999999999,0.000,0.999,0,0,999,0.000,0
5,10,2019,10,0,,19.340,12.470,64.000,89238.930,848.000,1338.992,328.515,574.270,574.787,210.410,68912.400,54604.775,23145.073,105.801,999,0.150,0.000,99,9999,99999,9,999999999,0.000,0.999,0,0,999,0.000,0
5,10,2019,11,0,,20.960,12.500,58.000,89238.930,984.426,1338.992,335.677,732.690,772.348,165.002,87922.800,73373.100,18150.203,71.457,999,0.330,0.000,99,9999,99999,9,999999999,0.000,0.999,0,0,999,0.000,0
5,10,2019,12,0,,22.240,12.530,54.000,89238.930,1043.947,1338.992,341.684,823.140,869.794,145.133,98776.800,82630.419,15964.601,59.265,999,0.420,0.000,99,9999,99999,9,999999999,0.000,0.999,0,0,999,0.000,0
5,10,2019,13,0,,23.130,12.550,51.000,89238.930,1022.493,1338.992,345.519,837.090,932.907,124.845,100450.800,88626.186,13732.952,52.051,999,0.830,0.000,99,9999,99999,9,999999999,0.000,0.999,0,0,999,0.000,0
5,10,2019,14,0,,23.620,12.560,49.000,89238.930,921.535,1338.992,347.212,775.000,821.615,209.724,93000.000,78053.452,23069.614,97.030,999,1.490,0.000,99,9999,99999,9,999999999,0.000,0.999,0,0,999,0.000,0
5,10,2019,15,0,,23.700,12.560,49.000,89238.930,747.993,1338.992,347.812,642.770,799.553,196.409,77132.400,75957.525,21604.994,111.988,999,3.170,0.000,99,9999,99999,9,999999999,0.000,0.999,0,0,999,0.000,0
5,10,2019,16,0,,23.210,12.550,51.000,89238.930,513.814,1338.992,346.118,453.260,728.912,174.025,54391.200,69246.637,19142.701,144.599,999,2.930,0.000,99,9999,99999,9,999999999,0.000,0.999,0,0,999,0.000,0
5,10,2019,17,0,,22.150,12.530,54.000,89238.930,235.595,1338.992,341.016,222.440,556.388,125.399,26692.800,52856.838,13793.864,228.857,999,1.510,4.000,99,9999,99999,9,999999999,0.000,0.999,0,0,999,0.000,0
5,10,2019,18,0,,21.100,12.510,57.000,89238.930,0.000,1338.992,335.872,13.090,0.000,0.000,1570.800,0.000,0.000,-0.000,999,0.290,4.000,99,9999,99999,9,999999999,0.000,0.999,0,0,999,0.000,0
5,10,2019,19,0,,20.050,12.480,61.000,89238.930,0.000,1338.992,331.417,0.000,0.000,0.000,0.000,0.000,0.000,-0.000,999,0.100,4.000,99,9999,99999,9,999999999,0.000,0.999,0,0,999,0.000,0
5,10,2019,20,0,,19.010,12.460,65.000,89238.930,0.000,1338.992,326.851,0.000,0.000,0.000,0.000,0.000,0.000,-0.000,999,0.100,4.000,99,9999,99999,9,999999999,0.000,0.999,0,0,999,0.000,0
5,10,2019,21,0,,17.960,12.440,70.000,89238.930,0.000,1338.992,322.725,0.000,0.000,0.000,0.000,0.000,0.000,-0.000,999,0.100,5.000,99,9999,99999,9,999999999,0.000,0.999,0,0,999,0.000,0
5,10,2019,22,0,,16.920,12.420,74.000,89238.930,0.000,1338.992,317.840,0.000,0.000,0.000,0.000,0.000,0.000,-0.000,999,0.100,5.000,99,9999,99999,9,999999999,0.000,0.999,0,0,999,0.000,0
5,10,2019,23,0,,15.870,12.400,79.000,89238.930,0.000,1338.992,313.357,0.000,0.000,0.000,0.000,0.000,0.000,-0.000,999,0.100,5.000,99,9999,99999,9,999999999,0.000,0.999,0,0,999,0.000,0
5,10,2019,24,0,,14.820,9.620,71.000,89238.930,0.000,1338.992,301.395,0.000,0.000,0.000,0.000,0.000,0.000,-0.000,999,0.310,5.000,99,9999,99999,9,999999999,0.000,0.999,0,0,999,0.000,0
5,11,2019,1,0,,14.300,9.560,73.000,89238.930,0.000,1338.992,299.052,0.000,0.000,0.000,0.000,0.000,0.000,-0.000,999,0.310,5.000,99,9999,99999,9,999999999,0.000,0.999,0,0,999,0.000,0
5,11,2019,2,0,,13.780,9.500,75.000,89238.930,0.000,1338.992,296.687,0.000,0.000,0.000,0.000,0.000,0.000,-0.000,999,0.310,5.000,99,9999,99999,9,999999999,0.000,0.999,0,0,999,0.000,0
5,11,2019,3,0,,13.250,9.430,77.000,89238.930,0.000,1338.992,294.233,0.000,0.000,0.000,0.000,0.000,0.000,-0.000,999,0.310,5.000,99,9999,99999,9,999999999,0.000,0.999,0,0,999,0.000,0
5,11,2019,4,0,,12.730,9.370,80.000,89238.930,0.000,1338.369,292.354,0.000,0.000,0.000,0.000,0.000,0.000,-0.000,999,0.310,5.000,99,9999,99999,9,999999999,0.000,0.999,0,0,999,0.000,0
5,11,2019,5,0,,12.210,9.310,82.000,89238.930,0.000,1338.369,289.916,0.000,0.000,0.000,0.000,0.000,0.000,-0.000,999,0.310,6.000,99,9999,99999,9,999999999,0.000,0.999,0,0,999,0.000,0
5,11,2019,6,0,,11.800,9.260,84.000,89238.930,0.000,1338.369,288.193,0.000,0.000,0.000,0.000,0.000,0.000,-0.000,999,0.310,6.000,99,9999,99999,9,999999999,0.000,0.999,0,0,999,0.000,0
5,11,2019,7,0,,11.460,9.220,86.000,89238.930,93.503,1338.369,286.912,0.000,0.000,0.000,0.000,0.000,0.000,0.000,999,0.310,6.000,99,9999,99999,9,999999999,0.000,0.999,0,0,999,0.000,0
5,11,2019,8,0,,11.110,9.180,87.000,89238.930,383.776,1338.369,285.079,119.610,64.094,101.290,14353.200,6088.883,11141.936,112.801,999,0.310,6.000,99,9999,99999,9,999999999,0.000,0.999,0,0,999,0.000,0
5,11,2019,9,0,,15.780,9.730,67.000,89238.930,640.639,1338.369,305.449,369.860,329.498,212.294,44383.200,31302.344,23352.289,141.311,999,0.310,0.000,99,9999,99999,9,999999999,0.000,0.999,0,0,999,0.000,0
5,11,2019,10,0,,17.970,9.980,59.000,89238.930,844.188,1338.369,315.009,589.600,618.751,199.491,70752.000,58781.362,21943.975,100.717,999,0.310,0.000,99,9999,99999,9,999999999,0.000,0.999,0,0,999,0.000,0
5,11,2019,11,0,,19.860,10.200,53.000,89238.930,980.311,1338.369,323.471,755.520,804.609,166.320,90662.400,76437.817,18295.224,72.296,999,0.310,0.000,99,9999,99999,9,999999999,0.000,0.999,0,0,999,0.000,0
5,11,2019,12,0,,21.360,10.370,49.000,89238.930,1039.675,1338.369,330.569,851.420,924.624,133.290,102170.400,87839.291,14661.929,54.627,999,0.310,0.000,99,9999,99999,9,999999999,0.000,0.999,0,0,999,0.000,0
5,11,2019,13,0,,22.420,10.490,46.000,89238.930,1018.218,1338.369,335.257,870.400,924.740,167.017,104448.000,87850.271,18371.892,69.894,999,0.660,0.000,99,9999,99999,9,999999999,0.000,0.999,0,0,999,0.000,0
5,11,2019,14,0,,23.010,10.550,45.000,89238.930,917.415,1338.369,338.514,809.100,916.735,180.911,97092.000,87089.872,19900.252,84.037,999,0.750,0.000,99,9999,99999,9,999999999,0.000,0.999,0,0,999,0.000,0
5,11,2019,15,0,,23.130,10.570,45.000,89238.930,744.172,1338.369,339.396,673.020,813.912,220.758,80762.400,77321.634,24283.331,126.460,999,0.820,0.000,99,9999,99999,9,999999999,0.000,0.999,0,0,999,0.000,0
5,11,2019,16,0,,22.570,10.500,46.000,89238.930,510.418,1338.369,336.352,474.660,808.064,167.013,56959.200,76766.036,18371.389,139.634,999,0.390,0.000,99,9999,99999,9,999999999,0.000,0.999,0,0,999,0.000,0
5,11,2019,17,0,,21.340,10.370,49.000,89238.930,232.734,1338.369,330.424,234.680,419.616,162.363,28161.600,39863.490,17859.981,299.883,999,0.500,3.000,99,9999,99999,9,999999999,0.000,0.999,0,0,999,0.000,0
5,11,2019,18,0,,20.280,10.250,52.000,89238.930,0.000,1338.369,325.587,14.710,0.000,0.000,1765.200,0.000,0.000,-0.000,999,0.310,3.000,99,9999,99999,9,999999999,0.000,0.999,0,0,999,0.000,0
5,11,2019,19,0,,19.220,10.130,55.000,89238.930,0.000,1338.369,320.628,0.000,0.000,0.000,0.000,0.000,0.000,-0.000,999,0.310,4.000,99,9999,99999,9,999999999,0.000,0.999,0,0,999,0.000,0
5,11,2019,20,0,,18.150,10.010,58.000,89238.930,0.000,1338.369,315.500,0.000,0.000,0.000,0.000,0.000,0.000,-0.000,999,0.310,4.000,99,9999,99999,9,999999999,0.000,0.999,0,0,999,0.000,0
5,11,2019,21,0,,17.090,9.880,62.000,89238.930,0.000,1338.369,311.086,0.000,0.000,0.000,0.000,0.000,0.000,-0.000,999,0.310,4.000,99,9999,99999,9,999999999,0.000,0.999,0,0,999,0.000,0
5,11,2019,22,0,,16.030,9.760,66.000,89238.930,0.000,1338.369,306.512,0.000,0.000,0.000,0.000,0.000,0.000,-0.000,999,0.310,5.000,99,9999,99999,9,999999999,0.000,0.999,0,0,999,0.000,0
5,11,2019,23,0,,14.970,9.640,70.000,89238.930,0.000,1338.369,301.806,0.000,0.000,0.000,0.000,0.000,0.000,-0.000,999,0.310,5.000,99,9999,99999,9,999999999,0.000,0.999,0,0,999,0.000,0
5,11,2019,24,0,,13.900,10.170,78.000,89238.930,0.000,1338.369,299.168,0.000,0.000,0.000,0.000,0.000,0.000,-0.000,999,0.060,5.000,99,9999,99999,9,999999999,0.000,0.999,0,0,999,0.000,0
5,12,2019,1,0,,13.370,10.000,80.000,89238.930,0.000,1338.369,296.654,0.000,0.000,0.000,0.000,0.000,0.000,-0.000,999,0.060,6.000,99,9999,99999,9,999999999,0.000,0.999,0,0,999,0.000,0
5,12,2019,2,0,,12.840,9.830,81.000,89238.930,0.000,1338.369,293.610,0.000,0.000,0.000,0.000,0.000,0.000,-0.000,999,0.060,6.000,99,9999,99999,9,999999999,0.000,0.999,0,0,999,0.000,0
5,12,2019,3,0,,12.310,9.660,83.000,89238.930,0.000,1338.369,291.085,0.000,0.000,0.000,0.000,0.000,0.000,-0.000,999,0.060,6.000,99,9999,99999,9,999999999,0.000,0.999,0,0,999,0.000,0
5,12,2019,4,0,,11.780,9.490,85.000,89238.930,0.000,1337.754,288.548,0.000,0.000,0.000,0.000,0.000,0.000,-0.000,999,0.060,7.000,99,9999,99999,9,999999999,0.000,0.999,0,0,999,0.000,0
5,12,2019,5,0,,11.250,9.310,87.000,89238.930,0.000,1337.754,286.000,0.000,0.000,0.000,0.000,0.000,0.000,-0.000,999,0.060,7.000,99,9999,99999,9,999999999,0.000,0.999,0,0,999,0.000,0
5,12,2019,6,0,,10.840,9.180,89.000,89238.930,0.000,1337.754,284.230,0.000,0.000,0.000,0.000,0.000,0.000,-0.000,999,0.060,7.000,99,9999,99999,9,999999999,0.000,0.999,0,0,999,0.000,0
5,12,2019,7,0,,10.490,9.060,90.000,89238.930,91.289,1337.754,282.391,0.000,0.000,0.000,0.000,0.000,0.000,0.000,999,0.060,8.000,99,9999,99999,9,999999999,0.000,0.999,0,0,999,0.000,0
5,12,2019,8,0,,10.140,8.940,92.000,89238.930,380.924,1337.754,280.994,95.180,0.951,94.910,11421.600,90.375,10440.100,106.444,999,0.060,8.000,99,9999,99999,9,999999999,0.000,0.999,0,0,999,0.000,0
5,12,2019,9,0,,14.760,10.430,75.000,89238.930,637.274,1337.754,303.352,306.410,202.854,209.872,36769.200,19271.126,23085.866,140.374,999,0.110,4.000,99,9999,99999,9,999999999,0.000,0.999,0,0,999,0.000,0
5,12,2019,10,0,,16.980,11.100,68.000,89238.930,840.408,1337.754,314.445,490.330,341.486,275.897,58839.600,32441.138,30348.715,139.855,999,0.130,3.000,99,9999,99999,9,999999999,0.000,0.999,0,0,999,0.000,0
5,12,2019,11,0,,18.780,11.630,63.000,89238.930,976.243,1337.754,323.743,611.990,420.264,305.377,73438.800,39925.041,33591.419,133.234,999,0.310,2.000,99,9999,99999,9,999999999,0.000,0.999,0,0,999,0.000,0
5,12,2019,12,0,,20.300,12.060,59.000,89238.930,1035.462,1337.754,331.661,704.970,536.325,289.920,84596.400,50950.842,31891.231,119.249,999,0.430,1.000,99,9999,99999,9,999999999,0.000,0.999,0,0,999,0.000,0
5,12,2019,13,0,,21.330,12.350,56.000,89238.930,1014.016,1337.754,336.714,710.950,613.086,246.333,85314.000,58243.134,27096.625,103.466,999,1.130,2.000,99,9999,99999,9,999999999,0.000,0.999,0,0,999,0.000,0
5,12,2019,14,0,,21.890,12.500,55.000,89238.930,913.377,1337.754,339.980,657.220,719.269,166.291,78866.400,68330.526,18292.012,77.552,999,1.330,2.000,99,9999,99999,9,999999999,0.000,0.999,0,0,999,0.000,0
5,12,2019,15,0,,22.010,12.530,54.000,89238.930,740.441,1337.754,339.978,554.280,845.953,86.359,66513.600,80365.545,9499.529,49.697,999,1.480,2.000,99,9999,99999,9,999999999,0.000,0.999,0,0,999,0.000,0
5,12,2019,16,0,,21.470,12.390,56.000,89238.930,507.118,1337.754,337.746,390.850,644.567,146.930,46902.000,61233.847,16162.320,123.590,999,0.910,4.000,99,9999,99999,9,999999999,0.000,0.999,0,0,999,0.000,0
5,12,2019,17,0,,20.270,12.050,59.000,89238.930,229.969,1337.754,331.442,195.370,456.085,117.683,23444.400,43328.058,12945.081,219.916,999,0.900,6.000,99,9999,99999,9,999999999,0.000,0.999,0,0,999,0.000,0
5,12,2019,18,0,,19.280,11.770,61.000,89238.930,0.000,1337.754,325.838,11.440,0.000,0.000,1372.800,0.000,0.000,-0.000,999,0.580,6.000,99,9999,99999,9,999999999,0.000,0.999,0,0,999,0.000,0
5,12,2019,19,0,,18.300,11.490,64.000,89238.930,0.000,1337.754,321.036,0.000,0.000,0.000,0.000,0.000,0.000,-0.000,999,0.160,6.000,99,9999,99999,9,999999999,0.000,0.999,0,0,999,0.000,0
5,12,2019,20,0,,17.310,11.200,67.000,89238.930,0.000,1337.754,316.101,0.000,0.000,0.000,0.000,0.000,0.000,-0.000,999,0.230,6.000,99,9999,99999,9,999999999,0.000,0.999,0,0,999,0.000,0
5,12,2019,21,0,,16.320,10.910,70.000,89238.930,0.000,1337.754,311.118,0.000,0.000,0.000,0.000,0.000,0.000,-0.000,999,0.300,6.000,99,9999,99999,9,999999999,0.000,0.999,0,0,999,0.000,0
5,12,2019,22,0,,15.340,10.610,73.000,89238.930,0.000,1337.754,306.166,0.000,0.000,0.000,0.000,0.000,0.000,-0.000,999,0.210,6.000,99,9999,99999,9,999999999,0.000,0.999,0,0,999,0.000,0
5,12,2019,23,0,,14.350,10.310,76.000,89238.930,0.000,1337.754,301.119,0.000,0.000,0.000,0.000,0.000,0.000,-0.000,999,0.150,6.000,99,9999,99999,9,999999999,0.000,0.999,0,0,999,0.000,0
5,12,2019,24,0,,13.370,9.730,78.000,89238.930,0.000,1337.754,295.583,0.000,0.000,0.000,0.000,0.000,0.000,-0.000,999,0.590,6.000,99,9999,99999,9,999999999,0.000,0.999,0,0,999,0.000,0
5,13,2019,1,0,,12.870,9.650,80.000,89238.930,0.000,1337.754,293.291,0.000,0.000,0.000,0.000,0.000,0.000,-0.000,999,0.430,7.000,99,9999,99999,9,999999999,0.000,0.999,0,0,999,0.000,0
5,13,2019,2,0,,12.380,9.560,82.000,89238.930,0.000,1337.754,291.048,0.000,0.000,0.000,0.000,0.000,0.000,-0.000,999,0.360,7.000,99,9999,99999,9,999999999,0.000,0.999,0,0,999,0.000,0
5,13,2019,3,0,,11.890,9.480,85.000,89238.930,0.000,1337.754,289.277,0.000,0.000,0.000,0.000,0.000,0.000,-0.000,999,0.310,7.000,99,9999,99999,9,999999999,0.000,0.999,0,0,999,0.000,0
5,13,2019,4,0,,11.400,9.400,87.000,89238.930,0.000,1337.149,286.990,0.000,0.000,0.000,0.000,0.000,0.000,-0.000,999,0.630,7.000,99,9999,99999,9,999999999,0.000,0.999,0,0,999,0.000,0
5,13,2019,5,0,,10.900,9.310,89.000,89238.930,0.000,1337.149,284.624,0.000,0.000,0.000,0.000,0.000,0.000,-0.000,999,0.510,7.000,99,9999,99999,9,999999999,0.000,0.999,0,0,999,0.000,0
5,13,2019,6,0,,10.520,9.250,91.000,89238.930,0.000,1337.149,283.034,0.000,0.000,0.000,0.000,0.000,0.000,-0.000,999,1.030,7.000,99,9999,99999,9,999999999,0.000,0.999,0,0,999,0.000,0
5,13,2019,7,0,,10.200,9.190,93.000,89238.930,89.078,1337.149,281.819,0.000,0.000,0.000,0.000,0.000,0.000,0.000,999,0.710,7.000,99,9999,99999,9,999999999,0.000,0.999,0,0,999,0.000,0
5,13,2019,8,0,,9.870,9.130,95.000,89238.930,378.082,1337.149,280.523,110.230,20.073,104.573,13227.600,1906.966,11503.031,118.115,999,0.530,7.000,99,9999,99999,9,999999999,0.000,0.999,0,0,999,0.000,0
5,13,2019,9,0,,14.840,9.980,72.000,89238.930,633.930,1337.149,302.134,343.910,266.952,217.478,41269.200,25360.478,23922.564,146.164,999,0.640,1.000,99,9999,99999,9,999999999,0.000,0.999,0,0,999,0.000,0
5,13,2019,10,0,,17.210,10.370,64.000,89238.930,836.663,1337.149,313.339,552.390,524.058,224.633,66286.800,49785.470,24709.628,114.327,999,0.560,0.000,99,9999,99999,9,999999999,0.000,0.999,0,0,999,0.000,0
5,13,2019,11,0,,19.260,10.700,57.000,89238.930,972.223,1337.149,322.554,709.320,680.505,214.664,85118.400,64647.944,23613.000,94.002,999,1.370,0.000,99,9999,99999,9,999999999,0.000,0.999,0,0,999,0.000,0
5,13,2019,12,0,,20.880,10.950,52.000,89238.930,1031.312,1337.149,329.903,798.590,809.496,174.369,95830.800,76902.151,19180.625,71.978,999,2.260,0.000,99,9999,99999,9,999999999,0.000,0.999,0,0,999,0.000,0
5,13,2019,13,0,,22.020,11.130,49.000,89238.930,1009.888,1337.149,335.364,815.410,792.135,217.278,97849.200,75252.825,23900.625,91.594,999,4.790,0.000,99,9999,99999,9,999999999,0.000,0.999,0,0,999,0.000,0
5,13,2019,14,0,,22.660,11.230,48.000,89238.930,909.423,1337.149,339.065,762.520,818.926,205.741,91502.400,77797.976,22631.515,96.324,999,5.670,0.000,99,9999,99999,9,999999999,0.000,0.999,0,0,999,0.000,0
5,13,2019,15,0,,22.800,11.250,48.000,89238.930,736.802,1337.149,340.097,634.580,796.207,196.145,76149.600,75639.677,21575.954,113.383,999,6.310,0.000,99,9999,99999,9,999999999,0.000,0.999,0,0,999,0.000,0
5,13,2019,16,0,,22.210,11.160,49.000,89238.930,503.913,1337.149,336.754,449.070,721.451,177.664,53888.400,68537.814,19543.080,150.327,999,1.690,0.000,99,9999,99999,9,999999999,0.000,0.999,0,0,999,0.000,0
5,13,2019,17,0,,20.900,10.950,52.000,89238.930,227.301,1337.149,330.047,222.060,438.401,148.233,26647.200,41648.048,16305.650,280.190,999,0.850,4.000,99,9999,99999,9,999999999,0.000,0.999,0,0,999,0.000,0
5,13,2019,18,0,,20.010,10.810,55.000,89238.930,0.000,1337.149,326.263,13.870,0.000,0.000,1664.400,0.000,0.000,-0.000,999,0.240,4.000,99,9999,99999,9,999999999,0.000,0.999,0,0,999,0.000,0
5,13,2019,19,0,,19.120,10.670,58.000,89238.930,0.000,1337.149,322.357,0.000,0.000,0.000,0.000,0.000,0.000,-0.000,999,0.170,4.000,99,9999,99999,9,999999999,0.000,0.999,0,0,999,0.000,0
5,13,2019,20,0,,18.220,10.530,60.000,89238.930,0.000,1337.149,317.526,0.000,0.000,0.000,0.000,0.000,0.000,-0.000,999,0.170,5.000,99,9999,99999,9,999999999,0.000,0.999,0,0,999,0.000,0
5,13,2019,21,0,,17.330,10.390,63.000,89238.930,0.000,1337.149,313.474,0.000,0.000,0.000,0.000,0.000,0.000,-0.000,999,0.170,5.000,99,9999,99999,9,999999999,0.000,0.999,0,0,999,0.000,0
5,13,2019,22,0,,16.440,10.240,66.000,89238.930,0.000,1337.149,309.345,0.000,0.000,0.000,0.000,0.000,0.000,-0.000,999,0.170,5.000,99,9999,99999,9,999999999,0.000,0.999,0,0,999,0.000,0
5,13,2019,23,0,,15.550,10.100,69.000,89238.930,0.000,1337.149,305.152,0.000,0.000,0.000,0.000,0.000,0.000,-0.000,999,0.170,5.000,99,9999,99999,9,999999999,0.000,0.999,0,0,999,0.000,0
5,13,2019,24,0,,14.660,11.680,82.000,89238.930,0.000,1337.149,306.550,0.000,0.000,0.000,0.000,0.000,0.000,-0.000,999,0.190,5.000,99,9999,99999,9,999999999,0.000,0.999,0,0,999,0.000,0
5,14,2019,1,0,,14.210,11.640,84.000,89238.930,0.000,1337.149,304.487,0.000,0.000,0.000,0.000,0.000,0.000,-0.000,999,0.190,6.000,99,9999,99999,9,999999999,0.000,0.999,0,0,999,0.000,0
5,14,2019,2,0,,13.760,11.590,86.000,89238.930,0.000,1337.149,302.407,0.000,0.000,0.000,0.000,0.000,0.000,-0.000,999,0.190,6.000,99,9999,99999,9,999999999,0.000,0.999,0,0,999,0.000,0
5,14,2019,3,0,,13.320,11.550,89.000,89238.930,0.000,1337.149,300.864,0.000,0.000,0.000,0.000,0.000,0.000,-0.000,999,0.190,6.000,99,9999,99999,9,999999999,0.000,0.999,0,0,999,0.000,0
5,14,2019,4,0,,12.870,11.510,91.000,89238.930,0.000,1336.552,298.739,0.000,0.000,0.000,0.000,0.000,0.000,-0.000,999,0.190,6.000,99,9999,99999,9,999999999,0.000,0.999,0,0,999,0.000,0
5,14,2019,5,0,,12.420,11.460,93.000,89238.930,0.000,1336.552,296.600,0.000,0.000,0.000,0.000,0.000,0.000,-0.000,999,0.190,6.000,99,9999,99999,9,999999999,0.000,0.999,0,0,999,0.000,0
5,14,2019,6,0,,12.080,11.430,95.000,89238.930,0.000,1336.552,295.195,0.000,0.000,0.000,0.000,0.000,0.000,-0.000,999,0.190,7.000,99,9999,99999,9,999999999,0.000,0.999,0,0,999,0.000,0
5,14,2019,7,0,,11.790,11.400,97.000,89238.930,86.873,1336.552,294.111,0.000,0.000,0.000,0.000,0.000,0.000,0.000,999,0.190,7.000,99,9999,99999,9,999999999,0.000,0.999,0,0,999,0.000,0
5,14,2019,8,0,,11.490,11.370,99.000,89238.930,375.253,1336.552,292.942,104.750,15.302,100.468,12570.000,1453.710,11051.498,114.288,999,0.190,7.000,99,9999,99999,9,999999999,0.000,0.999,0,0,999,0.000,0
5,14,2019,9,0,,16.550,11.870,73.000,89238.930,630.610,1336.552,314.606,315.100,225.801,208.672,37812.000,21451.060,22953.888,140.923,999,0.190,4.000,99,9999,99999,9,999999999,0.000,0.999,0,0,999,0.000,0
5,14,2019,10,0,,18.730,12.070,65.000,89238.930,832.956,1336.552,324.831,481.430,331.546,274.902,57771.600,31496.827,30239.227,140.473,999,0.380,3.000,99,9999,99999,9,999999999,0.000,0.999,0,0,999,0.000,0
5,14,2019,11,0,,20.720,12.260,58.000,89238.930,968.254,1336.552,333.916,630.580,475.716,286.043,75669.600,45193.029,31464.711,125.717,999,0.930,1.000,99,9999,99999,9,999999999,0.000,0.999,0,0,999,0.000,0
5,14,2019,12,0,,22.240,12.410,53.000,89238.930,1027.226,1336.552,340.773,697.160,524.186,294.371,83659.200,49797.717,32380.821,121.942,999,0.740,1.000,99,9999,99999,9,999999999,0.000,0.999,0,0,999,0.000,0
5,14,2019,13,0,,23.270,12.500,50.000,89238.930,1005.837,1336.552,345.589,704.090,612.929,242.927,84490.800,58228.290,26721.958,102.774,999,1.230,2.000,99,9999,99999,9,999999999,0.000,0.999,0,0,999,0.000,0
5,14,2019,14,0,,23.830,12.550,49.000,89238.930,905.556,1336.552,348.790,651.560,722.043,162.522,78187.200,68594.126,17877.423,76.381,999,0.790,2.000,99,9999,99999,9,999999999,0.000,0.999,0,0,999,0.000,0
5,14,2019,15,0,,23.950,12.570,48.000,89238.930,733.256,1336.552,348.666,550.000,727.087,151.378,66000.000,69073.277,16651.621,87.890,999,1.110,2.000,99,9999,99999,9,999999999,0.000,0.999,0,0,999,0.000,0
5,14,2019,16,0,,23.380,12.510,50.000,89238.930,500.805,1336.552,346.413,391.600,643.546,150.893,46992.000,61136.861,16598.221,128.413,999,0.520,3.000,99,9999,99999,9,999999999,0.000,0.999,0,0,999,0.000,0
5,14,2019,17,0,,22.090,12.390,54.000,89238.930,224.729,1336.552,340.570,188.180,452.414,112.837,22581.600,42979.344,12412.080,215.673,999,0.250,6.000,99,9999,99999,9,999999999,0.000,0.999,0,0,999,0.000,0
5,14,2019,18,0,,21.170,12.310,56.000,89238.930,0.000,1336.552,335.538,11.870,0.000,0.000,1424.400,0.000,0.000,-0.000,999,0.190,6.000,99,9999,99999,9,999999999,0.000,0.999,0,0,999,0.000,0
5,14,2019,19,0,,20.260,12.220,59.000,89238.930,0.000,1336.552,331.369,0.000,0.000,0.000,0.000,0.000,0.000,-0.000,999,0.190,6.000,99,9999,99999,9,999999999,0.000,0.999,0,0,999,0.000,0
5,14,2019,20,0,,19.340,12.130,63.000,89238.930,0.000,1336.552,327.777,0.000,0.000,0.000,0.000,0.000,0.000,-0.000,999,0.190,6.000,99,9999,99999,9,999999999,0.000,0.999,0,0,999,0.000,0
5,14,2019,21,0,,18.430,12.050,66.000,89238.930,0.000,1336.552,323.383,0.000,0.000,0.000,0.000,0.000,0.000,-0.000,999,0.190,6.000,99,9999,99999,9,999999999,0.000,0.999,0,0,999,0.000,0
5,14,2019,22,0,,17.510,11.960,69.000,89238.930,0.000,1336.552,318.851,0.000,0.000,0.000,0.000,0.000,0.000,-0.000,999,0.190,6.000,99,9999,99999,9,999999999,0.000,0.999,0,0,999,0.000,0
5,14,2019,23,0,,16.600,11.870,73.000,89238.930,0.000,1336.552,314.959,0.000,0.000,0.000,0.000,0.000,0.000,-0.000,999,0.190,6.000,99,9999,99999,9,999999999,0.000,0.999,0,0,999,0.000,0
5,14,2019,24,0,,15.680,11.610,76.000,89238.930,0.000,1336.552,310.300,0.000,0.000,0.000,0.000,0.000,0.000,-0.000,999,0.100,6.000,99,9999,99999,9,999999999,0.000,0.999,0,0,999,0.000,0
5,15,2019,1,0,,15.220,11.570,78.000,89238.930,0.000,1336.552,308.242,0.000,0.000,0.000,0.000,0.000,0.000,-0.000,999,0.100,6.000,99,9999,99999,9,999999999,0.000,0.999,0,0,999,0.000,0
5,15,2019,2,0,,14.770,11.540,80.000,89238.930,0.000,1336.552,306.231,0.000,0.000,0.000,0.000,0.000,0.000,-0.000,999,0.100,6.000,99,9999,99999,9,999999999,0.000,0.999,0,0,999,0.000,0
5,15,2019,3,0,,14.310,11.510,83.000,89238.930,0.000,1336.552,304.657,0.000,0.000,0.000,0.000,0.000,0.000,-0.000,999,0.100,6.000,99,9999,99999,9,999999999,0.000,0.999,0,0,999,0.000,0
5,15,2019,4,0,,13.850,11.470,85.000,89238.930,0.000,1335.964,302.520,0.000,0.000,0.000,0.000,0.000,0.000,-0.000,999,0.100,6.000,99,9999,99999,9,999999999,0.000,0.999,0,0,999,0.000,0
5,15,2019,5,0,,13.390,11.440,87.000,89238.930,0.000,1335.964,300.367,0.000,0.000,0.000,0.000,0.000,0.000,-0.000,999,0.100,6.000,99,9999,99999,9,999999999,0.000,0.999,0,0,999,0.000,0
5,15,2019,6,0,,13.040,11.410,89.000,89238.930,0.000,1335.964,298.950,0.000,0.000,0.000,0.000,0.000,0.000,-0.000,999,0.100,6.000,99,9999,99999,9,999999999,0.000,0.999,0,0,999,0.000,0
5,15,2019,7,0,,12.740,11.390,91.000,89238.930,84.673,1335.964,297.853,0.000,0.000,0.000,0.000,0.000,0.000,0.000,999,0.100,6.000,99,9999,99999,9,999999999,0.000,0.999,0,0,999,0.000,0
5,15,2019,8,0,,12.440,11.370,93.000,89238.930,372.438,1335.964,296.736,109.670,71.134,89.907,13160.400,6757.718,9889.781,103.008,999,0.100,6.000,99,9999,99999,9,999999999,0.000,0.999,0,0,999,0.000,0
5,15,2019,9,0,,16.720,11.680,72.000,89238.930,627.316,1335.964,315.185,347.760,288.812,212.285,41731.200,27437.131,23351.381,144.055,999,0.100,0.000,99,9999,99999,9,999999999,0.000,0.999,0,0,999,0.000,0
5,15,2019,10,0,,18.800,11.830,63.000,89238.930,829.288,1335.964,323.886,560.740,578.229,201.977,67288.800,54931.744,22217.510,103.620,999,0.100,0.000,99,9999,99999,9,999999999,0.000,0.999,0,0,999,0.000,0
5,15,2019,11,0,,20.580,11.960,57.000,89238.930,964.339,1335.964,332.066,719.470,785.010,152.978,86336.400,74575.997,16827.634,67.478,999,0.330,0.000,99,9999,99999,9,999999999,0.000,0.999,0,0,999,0.000,0
5,15,2019,12,0,,21.990,12.060,53.000,89238.930,1023.207,1335.964,338.923,810.640,764.554,225.194,97276.800,72632.667,24771.295,93.611,999,0.530,0.000,99,9999,99999,9,999999999,0.000,0.999,0,0,999,0.000,0
5,15,2019,13,0,,22.990,12.130,50.000,89238.930,1001.865,1335.964,343.499,831.770,815.799,220.126,99812.400,77500.947,24213.900,93.456,999,1.790,0.000,99,9999,99999,9,999999999,0.000,0.999,0,0,999,0.000,0
5,15,2019,14,0,,23.570,12.170,48.000,89238.930,901.777,1335.964,345.816,778.140,821.679,223.700,93376.800,78059.517,24606.997,105.527,999,1.650,0.000,99,9999,99999,9,999999999,0.000,0.999,0,0,999,0.000,0
5,15,2019,15,0,,23.700,12.180,48.000,89238.930,729.806,1335.964,346.789,651.330,787.145,221.627,78159.600,74778.764,24379.001,129.229,999,1.240,0.000,99,9999,99999,9,999999999,0.000,0.999,0,0,999,0.000,0
5,15,2019,16,0,,23.210,12.140,49.000,89238.930,497.796,1335.964,344.146,461.770,774.061,173.866,55412.400,73535.823,19125.217,148.796,999,0.780,0.000,99,9999,99999,9,999999999,0.000,0.999,0,0,999,0.000,0
5,15,2019,17,0,,22.070,12.060,53.000,89238.930,222.255,1335.964,339.514,229.270,409.127,161.870,27512.400,38867.074,17805.707,312.763,999,0.700,3.000,99,9999,99999,9,999999999,0.000,0.999,0,0,999,0.000,0
5,15,2019,18,0,,21.320,12.010,55.000,89238.930,0.000,1335.964,335.775,14.460,0.000,0.000,1735.200,0.000,0.000,-0.000,999,0.290,3.000,99,9999,99999,9,999999999,0.000,0.999,0,0,999,0.000,0
5,15,2019,19,0,,20.570,11.960,57.000,89238.930,0.000,1335.964,331.993,0.000,0.000,0.000,0.000,0.000,0.000,-0.000,999,0.100,4.000,99,9999,99999,9,999999999,0.000,0.999,0,0,999,0.000,0
5,15,2019,20,0,,19.810,11.900,60.000,89238.930,0.000,1335.964,328.893,0.000,0.000,0.000,0.000,0.000,0.000,-0.000,999,0.100,4.000,99,9999,99999,9,999999999,0.000,0.999,0,0,999,0.000,0
5,15,2019,21,0,,19.060,11.850,62.000,89238.930,0.000,1335.964,325.011,0.000,0.000,0.000,0.000,0.000,0.000,-0.000,999,0.100,4.000,99,9999,99999,9,999999999,0.000,0.999,0,0,999,0.000,0
5,15,2019,22,0,,18.310,11.800,65.000,89238.930,0.000,1335.964,321.820,0.000,0.000,0.000,0.000,0.000,0.000,-0.000,999,0.100,4.000,99,9999,99999,9,999999999,0.000,0.999,0,0,999,0.000,0
5,15,2019,23,0,,17.550,11.740,68.000,89238.930,0.000,1335.964,318.471,0.000,0.000,0.000,0.000,0.000,0.000,-0.000,999,0.100,5.000,99,9999,99999,9,999999999,0.000,0.999,0,0,999,0.000,0
5,15,2019,24,0,,16.800,12.890,77.000,89238.930,0.000,1335.964,318.792,0.000,0.000,0.000,0.000,0.000,0.000,-0.000,999,0.110,5.000,99,9999,99999,9,999999999,0.000,0.999,0,0,999,0.000,0
5,16,2019,1,0,,16.420,12.930,79.000,89238.930,0.000,1335.964,317.251,0.000,0.000,0.000,0.000,0.000,0.000,-0.000,999,0.110,5.000,99,9999,99999,9,999999999,0.000,0.999,0,0,999,0.000,0
5,16,2019,2,0,,16.050,12.970,81.000,89238.930,0.000,1335.964,315.753,0.000,0.000,0.000,0.000,0.000,0.000,-0.000,999,0.110,5.000,99,9999,99999,9,999999999,0.000,0.999,0,0,999,0.000,0
5,16,2019,3,0,,15.670,13.000,84.000,89238.930,0.000,1335.964,314.698,0.000,0.000,0.000,0.000,0.000,0.000,-0.000,999,0.110,6.000,99,9999,99999,9,999999999,0.000,0.999,0,0,999,0.000,0
5,16,2019,4,0,,15.290,13.040,86.000,89238.930,0.000,1335.385,313.066,0.000,0.000,0.000,0.000,0.000,0.000,-0.000,999,0.110,6.000,99,9999,99999,9,999999999,0.000,0.999,0,0,999,0.000,0
5,16,2019,5,0,,14.920,13.080,88.000,89238.930,0.000,1335.385,311.483,0.000,0.000,0.000,0.000,0.000,0.000,-0.000,999,0.110,6.000,99,9999,99999,9,999999999,0.000,0.999,0,0,999,0.000,0
5,16,2019,6,0,,14.620,13.110,90.000,89238.930,0.000,1335.385,310.373,0.000,0.000,0.000,0.000,0.000,0.000,-0.000,999,0.110,6.000,99,9999,99999,9,999999999,0.000,0.999,0,0,999,0.000,0
5,16,2019,7,0,,14.380,13.130,92.000,89238.930,82.481,1335.385,309.661,0.000,0.000,0.000,0.000,0.000,0.000,0.000,999,0.110,7.000,99,9999,99999,9,999999999,0.000,0.999,0,0,999,0.000,0
5,16,2019,8,0,,14.130,13.150,93.000,89238.930,369.637,1335.385,308.387,98.740,8.962,96.268,11848.800,851.428,10589.456,111.089,999,0.110,7.000,99,9999,99999,9,999999999,0.000,0.999,0,0,999,0.000,0
5,16,2019,9,0,,17.560,12.820,73.000,89238.930,624.050,1335.385,321.787,315.470,228.573,208.765,37856.400,21714.440,22964.179,142.347,999,0.120,3.000,99,9999,99999,9,999999999,0.000,0.999,0,0,999,0.000,0
5,16,2019,10,0,,19.200,12.660,65.000,89238.930,825.661,1335.385,328.227,504.000,401.338,255.972,60480.000,38127.140,28156.945,131.842,999,0.130,1.000,99,9999,99999,9,999999999,0.000,0.999,0,0,999,0.000,0
5,16,2019,11,0,,20.630,12.520,59.000,89238.930,960.480,1335.385,334.073,652.430,537.674,265.812,78291.600,51079.074,29239.308,117.669,999,0.400,0.000,99,9999,99999,9,999999999,0.000,0.999,0,0,999,0.000,0
5,16,2019,12,0,,21.780,12.400,55.000,89238.930,1019.257,1335.385,339.165,739.760,683.207,218.399,88771.200,64904.695,24023.924,91.099,999,0.740,0.000,99,9999,99999,9,999999999,0.000,0.999,0,0,999,0.000,0
5,16,2019,13,0,,22.610,12.320,52.000,89238.930,997.973,1335.385,342.592,763.500,831.174,142.483,91620.000,78961.556,15673.101,60.702,999,0.990,0.000,99,9999,99999,9,999999999,0.000,0.999,0,0,999,0.000,0
5,16,2019,14,0,,23.090,12.270,50.000,89238.930,898.089,1335.385,344.244,712.940,784.840,185.297,85552.800,74559.805,20382.713,87.733,999,1.040,0.000,99,9999,99999,9,999999999,0.000,0.999,0,0,999,0.000,0
5,16,2019,15,0,,23.200,12.260,50.000,89238.930,726.452,1335.385,345.065,597.240,700.348,216.514,71668.800,66533.100,23816.592,126.777,999,1.650,0.000,99,9999,99999,9,999999999,0.000,0.999,0,0,999,0.000,0
5,16,2019,16,0,,22.810,12.300,51.000,89238.930,494.886,1335.385,343.130,422.640,725.574,154.237,50716.800,68929.518,16966.091,132.719,999,1.700,1.000,99,9999,99999,9,999999999,0.000,0.999,0,0,999,0.000,0
5,16,2019,17,0,,21.900,12.390,54.000,89238.930,219.879,1335.385,339.163,210.580,453.361,136.674,25269.600,43069.330,15034.144,266.871,999,0.380,4.000,99,9999,99999,9,999999999,0.000,0.999,0,0,999,0.000,0
5,16,2019,18,0,,21.210,12.460,57.000,89238.930,0.000,1335.385,336.682,13.240,0.000,0.000,1588.800,0.000,0.000,-0.000,999,0.150,4.000,99,9999,99999,9,999999999,0.000,0.999,0,0,999,0.000,0
5,16,2019,19,0,,20.510,12.530,60.000,89238.930,0.000,1335.385,333.995,0.000,0.000,0.000,0.000,0.000,0.000,-0.000,999,0.180,5.000,99,9999,99999,9,999999999,0.000,0.999,0,0,999,0.000,0
5,16,2019,20,0,,19.820,12.600,63.000,89238.930,0.000,1335.385,331.266,0.000,0.000,0.000,0.000,0.000,0.000,-0.000,999,0.110,5.000,99,9999,99999,9,999999999,0.000,0.999,0,0,999,0.000,0
5,16,2019,21,0,,19.130,12.670,66.000,89238.930,0.000,1335.385,328.435,0.000,0.000,0.000,0.000,0.000,0.000,-0.000,999,0.110,5.000,99,9999,99999,9,999999999,0.000,0.999,0,0,999,0.000,0
5,16,2019,22,0,,18.430,12.730,69.000,89238.930,0.000,1335.385,325.443,0.000,0.000,0.000,0.000,0.000,0.000,-0.000,999,0.110,5.000,99,9999,99999,9,999999999,0.000,0.999,0,0,999,0.000,0
5,16,2019,23,0,,17.740,12.800,72.000,89238.930,0.000,1335.385,322.444,0.000,0.000,0.000,0.000,0.000,0.000,-0.000,999,0.110,6.000,99,9999,99999,9,999999999,0.000,0.999,0,0,999,0.000,0
5,16,2019,24,0,,17.050,14.220,81.000,89238.930,0.000,1335.385,322.907,0.000,0.000,0.000,0.000,0.000,0.000,-0.000,999,0.230,6.000,99,9999,99999,9,999999999,0.000,0.999,0,0,999,0.000,0
5,17,2019,1,0,,16.700,14.250,83.000,89238.930,0.000,1335.385,321.508,0.000,0.000,0.000,0.000,0.000,0.000,-0.000,999,0.230,6.000,99,9999,99999,9,999999999,0.000,0.999,0,0,999,0.000,0
5,17,2019,2,0,,16.360,14.290,85.000,89238.930,0.000,1335.385,320.155,0.000,0.000,0.000,0.000,0.000,0.000,-0.000,999,0.230,6.000,99,9999,99999,9,999999999,0.000,0.999,0,0,999,0.000,0
5,17,2019,3,0,,16.010,14.320,87.000,89238.930,0.000,1335.385,318.707,0.000,0.000,0.000,0.000,0.000,0.000,-0.000,999,0.230,7.000,99,9999,99999,9,999999999,0.000,0.999,0,0,999,0.000,0
5,17,2019,4,0,,15.660,14.360,89.000,89238.930,0.000,1334.815,317.237,0.000,0.000,0.000,0.000,0.000,0.000,-0.000,999,0.230,7.000,99,9999,99999,9,999999999,0.000,0.999,0,0,999,0.000,0
5,17,2019,5,0,,15.320,14.390,91.000,89238.930,0.000,1334.815,315.817,0.000,0.000,0.000,0.000,0.000,0.000,-0.000,999,0.230,7.000,99,9999,99999,9,999999999,0.000,0.999,0,0,999,0.000,0
5,17,2019,6,0,,15.050,14.420,93.000,89238.930,0.000,1334.815,314.875,0.000,0.000,0.000,0.000,0.000,0.000,-0.000,999,0.230,7.000,99,9999,99999,9,999999999,0.000,0.999,0,0,999,0.000,0
5,17,2019,7,0,,14.820,14.440,99.000,89238.930,80.296,1334.815,316.054,0.000,0.000,0.000,0.000,0.000,0.000,0.000,999,0.230,8.000,99,9999,99999,9,999999999,0.980,0.999,0,0,999,0.980,99
5,17,2019,8,0,,14.590,14.470,96.000,89238.930,366.853,1334.815,313.035,36.710,0.000,36.710,4405.200,0.000,4038.100,42.667,999,0.230,8.000,99,9999,99999,9,999999999,0.000,0.999,0,0,999,0.000,0
5,17,2019,9,0,,16.970,14.230,81.000,89238.930,620.813,1334.815,322.330,234.870,72.022,201.408,28184.400,6842.098,22154.934,137.990,999,0.230,7.000,99,9999,99999,9,999999999,0.000,0.999,0,0,999,0.000,0
5,17,2019,10,0,,18.400,14.080,74.000,89238.930,822.079,1334.815,328.493,380.150,121.639,305.271,45618.000,11555.729,33579.861,157.853,999,0.230,6.000,99,9999,99999,9,999999999,0.000,0.999,0,0,999,0.000,0
5,17,2019,11,0,,19.600,13.960,69.000,89238.930,956.678,1334.815,333.976,488.870,170.229,366.899,58664.400,16171.752,40358.864,162.994,999,0.340,6.000,99,9999,99999,9,999999999,0.000,0.999,0,0,999,0.000,0
5,17,2019,12,0,,20.530,13.860,65.000,89238.930,1015.379,1334.815,337.984,551.750,206.130,394.983,66210.000,19582.353,43448.109,165.316,999,0.770,6.000,99,9999,99999,9,999999999,0.000,0.999,0,0,999,0.000,0
5,17,2019,13,0,,21.190,13.790,62.000,89238.930,994.165,1334.815,340.601,563.960,286.162,350.878,67675.200,27185.368,38596.591,149.993,999,0.930,6.000,99,9999,99999,9,999999999,0.000,0.999,0,0,999,0.000,0
5,17,2019,14,0,,21.560,13.750,61.000,89238.930,894.494,1334.815,342.570,524.600,349.278,290.624,62952.000,33181.405,31968.664,138.096,999,1.210,6.000,99,9999,99999,9,999999999,0.000,0.999,0,0,999,0.000,0
5,17,2019,15,0,,21.650,13.740,60.000,89238.930,723.197,1334.815,342.435,436.630,447.985,194.085,52395.600,42558.612,21349.302,114.107,999,0.950,6.000,99,9999,99999,9,999999999,0.000,0.999,0,0,999,0.000,0
5,17,2019,16,0,,21.340,13.780,61.000,89238.930,492.077,1334.815,340.928,307.080,466.334,135.484,36849.600,44301.757,14903.270,117.201,999,0.320,6.000,99,9999,99999,9,999999999,0.000,0.999,0,0,999,0.000,0
5,17,2019,17,0,,20.610,13.850,64.000,89238.930,217.602,1334.815,337.829,148.830,416.857,81.563,17859.600,39601.428,8971.945,160.890,999,0.360,8.000,99,9999,99999,9,999999999,0.000,0.999,0,0,999,0.000,0
5,17,2019,18,0,,19.680,13.950,73.000,89238.930,0.000,1334.815,337.270,7.350,0.000,0.000,882.000,0.000,0.000,-0.000,999,0.370,8.000,99,9999,99999,9,999999999,0.020,0.999,0,0,999,0.020,99
5,17,2019,19,0,,18.750,14.040,73.000,89238.930,0.000,1334.815,330.409,0.000,0.000,0.000,0.000,0.000,0.000,-0.000,999,0.280,8.000,99,9999,99999,9,999999999,0.000,0.999,0,0,999,0.000,0
5,17,2019,20,0,,17.820,14.140,77.000,89238.930,0.000,1334.815,326.132,0.000,0.000,0.000,0.000,0.000,0.000,-0.000,999,0.230,8.000,99,9999,99999,9,999999999,0.000,0.999,0,0,999,0.000,0
5,17,2019,21,0,,16.890,14.230,82.000,89238.930,0.000,1334.815,322.319,0.000,0.000,0.000,0.000,0.000,0.000,-0.000,999,0.230,8.000,99,9999,99999,9,999999999,0.000,0.999,0,0,999,0.000,0
5,17,2019,22,0,,15.960,14.330,87.000,89238.930,0.000,1334.815,318.349,0.000,0.000,0.000,0.000,0.000,0.000,-0.000,999,0.230,8.000,99,9999,99999,9,999999999,0.000,0.999,0,0,999,0.000,0
5,17,2019,23,0,,15.030,14.420,93.000,89238.930,0.000,1334.815,314.733,0.000,0.000,0.000,0.000,0.000,0.000,-0.000,999,0.230,8.000,99,9999,99999,9,999999999,0.000,0.999,0,0,999,0.000,0
5,17,2019,24,0,,14.100,11.490,82.000,89238.930,0.000,1334.815,302.685,0.000,0.000,0.000,0.000,0.000,0.000,-0.000,999,0.060,8.000,99,9999,99999,9,999999999,0.000,0.999,0,0,999,0.000,0
5,18,2019,1,0,,13.630,11.380,84.000,89238.930,0.000,1334.815,300.503,0.000,0.000,0.000,0.000,0.000,0.000,-0.000,999,0.060,8.000,99,9999,99999,9,999999999,0.000,0.999,0,0,999,0.000,0
5,18,2019,2,0,,13.170,11.260,85.000,89238.930,0.000,1334.815,297.874,0.000,0.000,0.000,0.000,0.000,0.000,-0.000,999,0.060,8.000,99,9999,99999,9,999999999,0.000,0.999,0,0,999,0.000,0
5,18,2019,3,0,,12.700,11.150,87.000,89238.930,0.000,1334.815,295.676,0.000,0.000,0.000,0.000,0.000,0.000,-0.000,999,0.060,8.000,99,9999,99999,9,999999999,0.000,0.999,0,0,999,0.000,0
5,18,2019,4,0,,12.240,11.040,89.000,89238.930,0.000,1334.255,293.531,0.000,0.000,0.000,0.000,0.000,0.000,-0.000,999,0.060,8.000,99,9999,99999,9,999999999,0.000,0.999,0,0,999,0.000,0
5,18,2019,5,0,,11.770,10.920,91.000,89238.930,0.000,1334.255,291.306,0.000,0.000,0.000,0.000,0.000,0.000,-0.000,999,0.060,8.000,99,9999,99999,9,999999999,0.000,0.999,0,0,999,0.000,0
5,18,2019,6,0,,11.410,10.830,97.000,89238.930,0.000,1334.255,291.552,0.000,0.000,0.000,0.000,0.000,0.000,-0.000,999,0.060,8.000,99,9999,99999,9,999999999,0.980,0.999,0,0,999,0.980,99
5,18,2019,7,0,,11.110,10.760,99.000,89238.930,78.121,1334.255,290.390,0.000,0.000,0.000,0.000,0.000,0.000,0.000,999,0.060,8.000,99,9999,99999,9,999999999,0.020,0.999,0,0,999,0.020,99
5,18,2019,8,0,,10.800,10.680,96.000,89238.930,364.086,1334.255,287.056,59.480,0.000,59.480,7137.600,0.000,6542.800,69.632,999,0.080,8.000,99,9999,99999,9,999999999,0.000,0.999,0,0,999,0.000,0
5,18,2019,9,0,,14.560,11.600,80.000,89238.930,617.607,1334.255,304.780,194.840,23.001,184.205,23380.800,2185.080,20262.512,126.807,999,0.150,8.000,99,9999,99999,9,999999999,0.000,0.999,0,0,999,0.000,0
5,18,2019,10,0,,16.420,12.040,74.000,89238.930,818.541,1334.255,314.301,316.110,58.557,280.204,37933.200,5562.907,30822.426,145.457,999,0.340,7.000,99,9999,99999,9,999999999,0.000,0.999,0,0,999,0.000,0
5,18,2019,11,0,,18.030,12.410,68.000,89238.930,952.937,1334.255,321.892,406.880,83.322,347.387,48825.600,7915.619,38212.599,154.868,999,0.680,7.000,99,9999,99999,9,999999999,0.000,0.999,0,0,999,0.000,0
5,18,2019,12,0,,19.300,12.690,65.000,89238.930,1011.574,1334.255,328.953,459.390,101.537,382.426,55126.800,9646.045,42066.814,160.595,999,1.250,7.000,99,9999,99999,9,999999999,0.000,0.999,0,0,999,0.000,0
5,18,2019,13,0,,20.200,12.890,62.000,89238.930,990.443,1334.255,333.285,469.610,122.936,378.374,56353.200,11678.913,41621.164,162.288,999,1.180,7.000,99,9999,99999,9,999999999,0.000,0.999,0,0,999,0.000,0
5,18,2019,14,0,,20.700,13.000,61.000,89238.930,890.993,1334.255,336.183,436.770,153.117,334.558,52412.400,14546.121,36801.419,159.531,999,1.440,7.000,99,9999,99999,9,999999999,0.000,0.999,0,0,999,0.000,0
5,18,2019,15,0,,20.810,13.030,61.000,89238.930,720.042,1334.255,336.995,363.360,197.199,257.016,43603.200,18733.924,28271.720,151.705,999,1.040,7.000,99,9999,99999,9,999999999,0.000,0.999,0,0,999,0.000,0
5,18,2019,16,0,,20.340,12.920,62.000,89238.930,489.370,1334.255,334.313,255.240,306.925,142.878,30628.800,29157.857,15716.611,124.231,999,0.880,8.000,99,9999,99999,9,999999999,0.000,0.999,0,0,999,0.000,0
5,18,2019,17,0,,19.310,12.700,65.000,89238.930,215.425,1334.255,329.026,123.210,367.148,64.544,14785.200,34879.107,7099.839,128.576,999,0.690,8.000,99,9999,99999,9,999999999,0.000,0.999,0,0,999,0.000,0
5,18,2019,18,0,,18.460,12.500,67.000,89238.930,0.000,1334.255,324.294,5.790,0.000,0.000,694.800,0.000,0.000,-0.000,999,0.370,8.000,99,9999,99999,9,999999999,0.000,0.999,0,0,999,0.000,0
5,18,2019,19,0,,17.610,12.310,70.000,89238.930,0.000,1334.255,320.220,0.000,0.000,0.000,0.000,0.000,0.000,-0.000,999,0.110,8.000,99,9999,99999,9,999999999,0.000,0.999,0,0,999,0.000,0
5,18,2019,20,0,,16.770,12.120,72.000,89238.930,0.000,1334.255,315.537,0.000,0.000,0.000,0.000,0.000,0.000,-0.000,999,0.060,8.000,99,9999,99999,9,999999999,0.000,0.999,0,0,999,0.000,0
5,18,2019,21,0,,15.920,11.920,75.000,89238.930,0.000,1334.255,311.390,0.000,0.000,0.000,0.000,0.000,0.000,-0.000,999,0.060,8.000,99,9999,99999,9,999999999,0.000,0.999,0,0,999,0.000,0
5,18,2019,22,0,,15.080,11.720,78.000,89238.930,0.000,1334.255,307.270,0.000,0.000,0.000,0.000,0.000,0.000,-0.000,999,0.060,8.000,99,9999,99999,9,999999999,0.000,0.999,0,0,999,0.000,0
5,18,2019,23,0,,14.230,11.520,81.000,89238.930,0.000,1334.255,303.047,0.000,0.000,0.000,0.000,0.000,0.000,-0.000,999,0.060,8.000,99,9999,99999,9,999999999,0.000,0.999,0,0,999,0.000,0
5,18,2019,24,0,,13.380,11.050,88.000,89238.930,0.000,1334.255,300.790,0.000,0.000,0.000,0.000,0.000,0.000,-0.000,999,0.240,8.000,99,9999,99999,9,999999999,0.010,0.999,0,0,999,0.010,99
5,19,2019,1,0,,12.960,10.940,94.000,89238.930,0.000,1334.255,300.743,0.000,0.000,0.000,0.000,0.000,0.000,-0.000,999,0.370,8.000,99,9999,99999,9,999999999,2.830,0.999,0,0,999,2.830,99
5,19,2019,2,0,,12.540,10.830,91.000,89238.930,0.000,1334.255,296.494,0.000,0.000,0.000,0.000,0.000,0.000,-0.000,999,0.640,8.000,99,9999,99999,9,999999999,0.110,0.999,0,0,999,0.110,99
5,19,2019,3,0,,12.110,10.720,88.000,89238.930,0.000,1334.255,292.185,0.000,0.000,0.000,0.000,0.000,0.000,-0.000,999,0.770,8.000,99,9999,99999,9,999999999,0.000,0.999,0,0,999,0.000,0
5,19,2019,4,0,,11.690,10.610,90.000,89238.930,0.000,1333.705,290.313,0.000,0.000,0.000,0.000,0.000,0.000,-0.000,999,0.500,8.000,99,9999,99999,9,999999999,0.000,0.999,0,0,999,0.000,0
5,19,2019,5,0,,11.270,10.500,91.000,89238.930,0.000,1333.705,287.975,0.000,0.000,0.000,0.000,0.000,0.000,-0.000,999,0.360,8.000,99,9999,99999,9,999999999,0.000,0.999,0,0,999,0.000,0
5,19,2019,6,0,,10.940,10.410,97.000,89238.930,0.000,1333.705,288.412,0.000,0.000,0.000,0.000,0.000,0.000,-0.000,999,0.250,8.000,99,9999,99999,9,999999999,0.020,0.999,0,0,999,0.020,99
5,19,2019,7,0,,10.660,10.330,99.000,89238.930,75.955,1333.705,287.390,0.000,0.000,0.000,0.000,0.000,0.000,0.000,999,0.230,8.000,99,9999,99999,9,999999999,0.040,0.999,0,0,999,0.040,99
5,19,2019,8,0,,10.380,10.260,95.000,89238.930,361.338,1333.705,283.858,67.920,0.000,67.920,8150.400,0.000,7471.200,80.089,999,0.430,8.000,99,9999,99999,9,999999999,0.000,0.999,0,0,999,0.000,0
5,19,2019,9,0,,14.450,11.320,79.000,89238.930,614.434,1333.705,303.476,230.670,72.631,197.245,27680.400,6899.938,21696.997,136.431,999,0.520,7.000,99,9999,99999,9,999999999,0.000,0.999,0,0,999,0.000,0
5,19,2019,10,0,,16.000,11.700,74.000,89238.930,815.051,1333.705,311.353,320.010,62.892,281.595,38401.200,5974.708,30975.415,146.745,999,0.500,7.000,99,9999,99999,9,999999999,0.000,0.999,0,0,999,0.000,0
5,19,2019,11,0,,17.840,12.150,68.000,89238.930,949.257,1333.705,320.535,477.180,150.158,370.336,57261.600,14265.050,40736.971,165.671,999,0.660,6.000,99,9999,99999,9,999999999,0.000,0.999,0,0,999,0.000,0
5,19,2019,12,0,,19.230,12.480,64.000,89238.930,1007.845,1333.705,327.718,528.980,169.376,401.015,63477.600,16090.749,44111.661,168.956,999,0.590,6.000,99,9999,99999,9,999999999,0.000,0.999,0,0,999,0.000,0
5,19,2019,13,0,,20.530,12.780,60.000,89238.930,986.807,1333.705,334.142,610.800,384.577,326.321,73296.000,36534.812,35895.296,140.420,999,1.330,4.000,99,9999,99999,9,999999999,0.000,0.999,0,0,999,0.000,0
5,19,2019,14,0,,21.460,13.000,58.000,89238.930,887.588,1333.705,339.369,611.700,585.788,221.999,73404.000,55649.899,24419.848,106.221,999,1.460,3.000,99,9999,99999,9,999999999,0.000,0.999,0,0,999,0.000,0
5,19,2019,15,0,,22.140,13.150,56.000,89238.930,716.988,1333.705,342.717,605.250,699.667,229.386,72630.000,66468.384,25232.433,135.918,999,0.770,0.000,99,9999,99999,9,999999999,0.000,0.999,0,0,999,0.000,0
5,19,2019,16,0,,21.920,13.100,57.000,89238.930,486.766,1333.705,341.942,390.390,722.866,127.062,46846.800,68672.294,13976.799,111.026,999,0.480,3.000,99,9999,99999,9,999999999,0.000,0.999,0,0,999,0.000,0
5,19,2019,17,0,,20.800,12.840,60.000,89238.930,213.348,1333.705,336.127,184.280,438.744,114.834,22113.600,41680.649,12631.782,230.934,999,0.190,6.000,99,9999,99999,9,999999999,0.000,0.999,0,0,999,0.000,0
5,19,2019,18,0,,20.030,12.670,62.000,89238.930,0.000,1333.705,332.041,16.490,0.000,0.000,1978.800,0.000,0.000,-0.000,999,0.190,6.000,99,9999,99999,9,999999999,0.000,0.999,0,0,999,0.000,0
5,19,2019,19,0,,19.260,12.490,64.000,89238.930,0.000,1333.705,327.935,0.000,0.000,0.000,0.000,0.000,0.000,-0.000,999,0.190,6.000,99,9999,99999,9,999999999,0.000,0.999,0,0,999,0.000,0
5,19,2019,20,0,,18.490,12.310,66.000,89238.930,0.000,1333.705,323.813,0.000,0.000,0.000,0.000,0.000,0.000,-0.000,999,0.190,6.000,99,9999,99999,9,999999999,0.000,0.999,0,0,999,0.000,0
5,19,2019,21,0,,17.720,12.120,68.000,89238.930,0.000,1333.705,319.679,0.000,0.000,0.000,0.000,0.000,0.000,-0.000,999,0.190,7.000,99,9999,99999,9,999999999,0.000,0.999,0,0,999,0.000,0
5,19,2019,22,0,,16.950,11.940,71.000,89238.930,0.000,1333.705,316.178,0.000,0.000,0.000,0.000,0.000,0.000,-0.000,999,0.190,7.000,99,9999,99999,9,999999999,0.000,0.999,0,0,999,0.000,0
5,19,2019,23,0,,16.180,11.750,73.000,89238.930,0.000,1333.705,312.007,0.000,0.000,0.000,0.000,0.000,0.000,-0.000,999,0.190,7.000,99,9999,99999,9,999999999,0.000,0.999,0,0,999,0.000,0
5,19,2019,24,0,,15.410,12.780,84.000,89238.930,0.000,1333.705,312.860,0.000,0.000,0.000,0.000,0.000,0.000,-0.000,999,0.270,7.000,99,9999,99999,9,999999999,0.000,0.999,0,0,999,0.000,0
5,20,2019,1,0,,15.030,12.750,86.000,89238.930,0.000,1333.705,311.234,0.000,0.000,0.000,0.000,0.000,0.000,-0.000,999,0.270,7.000,99,9999,99999,9,999999999,0.000,0.999,0,0,999,0.000,0
5,20,2019,2,0,,14.640,12.720,88.000,89238.930,0.000,1333.705,309.518,0.000,0.000,0.000,0.000,0.000,0.000,-0.000,999,0.270,7.000,99,9999,99999,9,999999999,0.000,0.999,0,0,999,0.000,0
5,20,2019,3,0,,14.260,12.690,90.000,89238.930,0.000,1333.705,307.852,0.000,0.000,0.000,0.000,0.000,0.000,-0.000,999,0.270,7.000,99,9999,99999,9,999999999,0.000,0.999,0,0,999,0.000,0
5,20,2019,4,0,,13.870,12.660,92.000,89238.930,0.000,1333.164,306.099,0.000,0.000,0.000,0.000,0.000,0.000,-0.000,999,0.270,7.000,99,9999,99999,9,999999999,0.000,0.999,0,0,999,0.000,0
5,20,2019,5,0,,13.490,12.630,94.000,89238.930,0.000,1333.164,304.399,0.000,0.000,0.000,0.000,0.000,0.000,-0.000,999,0.270,8.000,99,9999,99999,9,999999999,0.000,0.999,0,0,999,0.000,0
5,20,2019,6,0,,13.190,12.600,96.000,89238.930,0.000,1333.164,303.236,0.000,0.000,0.000,0.000,0.000,0.000,-0.000,999,0.270,8.000,99,9999,99999,9,999999999,0.000,0.999,0,0,999,0.000,0
5,20,2019,7,0,,12.940,12.580,97.000,89238.930,73.800,1333.164,301.958,0.000,0.000,0.000,0.000,0.000,0.000,0.000,999,0.270,8.000,99,9999,99999,9,999999999,0.000,0.999,0,0,999,0.000,0
5,20,2019,8,0,,12.680,12.560,99.000,89238.930,358.611,1333.164,301.047,80.840,0.000,80.840,9700.800,0.000,8892.400,96.015,999,0.270,8.000,99,9999,99999,9,999999999,0.000,0.999,0,0,999,0.000,0
5,20,2019,9,0,,16.320,12.850,79.000,89238.930,611.295,1333.164,316.540,277.720,154.554,206.930,33326.400,14682.619,22762.327,143.808,999,0.270,5.000,99,9999,99999,9,999999999,0.000,0.999,0,0,999,0.000,0
5,20,2019,10,0,,18.140,12.990,71.000,89238.930,811.610,1333.164,324.676,448.170,284.549,275.027,53780.400,27032.114,30253.007,143.873,999,0.270,4.000,99,9999,99999,9,999999999,0.000,0.999,0,0,999,0.000,0
5,20,2019,11,0,,19.500,13.090,66.000,89238.930,945.642,1333.164,331.130,537.110,283.253,336.251,64453.200,26909.038,36987.578,150.937,999,0.270,4.000,99,9999,99999,9,999999999,0.000,0.999,0,0,999,0.000,0
5,20,2019,12,0,,20.780,13.190,61.000,89238.930,1004.194,1333.164,336.774,650.250,454.519,307.965,78030.000,43179.260,33876.109,130.171,999,0.270,3.000,99,9999,99999,9,999999999,0.000,0.999,0,0,999,0.000,0
5,20,2019,13,0,,21.610,13.250,58.000,89238.930,983.261,1333.164,340.483,644.410,476.195,293.284,77329.200,45238.553,32261.199,126.608,999,0.270,3.000,99,9999,99999,9,999999999,0.000,0.999,0,0,999,0.000,0
5,20,2019,14,0,,22.150,13.300,57.000,89238.930,884.280,1333.164,343.660,626.560,692.123,167.650,75187.200,65751.690,18441.505,80.484,999,0.540,3.000,99,9999,99999,9,999999999,0.000,0.999,0,0,999,0.000,0
5,20,2019,15,0,,22.300,13.310,56.000,89238.930,714.038,1333.164,343.913,523.310,698.500,149.468,62797.200,66357.473,16441.527,88.895,999,0.980,3.000,99,9999,99999,9,999999999,0.000,0.999,0,0,999,0.000,0
5,20,2019,16,0,,21.950,13.280,57.000,89238.930,484.266,1333.164,342.166,383.200,637.446,152.093,45984.000,60557.336,16730.208,133.533,999,1.420,3.000,99,9999,99999,9,999999999,0.000,0.999,0,0,999,0.000,0
5,20,2019,17,0,,20.950,13.200,61.000,89238.930,211.372,1333.164,338.030,172.670,440.740,103.540,20720.400,41870.265,11389.345,210.121,999,0.560,6.000,99,9999,99999,9,999999999,0.000,0.999,0,0,999,0.000,0
5,20,2019,18,0,,20.140,13.140,64.000,89238.930,0.000,1333.164,334.359,6.820,0.000,0.000,818.400,0.000,0.000,-0.000,999,0.270,6.000,99,9999,99999,9,999999999,0.000,0.999,0,0,999,0.000,0
5,20,2019,19,0,,19.340,13.080,67.000,89238.930,0.000,1333.164,330.672,0.000,0.000,0.000,0.000,0.000,0.000,-0.000,999,0.270,6.000,99,9999,99999,9,999999999,0.000,0.999,0,0,999,0.000,0
5,20,2019,20,0,,18.530,13.020,70.000,89238.930,0.000,1333.164,326.836,0.000,0.000,0.000,0.000,0.000,0.000,-0.000,999,0.270,6.000,99,9999,99999,9,999999999,0.000,0.999,0,0,999,0.000,0
5,20,2019,21,0,,17.730,12.960,73.000,89238.930,0.000,1333.164,323.008,0.000,0.000,0.000,0.000,0.000,0.000,-0.000,999,0.270,7.000,99,9999,99999,9,999999999,0.000,0.999,0,0,999,0.000,0
5,20,2019,22,0,,16.920,12.890,77.000,89238.930,0.000,1333.164,319.649,0.000,0.000,0.000,0.000,0.000,0.000,-0.000,999,0.270,7.000,99,9999,99999,9,999999999,0.000,0.999,0,0,999,0.000,0
5,20,2019,23,0,,16.120,12.830,80.000,89238.930,0.000,1333.164,315.689,0.000,0.000,0.000,0.000,0.000,0.000,-0.000,999,0.270,7.000,99,9999,99999,9,999999999,0.000,0.999,0,0,999,0.000,0
5,20,2019,24,0,,15.310,12.050,80.000,89238.930,0.000,1333.164,309.988,0.000,0.000,0.000,0.000,0.000,0.000,-0.000,999,0.050,7.000,99,9999,99999,9,999999999,0.000,0.999,0,0,999,0.000,0
5,21,2019,1,0,,14.910,11.930,82.000,89238.930,0.000,1333.164,308.287,0.000,0.000,0.000,0.000,0.000,0.000,-0.000,999,0.050,7.000,99,9999,99999,9,999999999,0.000,0.999,0,0,999,0.000,0
5,21,2019,2,0,,14.510,11.810,83.000,89238.930,0.000,1333.164,306.040,0.000,0.000,0.000,0.000,0.000,0.000,-0.000,999,0.080,7.000,99,9999,99999,9,999999999,0.000,0.999,0,0,999,0.000,0
5,21,2019,3,0,,14.110,11.690,85.000,89238.930,0.000,1333.164,304.311,0.000,0.000,0.000,0.000,0.000,0.000,-0.000,999,0.120,7.000,99,9999,99999,9,999999999,0.000,0.999,0,0,999,0.000,0
5,21,2019,4,0,,13.710,11.570,86.000,89238.930,0.000,1332.633,302.063,0.000,0.000,0.000,0.000,0.000,0.000,-0.000,999,0.120,7.000,99,9999,99999,9,999999999,0.000,0.999,0,0,999,0.000,0
5,21,2019,5,0,,13.300,11.450,88.000,89238.930,0.000,1332.633,300.242,0.000,0.000,0.000,0.000,0.000,0.000,-0.000,999,0.060,8.000,99,9999,99999,9,999999999,0.000,0.999,0,0,999,0.000,0
5,21,2019,6,0,,12.990,11.350,89.000,89238.930,0.000,1332.633,298.609,0.000,0.000,0.000,0.000,0.000,0.000,-0.000,999,0.130,8.000,99,9999,99999,9,999999999,0.000,0.999,0,0,999,0.000,0
5,21,2019,7,0,,12.730,11.280,90.000,89238.930,71.657,1332.633,297.315,0.000,0.000,0.000,0.000,0.000,0.000,0.000,999,0.050,8.000,99,9999,99999,9,999999999,0.000,0.999,0,0,999,0.000,0
5,21,2019,8,0,,12.460,11.190,91.000,89238.930,355.905,1332.633,295.951,75.970,0.000,75.970,9116.400,0.000,8356.700,90.885,999,0.050,8.000,99,9999,99999,9,999999999,0.000,0.999,0,0,999,0.000,0
5,21,2019,9,0,,16.220,12.310,77.000,89238.930,608.192,1332.633,314.676,282.500,168.859,205.521,33900.000,16041.638,22607.295,143.502,999,0.050,5.000,99,9999,99999,9,999999999,0.000,0.999,0,0,999,0.000,0
5,21,2019,10,0,,18.200,12.880,71.000,89238.930,808.221,1332.633,325.109,461.840,323.086,265.992,55420.800,30693.166,29259.136,139.675,999,0.060,3.000,99,9999,99999,9,999999999,0.000,0.999,0,0,999,0.000,0
5,21,2019,11,0,,19.800,13.320,66.000,89238.930,942.093,1332.633,333.328,578.220,407.129,290.488,69386.400,38677.299,31953.670,130.835,999,0.330,3.000,99,9999,99999,9,999999999,0.000,0.999,0,0,999,0.000,0
5,21,2019,12,0,,21.050,13.650,62.000,89238.930,1000.623,1332.633,339.559,648.070,455.614,306.044,77768.400,43283.363,33664.892,129.770,999,0.710,3.000,99,9999,99999,9,999999999,0.000,0.999,0,0,999,0.000,0
5,21,2019,13,0,,22.090,13.930,59.000,89238.930,979.806,1332.633,344.906,705.600,681.675,204.530,84672.000,64759.121,22498.272,88.570,999,0.870,0.000,99,9999,99999,9,999999999,0.000,0.999,0,0,999,0.000,0
5,21,2019,14,0,,22.480,14.030,58.000,89238.930,881.073,1332.633,346.997,590.690,577.500,209.019,70882.800,54862.523,22992.086,100.670,999,1.180,4.000,99,9999,99999,9,999999999,0.000,0.999,0,0,999,0.000,0
5,21,2019,15,0,,22.480,14.030,58.000,89238.930,711.191,1332.633,346.997,477.800,553.161,182.810,57336.000,52550.282,20109.064,109.117,999,1.680,5.000,99,9999,99999,9,999999999,0.000,0.999,0,0,999,0.000,0
5,21,2019,16,0,,21.990,13.900,60.000,89238.930,481.871,1332.633,344.983,354.200,626.338,128.157,42504.000,59502.153,14097.314,113.035,999,1.280,5.000,99,9999,99999,9,999999999,0.000,0.999,0,0,999,0.000,0
5,21,2019,17,0,,20.890,13.610,63.000,89238.930,209.497,1332.633,339.146,154.010,402.208,91.469,18481.200,38209.785,10061.625,187.247,999,0.780,7.000,99,9999,99999,9,999999999,0.000,0.999,0,0,999,0.000,0
5,21,2019,18,0,,20.050,13.390,65.000,89238.930,0.000,1332.633,334.438,7.280,0.000,0.000,873.600,0.000,0.000,-0.000,999,0.440,7.000,99,9999,99999,9,999999999,0.000,0.999,0,0,999,0.000,0
5,21,2019,19,0,,19.200,13.150,67.000,89238.930,0.000,1332.633,329.651,0.000,0.000,0.000,0.000,0.000,0.000,-0.000,999,0.290,7.000,99,9999,99999,9,999999999,0.000,0.999,0,0,999,0.000,0
5,21,2019,20,0,,18.360,12.920,70.000,89238.930,0.000,1332.633,325.606,0.000,0.000,0.000,0.000,0.000,0.000,-0.000,999,0.250,7.000,99,9999,99999,9,999999999,0.000,0.999,0,0,999,0.000,0
5,21,2019,21,0,,17.520,12.690,73.000,89238.930,0.000,1332.633,321.500,0.000,0.000,0.000,0.000,0.000,0.000,-0.000,999,0.140,7.000,99,9999,99999,9,999999999,0.000,0.999,0,0,999,0.000,0
5,21,2019,22,0,,16.680,12.450,76.000,89238.930,0.000,1332.633,317.344,0.000,0.000,0.000,0.000,0.000,0.000,-0.000,999,0.100,7.000,99,9999,99999,9,999999999,0.000,0.999,0,0,999,0.000,0
5,21,2019,23,0,,15.840,12.200,78.000,89238.930,0.000,1332.633,312.577,0.000,0.000,0.000,0.000,0.000,0.000,-0.000,999,0.070,7.000,99,9999,99999,9,999999999,0.000,0.999,0,0,999,0.000,0
5,21,2019,24,0,,15.000,11.650,80.000,89238.930,0.000,1332.633,307.827,0.000,0.000,0.000,0.000,0.000,0.000,-0.000,999,0.270,7.000,99,9999,99999,9,999999999,0.000,0.999,0,0,999,0.000,0
5,22,2019,1,0,,14.570,11.520,81.000,89238.930,0.000,1332.633,305.390,0.000,0.000,0.000,0.000,0.000,0.000,-0.000,999,0.210,7.000,99,9999,99999,9,999999999,0.000,0.999,0,0,999,0.000,0
5,22,2019,2,0,,14.150,11.400,83.000,89238.930,0.000,1332.633,303.553,0.000,0.000,0.000,0.000,0.000,0.000,-0.000,999,0.210,7.000,99,9999,99999,9,999999999,0.000,0.999,0,0,999,0.000,0
5,22,2019,3,0,,13.730,11.270,85.000,89238.930,0.000,1332.633,301.696,0.000,0.000,0.000,0.000,0.000,0.000,-0.000,999,0.380,7.000,99,9999,99999,9,999999999,0.000,0.999,0,0,999,0.000,0
5,22,2019,4,0,,13.310,11.140,86.000,89238.930,0.000,1332.112,299.326,0.000,0.000,0.000,0.000,0.000,0.000,-0.000,999,0.550,7.000,99,9999,99999,9,999999999,0.000,0.999,0,0,999,0.000,0
5,22,2019,5,0,,12.890,11.010,88.000,89238.930,0.000,1332.112,297.447,0.000,0.000,0.000,0.000,0.000,0.000,-0.000,999,0.250,7.000,99,9999,99999,9,999999999,0.000,0.999,0,0,999,0.000,0
5,22,2019,6,0,,12.570,10.920,89.000,89238.930,0.000,1332.112,295.757,0.000,0.000,0.000,0.000,0.000,0.000,-0.000,999,0.210,7.000,99,9999,99999,9,999999999,0.000,0.999,0,0,999,0.000,0
5,22,2019,7,0,,12.290,10.830,90.000,89238.930,69.527,1332.112,294.337,0.000,0.000,0.000,0.000,0.000,0.000,0.000,999,0.210,7.000,99,9999,99999,9,999999999,0.000,0.999,0,0,999,0.000,0
5,22,2019,8,0,,12.010,10.740,91.000,89238.930,353.223,1332.112,292.915,89.520,2.040,88.981,10742.400,193.818,9787.918,107.224,999,0.210,7.000,99,9999,99999,9,999999999,0.000,0.999,0,0,999,0.000,0
5,22,2019,9,0,,16.170,11.990,76.000,89238.930,605.128,1332.112,313.737,297.580,209.967,202.307,35709.600,19946.832,22253.802,141.920,999,0.270,4.000,99,9999,99999,9,999999999,0.000,0.999,0,0,999,0.000,0
5,22,2019,10,0,,18.290,12.590,69.000,89238.930,804.886,1332.112,324.433,490.060,400.592,248.139,58807.200,38056.257,27295.245,130.789,999,0.210,1.000,99,9999,99999,9,999999999,0.000,0.999,0,0,999,0.000,0
5,22,2019,11,0,,20.140,13.100,63.000,89238.930,938.613,1332.112,333.608,637.620,545.492,253.378,76514.400,51821.783,27871.535,114.499,999,0.210,0.000,99,9999,99999,9,999999999,0.000,0.999,0,0,999,0.000,0
5,22,2019,12,0,,21.610,13.490,59.000,89238.930,997.134,1332.112,341.315,720.540,693.787,201.335,86464.800,65909.766,22146.870,85.636,999,0.330,0.000,99,9999,99999,9,999999999,0.000,0.999,0,0,999,0.000,0
5,22,2019,13,0,,22.630,13.760,57.000,89238.930,976.445,1332.112,347.266,731.160,800.290,144.692,87739.200,76027.520,15916.125,62.849,999,0.520,0.000,99,9999,99999,9,999999999,0.000,0.999,0,0,999,0.000,0
5,22,2019,14,0,,23.190,13.910,55.000,89238.930,877.966,1332.112,349.720,678.890,883.834,96.597,81466.800,83964.242,10625.637,46.670,999,1.340,0.000,99,9999,99999,9,999999999,0.000,0.999,0,0,999,0.000,0
5,22,2019,15,0,,23.300,13.930,55.000,89238.930,708.450,1332.112,350.554,561.640,688.097,195.965,67396.800,65369.210,21556.133,117.377,999,1.490,0.000,99,9999,99999,9,999999999,0.000,0.999,0,0,999,0.000,0
5,22,2019,16,0,,22.770,13.800,56.000,89238.930,479.581,1332.112,347.443,394.000,636.316,165.363,47280.000,60450.035,18189.905,146.492,999,1.480,2.000,99,9999,99999,9,999999999,0.000,0.999,0,0,999,0.000,0
5,22,2019,17,0,,21.590,13.490,59.000,89238.930,207.722,1332.112,341.166,188.680,449.062,119.430,22641.600,42660.918,13137.327,246.520,999,1.150,5.000,99,9999,99999,9,999999999,0.000,0.999,0,0,999,0.000,0
5,22,2019,18,0,,20.650,13.240,62.000,89238.930,0.000,1332.112,336.596,7.110,0.000,0.000,853.200,0.000,0.000,-0.000,999,1.050,5.000,99,9999,99999,9,999999999,0.000,0.999,0,0,999,0.000,0
5,22,2019,19,0,,19.700,12.980,65.000,89238.930,0.000,1332.112,331.869,0.000,0.000,0.000,0.000,0.000,0.000,-0.000,999,0.340,5.000,99,9999,99999,9,999999999,0.000,0.999,0,0,999,0.000,0
5,22,2019,20,0,,18.760,12.720,67.000,89238.930,0.000,1332.112,326.458,0.000,0.000,0.000,0.000,0.000,0.000,-0.000,999,0.210,5.000,99,9999,99999,9,999999999,0.000,0.999,0,0,999,0.000,0
5,22,2019,21,0,,17.810,12.460,70.000,89238.930,0.000,1332.112,321.650,0.000,0.000,0.000,0.000,0.000,0.000,-0.000,999,0.210,6.000,99,9999,99999,9,999999999,0.000,0.999,0,0,999,0.000,0
5,22,2019,22,0,,16.870,12.190,73.000,89238.930,0.000,1332.112,316.868,0.000,0.000,0.000,0.000,0.000,0.000,-0.000,999,0.210,6.000,99,9999,99999,9,999999999,0.000,0.999,0,0,999,0.000,0
5,22,2019,23,0,,15.930,11.920,77.000,89238.930,0.000,1332.112,312.633,0.000,0.000,0.000,0.000,0.000,0.000,-0.000,999,0.210,6.000,99,9999,99999,9,999999999,0.000,0.999,0,0,999,0.000,0
5,22,2019,24,0,,14.980,11.150,77.000,89238.930,0.000,1332.112,306.012,0.000,0.000,0.000,0.000,0.000,0.000,-0.000,999,0.020,6.000,99,9999,99999,9,999999999,0.000,0.999,0,0,999,0.000,0
5,23,2019,1,0,,14.510,10.970,79.000,89238.930,0.000,1332.112,303.888,0.000,0.000,0.000,0.000,0.000,0.000,-0.000,999,0.020,6.000,99,9999,99999,9,999999999,0.000,0.999,0,0,999,0.000,0
5,23,2019,2,0,,14.040,10.790,80.000,89238.930,0.000,1332.112,301.208,0.000,0.000,0.000,0.000,0.000,0.000,-0.000,999,0.060,6.000,99,9999,99999,9,999999999,0.000,0.999,0,0,999,0.000,0
5,23,2019,3,0,,13.570,10.600,82.000,89238.930,0.000,1332.112,299.061,0.000,0.000,0.000,0.000,0.000,0.000,-0.000,999,0.040,6.000,99,9999,99999,9,999999999,0.000,0.999,0,0,999,0.000,0
5,23,2019,4,0,,13.100,10.410,83.000,89238.930,0.000,1331.601,296.389,0.000,0.000,0.000,0.000,0.000,0.000,-0.000,999,0.080,6.000,99,9999,99999,9,999999999,0.000,0.999,0,0,999,0.000,0
5,23,2019,5,0,,12.620,10.220,85.000,89238.930,0.000,1331.601,294.156,0.000,0.000,0.000,0.000,0.000,0.000,-0.000,999,0.100,7.000,99,9999,99999,9,999999999,0.000,0.999,0,0,999,0.000,0
5,23,2019,6,0,,12.260,10.070,86.000,89238.930,0.000,1331.601,292.230,0.000,0.000,0.000,0.000,0.000,0.000,-0.000,999,0.140,7.000,99,9999,99999,9,999999999,0.000,0.999,0,0,999,0.000,0
5,23,2019,7,0,,11.950,9.940,87.000,89238.930,67.412,1331.601,290.640,0.000,0.000,0.000,0.000,0.000,0.000,0.000,999,0.100,7.000,99,9999,99999,9,999999999,0.000,0.999,0,0,999,0.000,0
5,23,2019,8,0,,11.640,9.810,88.000,89238.930,350.565,1331.601,289.050,95.080,10.019,92.453,11409.600,951.780,10169.782,112.215,999,0.090,7.000,99,9999,99999,9,999999999,0.000,0.999,0,0,999,0.000,0
5,23,2019,9,0,,15.760,11.450,75.000,89238.930,602.103,1331.601,310.272,281.990,181.740,199.907,33838.800,17265.266,21989.782,140.888,999,0.190,4.000,99,9999,99999,9,999999999,0.000,0.999,0,0,999,0.000,0
5,23,2019,10,0,,17.550,12.120,70.000,89238.930,801.605,1331.601,319.793,433.280,264.741,273.992,51993.600,25150.409,30139.088,144.952,999,0.260,4.000,99,9999,99999,9,999999999,0.000,0.999,0,0,999,0.000,0
5,23,2019,11,0,,19.180,12.700,66.000,89238.930,935.204,1331.601,328.798,569.380,390.491,295.215,68325.600,37096.656,32473.643,133.840,999,0.380,3.000,99,9999,99999,9,999999999,0.000,0.999,0,0,999,0.000,0
5,23,2019,12,0,,20.360,13.110,63.000,89238.930,993.729,1331.601,335.225,613.370,390.206,322.241,73604.400,37069.567,35446.464,137.480,999,0.530,4.000,99,9999,99999,9,999999999,0.000,0.999,0,0,999,0.000,0
5,23,2019,13,0,,21.140,13.380,61.000,89238.930,973.178,1331.601,339.440,611.920,444.333,287.270,73430.400,42211.674,31599.661,125.151,999,1.080,4.000,99,9999,99999,9,999999999,0.000,0.999,0,0,999,0.000,0
5,23,2019,14,0,,21.600,13.530,60.000,89238.930,874.962,1331.601,342.061,582.710,568.100,209.570,69925.200,53969.514,23052.660,101.562,999,1.260,4.000,99,9999,99999,9,999999999,0.000,0.999,0,0,999,0.000,0
5,23,2019,15,0,,21.610,13.540,60.000,89238.930,705.815,1331.601,342.136,456.810,598.981,139.558,54817.200,56903.204,15351.386,83.871,999,1.410,5.000,99,9999,99999,9,999999999,0.000,0.999,0,0,999,0.000,0
5,23,2019,16,0,,21.040,13.350,61.000,89238.930,477.398,1331.601,338.697,318.650,564.697,116.597,38238.000,53646.168,12825.656,103.726,999,1.120,6.000,99,9999,99999,9,999999999,0.000,0.999,0,0,999,0.000,0
5,23,2019,17,0,,19.990,12.990,64.000,89238.930,206.049,1331.601,333.257,158.300,398.455,97.336,18996.000,37853.268,10706.969,202.503,999,0.940,7.000,99,9999,99999,9,999999999,0.000,0.999,0,0,999,0.000,0
5,23,2019,18,0,,19.100,12.670,66.000,89238.930,0.000,1331.601,328.217,3.860,0.000,0.000,463.200,0.000,0.000,-0.000,999,0.380,7.000,99,9999,99999,9,999999999,0.000,0.999,0,0,999,0.000,0
5,23,2019,19,0,,18.200,12.350,68.000,89238.930,0.000,1331.601,323.111,0.000,0.000,0.000,0.000,0.000,0.000,-0.000,999,0.170,7.000,99,9999,99999,9,999999999,0.000,0.999,0,0,999,0.000,0
5,23,2019,20,0,,17.310,12.030,71.000,89238.930,0.000,1331.601,318.731,0.000,0.000,0.000,0.000,0.000,0.000,-0.000,999,0.110,7.000,99,9999,99999,9,999999999,0.000,0.999,0,0,999,0.000,0
5,23,2019,21,0,,16.410,11.700,73.000,89238.930,0.000,1331.601,313.621,0.000,0.000,0.000,0.000,0.000,0.000,-0.000,999,0.130,7.000,99,9999,99999,9,999999999,0.000,0.999,0,0,999,0.000,0
5,23,2019,22,0,,15.520,11.360,76.000,89238.930,0.000,1331.601,309.184,0.000,0.000,0.000,0.000,0.000,0.000,-0.000,999,0.190,7.000,99,9999,99999,9,999999999,0.000,0.999,0,0,999,0.000,0
5,23,2019,23,0,,14.630,11.020,78.000,89238.930,0.000,1331.601,304.161,0.000,0.000,0.000,0.000,0.000,0.000,-0.000,999,0.160,7.000,99,9999,99999,9,999999999,0.000,0.999,0,0,999,0.000,0
5,23,2019,24,0,,13.730,10.420,80.000,89238.930,0.000,1331.601,299.095,0.000,0.000,0.000,0.000,0.000,0.000,-0.000,999,3.570,7.000,99,9999,99999,9,999999999,0.000,0.999,0,0,999,0.000,0
5,24,2019,1,0,,13.280,10.330,82.000,89238.930,0.000,1331.601,297.093,0.000,0.000,0.000,0.000,0.000,0.000,-0.000,999,3.320,7.000,99,9999,99999,9,999999999,0.000,0.999,0,0,999,0.000,0
5,24,2019,2,0,,12.840,10.230,84.000,89238.930,0.000,1331.601,295.140,0.000,0.000,0.000,0.000,0.000,0.000,-0.000,999,2.420,7.000,99,9999,99999,9,999999999,0.000,0.999,0,0,999,0.000,0
5,24,2019,3,0,,12.390,10.130,86.000,89238.930,0.000,1331.601,293.102,0.000,0.000,0.000,0.000,0.000,0.000,-0.000,999,3.530,7.000,99,9999,99999,9,999999999,0.000,0.999,0,0,999,0.000,0
5,24,2019,4,0,,11.940,10.030,88.000,89238.930,0.000,1331.100,291.048,0.000,0.000,0.000,0.000,0.000,0.000,-0.000,999,6.870,7.000,99,9999,99999,9,999999999,0.000,0.999,0,0,999,0.000,0
5,24,2019,5,0,,11.500,9.930,90.000,89238.930,0.000,1331.100,289.047,0.000,0.000,0.000,0.000,0.000,0.000,-0.000,999,4.780,7.000,99,9999,99999,9,999999999,0.000,0.999,0,0,999,0.000,0
5,24,2019,6,0,,11.150,9.850,91.000,89238.930,0.000,1331.100,287.180,0.000,0.000,0.000,0.000,0.000,0.000,-0.000,999,3.520,7.000,99,9999,99999,9,999999999,0.000,0.999,0,0,999,0.000,0
5,24,2019,7,0,,10.860,9.790,93.000,89238.930,65.313,1331.100,286.153,0.000,0.000,0.000,0.000,0.000,0.000,0.000,999,3.160,7.000,99,9999,99999,9,999999999,0.000,0.999,0,0,999,0.000,0
5,24,2019,8,0,,10.560,9.720,94.000,89238.930,347.935,1331.100,284.611,93.360,17.397,88.831,11203.200,1652.675,9771.355,108.599,999,3.420,7.000,99,9999,99999,9,999999999,0.000,0.999,0,0,999,0.000,0
5,24,2019,9,0,,14.870,10.670,75.000,89238.930,599.120,1331.100,304.107,330.040,289.342,199.959,39604.800,27487.446,21995.464,141.575,999,3.510,0.000,99,9999,99999,9,999999999,0.000,0.999,0,0,999,0.000,0
5,24,2019,10,0,,17.120,11.140,67.000,89238.930,798.383,1331.100,314.763,544.380,604.419,182.043,65325.600,57419.833,20024.781,96.661,999,2.770,0.000,99,9999,99999,9,999999999,0.000,0.999,0,0,999,0.000,0
5,24,2019,11,0,,19.060,11.540,61.000,89238.930,931.867,1331.100,324.257,702.680,819.521,129.131,84321.600,77854.542,14204.402,58.731,999,7.820,0.000,99,9999,99999,9,999999999,0.000,0.999,0,0,999,0.000,0
5,24,2019,12,0,,20.590,11.850,57.000,89238.930,990.410,1331.100,332.139,794.630,783.363,211.904,95355.600,74419.461,23309.479,90.675,999,10.720,0.000,99,9999,99999,9,999999999,0.000,0.999,0,0,999,0.000,0
5,24,2019,13,0,,21.660,12.060,54.000,89238.930,970.008,1331.100,337.393,808.720,815.458,214.628,97046.400,77468.515,23609.102,93.775,999,12.100,0.000,99,9999,99999,9,999999999,0.000,0.999,0,0,999,0.000,0
5,24,2019,14,0,,22.250,12.180,52.000,89238.930,872.062,1331.100,339.921,747.250,815.408,213.249,89670.000,77463.759,23457.389,103.650,999,9.640,0.000,99,9999,99999,9,999999999,0.000,0.999,0,0,999,0.000,0
5,24,2019,15,0,,22.360,12.200,52.000,89238.930,703.287,1331.100,340.736,617.160,783.247,203.644,74059.200,74408.479,22400.825,122.780,999,11.120,0.000,99,9999,99999,9,999999999,0.000,0.999,0,0,999,0.000,0
5,24,2019,16,0,,21.770,12.080,54.000,89238.930,475.320,1331.100,338.203,428.040,778.189,150.710,51364.800,73927.913,16578.076,134.611,999,7.070,0.000,99,9999,99999,9,999999999,0.000,0.999,0,0,999,0.000,0
5,24,2019,17,0,,20.510,11.830,57.000,89238.930,204.478,1331.100,331.557,198.780,418.065,135.290,23853.600,39716.130,14881.921,283.567,999,5.140,4.000,99,9999,99999,9,999999999,0.000,0.999,0,0,999,0.000,0
5,24,2019,18,0,,19.900,11.710,59.000,89238.930,0.000,1331.100,328.755,5.570,0.000,0.000,668.400,0.000,0.000,-0.000,999,2.080,4.000,99,9999,99999,9,999999999,0.000,0.999,0,0,999,0.000,0
5,24,2019,19,0,,19.280,11.590,61.000,89238.930,0.000,1331.100,325.838,0.000,0.000,0.000,0.000,0.000,0.000,-0.000,999,0.590,5.000,99,9999,99999,9,999999999,0.000,0.999,0,0,999,0.000,0
5,24,2019,20,0,,18.670,11.460,62.000,89238.930,0.000,1331.100,322.217,0.000,0.000,0.000,0.000,0.000,0.000,-0.000,999,0.410,5.000,99,9999,99999,9,999999999,0.000,0.999,0,0,999,0.000,0
5,24,2019,21,0,,18.050,11.340,64.000,89238.930,0.000,1331.100,319.258,0.000,0.000,0.000,0.000,0.000,0.000,-0.000,999,0.330,5.000,99,9999,99999,9,999999999,0.000,0.999,0,0,999,0.000,0
5,24,2019,22,0,,17.430,11.210,66.000,89238.930,0.000,1331.100,316.268,0.000,0.000,0.000,0.000,0.000,0.000,-0.000,999,0.450,5.000,99,9999,99999,9,999999999,0.000,0.999,0,0,999,0.000,0
5,24,2019,23,0,,16.820,11.080,68.000,89238.930,0.000,1331.100,313.322,0.000,0.000,0.000,0.000,0.000,0.000,-0.000,999,0.290,6.000,99,9999,99999,9,999999999,0.000,0.999,0,0,999,0.000,0
5,24,2019,24,0,,16.200,13.340,86.000,89238.930,0.000,1331.100,319.541,0.000,0.000,0.000,0.000,0.000,0.000,-0.000,999,0.170,6.000,99,9999,99999,9,999999999,0.010,0.999,0,0,999,0.010,99
5,25,2019,1,0,,15.900,13.300,82.000,89238.930,0.000,1331.100,315.243,0.000,0.000,0.000,0.000,0.000,0.000,-0.000,999,0.290,6.000,99,9999,99999,9,999999999,0.000,0.999,0,0,999,0.000,0
5,25,2019,2,0,,15.590,13.260,84.000,89238.930,0.000,1331.100,314.132,0.000,0.000,0.000,0.000,0.000,0.000,-0.000,999,0.180,6.000,99,9999,99999,9,999999999,0.000,0.999,0,0,999,0.000,0
5,25,2019,3,0,,15.280,13.220,85.000,89238.930,0.000,1331.100,312.473,0.000,0.000,0.000,0.000,0.000,0.000,-0.000,999,0.170,7.000,99,9999,99999,9,999999999,0.000,0.999,0,0,999,0.000,0
5,25,2019,4,0,,14.970,13.180,87.000,89238.930,0.000,1330.610,311.327,0.000,0.000,0.000,0.000,0.000,0.000,-0.000,999,0.310,7.000,99,9999,99999,9,999999999,0.000,0.999,0,0,999,0.000,0
5,25,2019,5,0,,14.660,13.140,88.000,89238.930,0.000,1330.610,309.658,0.000,0.000,0.000,0.000,0.000,0.000,-0.000,999,0.210,7.000,99,9999,99999,9,999999999,0.000,0.999,0,0,999,0.000,0
5,25,2019,6,0,,14.430,13.110,89.000,89238.930,0.000,1330.610,308.547,0.000,0.000,0.000,0.000,0.000,0.000,-0.000,999,0.180,7.000,99,9999,99999,9,999999999,0.000,0.999,0,0,999,0.000,0
5,25,2019,7,0,,14.220,13.090,90.000,89238.930,63.231,1330.610,307.573,0.000,0.000,0.000,0.000,0.000,0.000,0.000,999,0.500,8.000,99,9999,99999,9,999999999,0.000,0.999,0,0,999,0.000,0
5,25,2019,8,0,,14.020,13.060,91.000,89238.930,345.333,1330.610,306.664,65.930,0.000,65.930,7911.600,0.000,7252.300,81.185,999,0.980,8.000,99,9999,99999,9,999999999,0.000,0.999,0,0,999,0.000,0
5,25,2019,9,0,,15.380,13.240,85.000,89238.930,596.182,1330.610,313.178,108.110,0.000,108.110,12973.200,0.000,11892.100,76.894,999,1.640,8.000,99,9999,99999,9,999999999,0.000,0.999,0,0,999,0.000,0
5,25,2019,10,0,,16.940,13.430,78.000,89238.930,795.220,1330.610,320.382,387.250,160.275,291.514,46470.000,15226.147,32066.573,155.347,999,1.650,6.000,99,9999,99999,9,999999999,0.000,0.999,0,0,999,0.000,0
5,25,2019,11,0,,18.170,13.590,73.000,89238.930,928.604,1330.610,326.185,501.840,201.269,361.422,60220.800,19120.563,39756.421,164.899,999,1.720,5.000,99,9999,99999,9,999999999,0.000,0.999,0,0,999,0.000,0
5,25,2019,12,0,,19.110,13.700,70.000,89238.930,987.179,1330.610,331.061,568.370,302.575,343.943,68204.400,28744.646,37833.783,147.603,999,1.020,5.000,99,9999,99999,9,999999999,0.000,0.999,0,0,999,0.000,0
5,25,2019,13,0,,19.770,13.790,68.000,89238.930,966.937,1330.610,334.531,581.680,352.619,325.504,69801.600,33498.822,35805.391,142.617,999,1.350,5.000,99,9999,99999,9,999999999,0.000,0.999,0,0,999,0.000,0
5,25,2019,14,0,,20.160,13.830,66.000,89238.930,869.268,1330.610,335.980,540.760,433.224,257.853,64891.200,41156.244,28363.835,125.687,999,2.020,5.000,99,9999,99999,9,999999999,0.000,0.999,0,0,999,0.000,0
5,25,2019,15,0,,20.270,13.850,66.000,89238.930,700.868,1330.610,336.793,448.740,579.468,143.751,53848.800,55049.446,15812.640,86.938,999,2.390,5.000,99,9999,99999,9,999999999,0.000,0.999,0,0,999,0.000,0
5,25,2019,16,0,,20.010,13.820,67.000,89238.930,473.350,1330.610,335.593,313.060,553.367,116.600,37567.200,52569.830,12825.999,104.541,999,1.670,6.000,99,9999,99999,9,999999999,0.000,0.999,0,0,999,0.000,0
5,25,2019,17,0,,19.360,13.740,74.000,89238.930,203.007,1330.610,335.548,147.630,396.962,87.766,17715.600,37711.364,9654.231,185.249,999,0.850,7.000,99,9999,99999,9,999999999,0.020,0.999,0,0,999,0.020,99
5,25,2019,18,0,,18.800,13.670,76.000,89238.930,0.000,1330.610,332.684,5.050,0.000,0.000,606.000,0.000,0.000,-0.000,999,0.340,7.000,99,9999,99999,9,999999999,0.300,0.999,0,0,999,0.300,99
5,25,2019,19,0,,18.240,13.600,78.000,89238.930,0.000,1330.610,329.799,0.000,0.000,0.000,0.000,0.000,0.000,-0.000,999,0.090,7.000,99,9999,99999,9,999999999,0.050,0.999,0,0,999,0.050,99
5,25,2019,20,0,,17.680,13.530,80.000,89238.930,0.000,1330.610,326.897,0.000,0.000,0.000,0.000,0.000,0.000,-0.000,999,0.080,7.000,99,9999,99999,9,999999999,0.150,0.999,0,0,999,0.150,99
5,25,2019,21,0,,17.110,13.450,82.000,89238.930,0.000,1330.610,323.908,0.000,0.000,0.000,0.000,0.000,0.000,-0.000,999,0.080,7.000,99,9999,99999,9,999999999,0.030,0.999,0,0,999,0.030,99
5,25,2019,22,0,,16.550,13.380,93.000,89238.930,0.000,1330.610,325.679,0.000,0.000,0.000,0.000,0.000,0.000,-0.000,999,0.080,7.000,99,9999,99999,9,999999999,5.340,0.999,0,0,999,5.340,99
5,25,2019,23,0,,15.990,13.310,87.000,89238.930,0.000,1330.610,318.563,0.000,0.000,0.000,0.000,0.000,0.000,-0.000,999,0.090,7.000,99,9999,99999,9,999999999,0.090,0.999,0,0,999,0.090,99
5,25,2019,24,0,,15.430,13.130,81.000,89238.930,0.000,1330.610,311.380,0.000,0.000,0.000,0.000,0.000,0.000,-0.000,999,0.250,7.000,99,9999,99999,9,999999999,0.000,0.999,0,0,999,0.000,0
5,26,2019,1,0,,15.150,13.150,87.000,89238.930,0.000,1330.610,312.595,0.000,0.000,0.000,0.000,0.000,0.000,-0.000,999,0.250,8.000,99,9999,99999,9,999999999,0.060,0.999,0,0,999,0.060,99
5,26,2019,2,0,,14.870,13.180,84.000,89238.930,0.000,1330.610,309.071,0.000,0.000,0.000,0.000,0.000,0.000,-0.000,999,0.250,8.000,99,9999,99999,9,999999999,0.000,0.999,0,0,999,0.000,0
5,26,2019,3,0,,14.580,13.200,86.000,89238.930,0.000,1330.610,308.084,0.000,0.000,0.000,0.000,0.000,0.000,-0.000,999,0.250,8.000,99,9999,99999,9,999999999,0.000,0.999,0,0,999,0.000,0
5,26,2019,4,0,,14.300,13.230,92.000,89238.930,0.000,1330.130,309.100,0.000,0.000,0.000,0.000,0.000,0.000,-0.000,999,0.250,8.000,99,9999,99999,9,999999999,0.010,0.999,0,0,999,0.010,99
5,26,2019,5,0,,14.020,13.260,89.000,89238.930,0.000,1330.130,305.692,0.000,0.000,0.000,0.000,0.000,0.000,-0.000,999,0.250,8.000,99,9999,99999,9,999999999,0.000,0.999,0,0,999,0.000,0
5,26,2019,6,0,,13.810,13.280,99.000,89238.930,0.000,1330.130,308.901,0.000,0.000,0.000,0.000,0.000,0.000,-0.000,999,0.250,8.000,99,9999,99999,9,999999999,1.910,0.999,0,0,999,1.910,99
5,26,2019,7,0,,13.620,13.290,96.000,89238.930,61.168,1330.130,306.220,0.000,0.000,0.000,0.000,0.000,0.000,0.000,999,0.250,8.000,99,9999,99999,9,999999999,0.020,0.999,0,0,999,0.020,99
5,26,2019,8,0,,13.430,13.310,92.000,89238.930,342.761,1330.130,303.051,77.740,0.000,77.740,9328.800,0.000,8551.400,96.416,999,0.250,8.000,99,9999,99999,9,999999999,0.000,0.999,0,0,999,0.000,0
5,26,2019,9,0,,16.410,13.030,76.000,89238.930,593.289,1330.130,315.430,282.400,187.955,198.663,33888.000,17855.742,21852.965,141.941,999,0.250,4.000,99,9999,99999,9,999999999,0.000,0.999,0,0,999,0.000,0
5,26,2019,10,0,,18.020,12.880,69.000,89238.930,792.120,1330.130,322.492,471.770,370.199,251.427,56612.400,35168.890,27656.925,134.461,999,0.250,2.000,99,9999,99999,9,999999999,0.000,0.999,0,0,999,0.000,0
5,26,2019,11,0,,19.400,12.750,63.000,89238.930,925.419,1330.130,328.212,611.040,505.966,259.131,73324.800,48066.809,28504.423,118.594,999,0.720,0.000,99,9999,99999,9,999999999,0.000,0.999,0,0,999,0.000,0
5,26,2019,12,0,,20.500,12.650,59.000,89238.930,984.038,1330.130,333.121,694.760,627.478,230.661,83371.200,59610.417,25372.701,99.269,999,0.900,0.000,99,9999,99999,9,999999999,0.000,0.999,0,0,999,0.000,0
5,26,2019,13,0,,21.320,12.570,57.000,89238.930,963.965,1330.130,337.493,725.070,799.933,145.500,87008.400,75993.628,16005.047,63.924,999,0.790,0.000,99,9999,99999,9,999999999,0.000,0.999,0,0,999,0.000,0
5,26,2019,14,0,,21.800,12.520,55.000,89238.930,866.580,1330.130,339.313,678.120,769.603,176.923,81374.400,73112.293,19461.545,86.476,999,0.620,0.000,99,9999,99999,9,999999999,0.000,0.999,0,0,999,0.000,0
5,26,2019,15,0,,21.930,12.510,55.000,89238.930,698.558,1330.130,340.276,569.170,692.355,205.838,68300.400,65773.725,22642.193,124.854,999,0.770,0.000,99,9999,99999,9,999999999,0.000,0.999,0,0,999,0.000,0
5,26,2019,16,0,,21.560,12.550,56.000,89238.930,471.488,1330.130,338.410,397.140,714.863,144.256,47656.800,67911.951,15868.181,129.803,999,0.500,2.000,99,9999,99999,9,999999999,0.000,0.999,0,0,999,0.000,0
5,26,2019,17,0,,20.700,12.630,59.000,89238.930,201.637,1330.130,334.586,192.930,432.818,128.085,23151.600,41117.756,14089.325,272.129,999,0.400,5.000,99,9999,99999,9,999999999,0.000,0.999,0,0,999,0.000,0
5,26,2019,18,0,,19.940,12.700,61.000,89238.930,0.000,1330.130,330.615,8.550,0.000,0.000,1026.000,0.000,0.000,-0.000,999,0.250,5.000,99,9999,99999,9,999999999,0.000,0.999,0,0,999,0.000,0
5,26,2019,19,0,,19.180,12.770,64.000,89238.930,0.000,1330.130,327.356,0.000,0.000,0.000,0.000,0.000,0.000,-0.000,999,0.250,5.000,99,9999,99999,9,999999999,0.000,0.999,0,0,999,0.000,0
5,26,2019,20,0,,18.430,12.840,67.000,89238.930,0.000,1330.130,324.078,0.000,0.000,0.000,0.000,0.000,0.000,-0.000,999,0.250,5.000,99,9999,99999,9,999999999,0.000,0.999,0,0,999,0.000,0
5,26,2019,21,0,,17.670,12.920,71.000,89238.930,0.000,1330.130,321.299,0.000,0.000,0.000,0.000,0.000,0.000,-0.000,999,0.250,6.000,99,9999,99999,9,999999999,0.000,0.999,0,0,999,0.000,0
5,26,2019,22,0,,16.910,12.990,74.000,89238.930,0.000,1330.130,317.769,0.000,0.000,0.000,0.000,0.000,0.000,-0.000,999,0.250,6.000,99,9999,99999,9,999999999,0.000,0.999,0,0,999,0.000,0
5,26,2019,23,0,,16.160,13.060,78.000,89238.930,0.000,1330.130,314.832,0.000,0.000,0.000,0.000,0.000,0.000,-0.000,999,0.250,6.000,99,9999,99999,9,999999999,0.000,0.999,0,0,999,0.000,0
5,26,2019,24,0,,15.400,12.110,80.000,89238.930,0.000,1330.130,310.617,0.000,0.000,0.000,0.000,0.000,0.000,-0.000,999,0.080,6.000,99,9999,99999,9,999999999,0.000,0.999,0,0,999,0.000,0
5,27,2019,1,0,,15.020,12.180,83.000,89238.930,0.000,1330.130,309.590,0.000,0.000,0.000,0.000,0.000,0.000,-0.000,999,0.080,6.000,99,9999,99999,9,999999999,0.000,0.999,0,0,999,0.000,0
5,27,2019,2,0,,14.640,12.250,85.000,89238.930,0.000,1330.130,307.988,0.000,0.000,0.000,0.000,0.000,0.000,-0.000,999,0.080,6.000,99,9999,99999,9,999999999,0.000,0.999,0,0,999,0.000,0
5,27,2019,3,0,,14.270,12.310,88.000,89238.930,0.000,1330.130,306.935,0.000,0.000,0.000,0.000,0.000,0.000,-0.000,999,0.080,6.000,99,9999,99999,9,999999999,0.000,0.999,0,0,999,0.000,0
5,27,2019,4,0,,13.890,12.380,90.000,89238.930,0.000,1329.661,305.278,0.000,0.000,0.000,0.000,0.000,0.000,-0.000,999,0.080,6.000,99,9999,99999,9,999999999,0.000,0.999,0,0,999,0.000,0
5,27,2019,5,0,,13.510,12.450,98.000,89238.930,0.000,1329.661,306.356,0.000,0.000,0.000,0.000,0.000,0.000,-0.000,999,0.080,7.000,99,9999,99999,9,999999999,0.020,0.999,0,0,999,0.020,99
5,27,2019,6,0,,13.220,12.500,95.000,89238.930,0.000,1329.661,302.990,0.000,0.000,0.000,0.000,0.000,0.000,-0.000,999,0.080,7.000,99,9999,99999,9,999999999,0.000,0.999,0,0,999,0.000,0
5,27,2019,7,0,,12.970,12.550,97.000,89238.930,59.126,1329.661,302.165,0.000,0.000,0.000,0.000,0.000,0.000,0.000,999,0.080,7.000,99,9999,99999,9,999999999,0.000,0.999,0,0,999,0.000,0
5,27,2019,8,0,,12.720,12.590,99.000,89238.930,340.221,1329.661,301.322,82.390,0.000,82.390,9886.800,0.000,9062.900,102.916,999,0.080,7.000,99,9999,99999,9,999999999,0.000,0.999,0,0,999,0.000,0
5,27,2019,9,0,,16.060,11.990,76.000,89238.930,590.444,1329.661,312.963,274.830,179.520,195.208,32979.600,17054.443,21472.827,140.096,999,0.080,5.000,99,9999,99999,9,999999999,0.000,0.999,0,0,999,0.000,0
5,27,2019,10,0,,17.490,11.720,68.000,89238.930,789.083,1329.661,318.045,408.290,205.759,286.249,48994.800,19547.143,31487.337,153.619,999,0.080,5.000,99,9999,99999,9,999999999,0.000,0.999,0,0,999,0.000,0
5,27,2019,11,0,,18.600,11.510,63.000,89238.930,922.313,1329.661,322.454,492.000,192.276,358.671,59040.000,18266.261,39453.758,164.644,999,0.180,5.000,99,9999,99999,9,999999999,0.000,0.999,0,0,999,0.000,0
5,27,2019,12,0,,19.680,11.300,58.000,89238.930,980.989,1329.661,326.367,602.470,377.318,324.163,72296.400,35845.245,35657.916,139.893,999,0.450,4.000,99,9999,99999,9,999999999,0.000,0.999,0,0,999,0.000,0
5,27,2019,13,0,,20.440,11.160,55.000,89238.930,961.096,1329.661,329.362,615.840,475.901,271.945,73900.800,45210.571,29913.972,119.790,999,0.890,4.000,99,9999,99999,9,999999999,0.000,0.999,0,0,999,0.000,0
5,27,2019,14,0,,20.820,11.080,53.000,89238.930,864.000,1329.661,330.367,553.450,484.091,239.019,66414.000,45988.641,26292.098,117.134,999,1.690,4.000,99,9999,99999,9,999999999,0.000,0.999,0,0,999,0.000,0
5,27,2019,15,0,,20.990,11.050,52.000,89238.930,696.358,1329.661,330.699,507.230,806.810,85.022,60867.600,76646.984,9352.375,51.716,999,1.420,3.000,99,9999,99999,9,999999999,0.000,0.999,0,0,999,0.000,0
5,27,2019,16,0,,20.580,11.130,54.000,89238.930,469.733,1329.661,329.511,325.470,590.952,117.128,39056.400,56140.428,12884.049,105.751,999,1.330,5.000,99,9999,99999,9,999999999,0.000,0.999,0,0,999,0.000,0
5,27,2019,17,0,,19.770,11.290,68.000,89238.930,200.368,1329.661,334.531,175.900,387.215,118.240,21108.000,36785.384,13006.388,252.750,999,0.920,6.000,99,9999,99999,9,999999999,3.720,0.999,0,0,999,3.720,99
5,27,2019,18,0,,19.040,11.430,66.000,89238.930,0.000,1329.661,327.782,5.180,0.000,0.000,621.600,0.000,0.000,-0.000,999,0.440,6.000,99,9999,99999,9,999999999,0.160,0.999,0,0,999,0.160,99
5,27,2019,19,0,,18.300,11.570,69.000,89238.930,0.000,1329.661,324.505,0.000,0.000,0.000,0.000,0.000,0.000,-0.000,999,0.280,6.000,99,9999,99999,9,999999999,0.070,0.999,0,0,999,0.070,99
5,27,2019,20,0,,17.570,11.710,73.000,89238.930,0.000,1329.661,321.859,0.000,0.000,0.000,0.000,0.000,0.000,-0.000,999,0.120,6.000,99,9999,99999,9,999999999,0.010,0.999,0,0,999,0.010,99
5,27,2019,21,0,,16.830,11.840,72.000,89238.930,0.000,1329.661,315.961,0.000,0.000,0.000,0.000,0.000,0.000,-0.000,999,0.130,7.000,99,9999,99999,9,999999999,0.000,0.999,0,0,999,0.000,0
5,27,2019,22,0,,16.100,11.980,81.000,89238.930,0.000,1329.661,316.108,0.000,0.000,0.000,0.000,0.000,0.000,-0.000,999,0.130,7.000,99,9999,99999,9,999999999,0.030,0.999,0,0,999,0.030,99
5,27,2019,23,0,,15.360,12.120,80.000,89238.930,0.000,1329.661,310.337,0.000,0.000,0.000,0.000,0.000,0.000,-0.000,999,0.110,7.000,99,9999,99999,9,999999999,0.000,0.999,0,0,999,0.000,0
5,27,2019,24,0,,14.620,11.360,80.000,89238.930,0.000,1329.661,305.194,0.000,0.000,0.000,0.000,0.000,0.000,-0.000,999,0.090,7.000,99,9999,99999,9,999999999,0.000,0.999,0,0,999,0.000,0
5,28,2019,1,0,,14.260,11.310,82.000,89238.930,0.000,1329.661,303.785,0.000,0.000,0.000,0.000,0.000,0.000,-0.000,999,0.090,7.000,99,9999,99999,9,999999999,0.000,0.999,0,0,999,0.000,0
5,28,2019,2,0,,13.890,11.260,84.000,89238.930,0.000,1329.661,302.284,0.000,0.000,0.000,0.000,0.000,0.000,-0.000,999,0.090,7.000,99,9999,99999,9,999999999,0.000,0.999,0,0,999,0.000,0
5,28,2019,3,0,,13.520,11.210,85.000,89238.930,0.000,1329.661,300.259,0.000,0.000,0.000,0.000,0.000,0.000,-0.000,999,0.090,7.000,99,9999,99999,9,999999999,0.000,0.999,0,0,999,0.000,0
5,28,2019,4,0,,13.150,11.160,87.000,89238.930,0.000,1329.202,298.729,0.000,0.000,0.000,0.000,0.000,0.000,-0.000,999,0.140,7.000,99,9999,99999,9,999999999,0.000,0.999,0,0,999,0.000,0
5,28,2019,5,0,,12.780,11.110,89.000,89238.930,0.000,1329.202,297.180,0.000,0.000,0.000,0.000,0.000,0.000,-0.000,999,0.110,8.000,99,9999,99999,9,999999999,0.000,0.999,0,0,999,0.000,0
5,28,2019,6,0,,12.500,11.080,91.000,89238.930,0.000,1329.202,296.222,0.000,0.000,0.000,0.000,0.000,0.000,-0.000,999,0.190,8.000,99,9999,99999,9,999999999,0.000,0.999,0,0,999,0.000,0
5,28,2019,7,0,,12.260,11.050,92.000,89238.930,57.106,1329.202,295.059,0.000,0.000,0.000,0.000,0.000,0.000,0.000,999,0.090,8.000,99,9999,99999,9,999999999,0.000,0.999,0,0,999,0.000,0
5,28,2019,8,0,,12.010,11.010,93.000,89238.930,337.715,1329.202,293.827,76.180,0.000,76.180,9141.600,0.000,8379.800,95.838,999,0.140,8.000,99,9999,99999,9,999999999,0.000,0.999,0,0,999,0.000,0
5,28,2019,9,0,,15.440,11.460,77.000,89238.930,587.650,1329.202,309.205,289.810,215.618,194.598,34777.200,20483.732,21405.793,140.276,999,0.180,3.000,99,9999,99999,9,999999999,0.000,0.999,0,0,999,0.000,0
5,28,2019,10,0,,17.250,11.700,69.000,89238.930,786.113,1329.202,317.007,473.950,392.425,241.989,56874.000,37280.408,26618.828,130.313,999,0.560,1.000,99,9999,99999,9,999999999,0.000,0.999,0,0,999,0.000,0
5,28,2019,11,0,,18.780,11.890,64.000,89238.930,919.288,1329.202,324.472,607.740,509.540,255.450,72928.800,48406.280,28099.547,117.608,999,0.830,0.000,99,9999,99999,9,999999999,0.000,0.999,0,0,999,0.000,0
5,28,2019,12,0,,19.980,12.040,60.000,89238.930,978.033,1329.202,330.126,683.390,606.098,237.531,82006.800,57579.263,26128.458,102.782,999,0.880,0.000,99,9999,99999,9,999999999,0.000,0.999,0,0,999,0.000,0
5,28,2019,13,0,,20.870,12.150,57.000,89238.930,958.329,1329.202,334.185,710.500,765.680,158.609,85260.000,72739.564,17447.029,70.044,999,1.000,0.000,99,9999,99999,9,999999999,0.000,0.999,0,0,999,0.000,0
5,28,2019,14,0,,21.360,12.210,55.000,89238.930,861.528,1329.202,336.069,655.300,857.809,99.532,78636.000,81491.855,10948.552,48.900,999,1.040,0.000,99,9999,99999,9,999999999,0.000,0.999,0,0,999,0.000,0
5,28,2019,15,0,,21.450,12.220,55.000,89238.930,694.269,1329.202,336.730,540.410,678.061,186.521,64849.200,64415.819,20517.356,113.758,999,1.200,1.000,99,9999,99999,9,999999999,0.000,0.999,0,0,999,0.000,0
5,28,2019,16,0,,21.010,12.170,56.000,89238.930,468.085,1329.202,334.365,379.240,630.880,157.528,45508.800,59933.645,17328.031,142.680,999,0.970,3.000,99,9999,99999,9,999999999,0.000,0.999,0,0,999,0.000,0
5,28,2019,17,0,,20.020,12.050,60.000,89238.930,199.199,1329.202,330.417,178.880,444.545,113.055,21465.600,42231.750,12436.022,243.031,999,0.660,6.000,99,9999,99999,9,999999999,0.000,0.999,0,0,999,0.000,0
5,28,2019,18,0,,19.450,11.970,61.000,89238.930,0.000,1329.202,327.063,5.520,0.000,0.000,662.400,0.000,0.000,-0.000,999,0.190,6.000,99,9999,99999,9,999999999,0.000,0.999,0,0,999,0.000,0
5,28,2019,19,0,,18.880,11.900,63.000,89238.930,0.000,1329.202,324.460,0.000,0.000,0.000,0.000,0.000,0.000,-0.000,999,0.090,6.000,99,9999,99999,9,999999999,0.000,0.999,0,0,999,0.000,0
5,28,2019,20,0,,18.310,11.830,65.000,89238.930,0.000,1329.202,321.820,0.000,0.000,0.000,0.000,0.000,0.000,-0.000,999,0.090,6.000,99,9999,99999,9,999999999,0.000,0.999,0,0,999,0.000,0
5,28,2019,21,0,,17.740,11.760,67.000,89238.930,0.000,1329.202,319.146,0.000,0.000,0.000,0.000,0.000,0.000,-0.000,999,0.090,7.000,99,9999,99999,9,999999999,0.000,0.999,0,0,999,0.000,0
5,28,2019,22,0,,17.170,11.690,70.000,89238.930,0.000,1329.202,317.093,0.000,0.000,0.000,0.000,0.000,0.000,-0.000,999,0.090,7.000,99,9999,99999,9,999999999,0.000,0.999,0,0,999,0.000,0
5,28,2019,23,0,,16.600,11.610,72.000,89238.930,0.000,1329.202,314.339,0.000,0.000,0.000,0.000,0.000,0.000,-0.000,999,0.090,7.000,99,9999,99999,9,999999999,0.000,0.999,0,0,999,0.000,0
5,28,2019,24,0,,16.030,13.630,82.000,89238.930,0.000,1329.202,316.165,0.000,0.000,0.000,0.000,0.000,0.000,-0.000,999,0.170,7.000,99,9999,99999,9,999999999,0.000,0.999,0,0,999,0.000,0
5,29,2019,1,0,,15.750,13.570,83.000,89238.930,0.000,1329.202,314.726,0.000,0.000,0.000,0.000,0.000,0.000,-0.000,999,0.170,7.000,99,9999,99999,9,999999999,0.000,0.999,0,0,999,0.000,0
5,29,2019,2,0,,15.460,13.520,84.000,89238.930,0.000,1329.202,313.213,0.000,0.000,0.000,0.000,0.000,0.000,-0.000,999,0.170,7.000,99,9999,99999,9,999999999,0.000,0.999,0,0,999,0.000,0
5,29,2019,3,0,,15.180,13.460,89.000,89238.930,0.000,1329.202,313.824,0.000,0.000,0.000,0.000,0.000,0.000,-0.000,999,0.170,7.000,99,9999,99999,9,999999999,0.010,0.999,0,0,999,0.010,99
5,29,2019,4,0,,14.900,13.410,95.000,89238.930,0.000,1328.754,314.766,0.000,0.000,0.000,0.000,0.000,0.000,-0.000,999,0.170,7.000,99,9999,99999,9,999999999,1.910,0.999,0,0,999,1.910,99
5,29,2019,5,0,,14.610,13.350,92.000,89238.930,0.000,1328.754,311.278,0.000,0.000,0.000,0.000,0.000,0.000,-0.000,999,0.170,8.000,99,9999,99999,9,999999999,0.060,0.999,0,0,999,0.060,99
5,29,2019,6,0,,14.390,13.300,92.000,89238.930,0.000,1328.754,309.731,0.000,0.000,0.000,0.000,0.000,0.000,-0.000,999,0.170,8.000,99,9999,99999,9,999999999,0.020,0.999,0,0,999,0.020,99
5,29,2019,7,0,,14.200,13.270,89.000,89238.930,55.109,1328.754,306.943,0.000,0.000,0.000,0.000,0.000,0.000,0.000,999,0.170,8.000,99,9999,99999,9,999999999,0.000,0.999,0,0,999,0.000,0
5,29,2019,8,0,,14.020,13.230,90.000,89238.930,335.245,1328.754,306.180,30.220,0.000,30.220,3626.400,0.000,3324.200,38.288,999,0.170,8.000,99,9999,99999,9,999999999,0.000,0.999,0,0,999,0.000,0
5,29,2019,9,0,,15.280,13.480,85.000,89238.930,584.908,1328.754,312.473,112.380,0.000,112.380,13485.600,0.000,12361.800,81.362,999,0.170,8.000,99,9999,99999,9,999999999,0.000,0.999,0,0,999,0.000,0
5,29,2019,10,0,,16.960,13.810,79.000,89238.930,783.211,1328.754,321.109,356.400,132.828,278.150,42768.000,12618.663,30596.491,150.291,999,0.170,6.000,99,9999,99999,9,999999999,0.000,0.999,0,0,999,0.000,0
5,29,2019,11,0,,18.190,14.040,75.000,89238.930,916.346,1328.754,327.592,444.450,150.546,340.663,53334.000,14301.839,37472.935,157.290,999,0.170,6.000,99,9999,99999,9,999999999,0.000,0.999,0,0,999,0.000,0
5,29,2019,12,0,,18.150,14.040,75.000,89238.930,975.173,1328.754,327.301,223.310,14.703,212.522,26797.200,1396.803,23377.424,92.199,999,0.270,8.000,99,9999,99999,9,999999999,0.000,0.999,0,0,999,0.000,0
5,29,2019,13,0,,18.790,14.160,73.000,89238.930,955.667,1328.754,330.702,452.260,123.124,363.731,54271.200,11696.762,40010.417,161.023,999,0.900,7.000,99,9999,99999,9,999999999,0.000,0.999,0,0,999,0.000,0
5,29,2019,14,0,,19.000,14.200,73.000,89238.930,859.167,1328.754,332.243,352.300,75.469,303.522,42276.000,7169.545,33387.424,149.481,999,1.040,8.000,99,9999,99999,9,999999999,0.000,0.999,0,0,999,0.000,0
5,29,2019,15,0,,19.520,14.300,71.000,89238.930,692.290,1328.754,334.750,515.780,661.221,171.550,61893.600,62815.990,18870.493,104.891,999,1.540,3.000,99,9999,99999,9,999999999,0.000,0.999,0,0,999,0.000,0
5,29,2019,16,0,,19.630,14.320,71.000,89238.930,466.545,1328.754,335.564,368.400,629.364,147.877,44208.000,59789.606,16266.431,134.337,999,1.320,3.000,99,9999,99999,9,999999999,0.000,0.999,0,0,999,0.000,0
5,29,2019,17,0,,19.230,14.240,72.000,89238.930,198.130,1328.754,333.279,182.710,401.700,123.535,21925.200,38161.462,13588.883,266.936,999,0.780,5.000,99,9999,99999,9,999999999,0.000,0.999,0,0,999,0.000,0
5,29,2019,18,0,,18.680,14.140,74.000,89238.930,0.000,1328.754,330.539,7.970,0.000,0.000,956.400,0.000,0.000,-0.000,999,0.170,5.000,99,9999,99999,9,999999999,0.000,0.999,0,0,999,0.000,0
5,29,2019,19,0,,18.140,14.030,75.000,89238.930,0.000,1328.754,327.229,0.000,0.000,0.000,0.000,0.000,0.000,-0.000,999,0.170,5.000,99,9999,99999,9,999999999,0.000,0.999,0,0,999,0.000,0
5,29,2019,20,0,,17.600,13.930,77.000,89238.930,0.000,1328.754,324.538,0.000,0.000,0.000,0.000,0.000,0.000,-0.000,999,0.170,5.000,99,9999,99999,9,999999999,0.000,0.999,0,0,999,0.000,0
5,29,2019,21,0,,17.050,13.830,79.000,89238.930,0.000,1328.754,321.756,0.000,0.000,0.000,0.000,0.000,0.000,-0.000,999,0.170,6.000,99,9999,99999,9,999999999,0.000,0.999,0,0,999,0.000,0
5,29,2019,22,0,,16.510,13.720,81.000,89238.930,0.000,1328.754,319.029,0.000,0.000,0.000,0.000,0.000,0.000,-0.000,999,0.170,6.000,99,9999,99999,9,999999999,0.000,0.999,0,0,999,0.000,0
5,29,2019,23,0,,15.960,13.610,83.000,89238.930,0.000,1328.754,316.215,0.000,0.000,0.000,0.000,0.000,0.000,-0.000,999,0.170,6.000,99,9999,99999,9,999999999,0.000,0.999,0,0,999,0.000,0
5,29,2019,24,0,,15.420,13.430,86.000,89238.930,0.000,1328.754,313.985,0.000,0.000,0.000,0.000,0.000,0.000,-0.000,999,0.330,6.000,99,9999,99999,9,999999999,0.000,0.999,0,0,999,0.000,0
5,30,2019,1,0,,15.150,13.420,88.000,89238.930,0.000,1328.754,313.105,0.000,0.000,0.000,0.000,0.000,0.000,-0.000,999,0.330,6.000,99,9999,99999,9,999999999,0.000,0.999,0,0,999,0.000,0
5,30,2019,2,0,,14.880,13.410,89.000,89238.930,0.000,1328.754,311.705,0.000,0.000,0.000,0.000,0.000,0.000,-0.000,999,0.330,6.000,99,9999,99999,9,999999999,0.000,0.999,0,0,999,0.000,0
5,30,2019,3,0,,14.600,13.400,91.000,89238.930,0.000,1328.754,310.722,0.000,0.000,0.000,0.000,0.000,0.000,-0.000,999,0.330,6.000,99,9999,99999,9,999999999,0.000,0.999,0,0,999,0.000,0
5,30,2019,4,0,,14.330,13.390,92.000,89238.930,0.000,1328.317,309.310,0.000,0.000,0.000,0.000,0.000,0.000,-0.000,999,0.330,6.000,99,9999,99999,9,999999999,0.000,0.999,0,0,999,0.000,0
5,30,2019,5,0,,14.060,13.390,99.000,89238.930,0.000,1328.317,310.660,0.000,0.000,0.000,0.000,0.000,0.000,-0.000,999,0.330,7.000,99,9999,99999,9,999999999,0.010,0.999,0,0,999,0.010,99
5,30,2019,6,0,,13.850,13.380,95.000,89238.930,0.000,1328.317,307.365,0.000,0.000,0.000,0.000,0.000,0.000,-0.000,999,0.330,7.000,99,9999,99999,9,999999999,0.000,0.999,0,0,999,0.000,0
5,30,2019,7,0,,13.670,13.370,96.000,89238.930,53.139,1328.317,306.569,0.000,0.000,0.000,0.000,0.000,0.000,0.000,999,0.330,7.000,99,9999,99999,9,999999999,0.000,0.999,0,0,999,0.000,0
5,30,2019,8,0,,13.490,13.370,97.000,89238.930,332.813,1328.317,305.768,85.250,10.104,82.729,10230.000,959.905,9100.208,105.553,999,0.330,7.000,99,9999,99999,9,999999999,0.000,0.999,0,0,999,0.000,0
5,30,2019,9,0,,17.560,13.500,76.000,89238.930,582.220,1328.317,323.644,327.290,313.627,189.991,39274.800,29794.584,20899.061,138.144,999,0.330,0.000,99,9999,99999,9,999999999,0.000,0.999,0,0,999,0.000,0
5,30,2019,10,0,,18.690,13.540,71.000,89238.930,780.380,1328.317,328.663,379.020,160.479,284.792,45482.400,15245.523,31327.086,154.388,999,0.330,6.000,99,9999,99999,9,999999999,0.000,0.999,0,0,999,0.000,0
5,30,2019,11,0,,17.970,13.520,79.000,89238.930,913.490,1328.317,328.423,116.540,0.000,116.540,13984.800,0.000,12819.400,53.959,999,0.330,8.000,99,9999,99999,9,999999999,0.060,0.999,0,0,999,0.060,99
5,30,2019,12,0,,18.050,13.520,83.000,89238.930,972.411,1328.317,331.337,248.730,19.408,234.526,29847.600,1843.726,25797.861,102.001,999,0.330,8.000,99,9999,99999,9,999999999,1.910,0.999,0,0,999,1.910,99
5,30,2019,13,0,,18.910,13.550,70.000,89238.930,953.112,1328.317,329.600,492.770,174.753,367.414,59132.400,16601.499,40415.525,163.036,999,0.460,6.000,99,9999,99999,9,999999999,0.000,0.999,0,0,999,0.000,0
5,30,2019,14,0,,19.930,13.590,66.000,89238.930,856.917,1328.317,334.284,635.850,655.349,213.248,76302.000,62258.190,23457.328,105.263,999,1.140,1.000,99,9999,99999,9,999999999,0.000,0.999,0,0,999,0.000,0
5,30,2019,15,0,,20.440,13.600,64.000,89238.930,690.423,1328.317,336.571,535.220,675.393,184.447,64226.400,64162.357,20289.126,113.045,999,0.350,1.000,99,9999,99999,9,999999999,0.000,0.999,0,0,999,0.000,0
5,30,2019,16,0,,20.050,13.590,71.000,89238.930,465.113,1328.317,338.683,246.450,184.633,181.934,29574.000,17540.148,20012.791,165.734,999,0.380,8.000,99,9999,99999,9,999999999,0.020,0.999,0,0,999,0.020,99
5,30,2019,17,0,,19.690,13.580,67.000,89238.930,197.160,1328.317,333.236,234.760,286.033,192.821,28171.200,27173.178,21210.337,418.607,999,0.330,0.000,99,9999,99999,9,999999999,0.000,0.999,0,0,999,0.000,0
5,30,2019,18,0,,18.910,13.550,70.000,89238.930,0.000,1328.317,329.600,20.340,0.000,0.000,2440.800,0.000,0.000,-0.000,999,0.330,0.000,99,9999,99999,9,999999999,0.000,0.999,0,0,999,0.000,0
5,30,2019,19,0,,18.140,13.520,74.000,89238.930,0.000,1328.317,326.602,0.000,0.000,0.000,0.000,0.000,0.000,-0.000,999,0.330,1.000,99,9999,99999,9,999999999,0.000,0.999,0,0,999,0.000,0
5,30,2019,20,0,,17.360,13.500,77.000,89238.930,0.000,1328.317,322.806,0.000,0.000,0.000,0.000,0.000,0.000,-0.000,999,0.330,1.000,99,9999,99999,9,999999999,0.000,0.999,0,0,999,0.000,0
5,30,2019,21,0,,16.590,13.470,81.000,89238.930,0.000,1328.317,319.601,0.000,0.000,0.000,0.000,0.000,0.000,-0.000,999,0.330,2.000,99,9999,99999,9,999999999,0.000,0.999,0,0,999,0.000,0
5,30,2019,22,0,,15.810,13.450,84.000,89238.930,0.000,1328.317,315.691,0.000,0.000,0.000,0.000,0.000,0.000,-0.000,999,0.330,2.000,99,9999,99999,9,999999999,0.000,0.999,0,0,999,0.000,0
5,30,2019,23,0,,15.040,13.420,88.000,89238.930,0.000,1328.317,312.329,0.000,0.000,0.000,0.000,0.000,0.000,-0.000,999,0.330,3.000,99,9999,99999,9,999999999,0.000,0.999,0,0,999,0.000,0
5,30,2019,24,0,,14.260,11.930,85.000,89238.930,0.000,1328.317,305.348,0.000,0.000,0.000,0.000,0.000,0.000,-0.000,999,0.110,3.000,99,9999,99999,9,999999999,0.000,0.999,0,0,999,0.000,0
5,31,2019,1,0,,13.870,11.850,87.000,89238.930,0.000,1328.317,303.665,0.000,0.000,0.000,0.000,0.000,0.000,-0.000,999,0.110,4.000,99,9999,99999,9,999999999,0.000,0.999,0,0,999,0.000,0
5,31,2019,2,0,,13.480,11.770,89.000,89238.930,0.000,1328.317,301.962,0.000,0.000,0.000,0.000,0.000,0.000,-0.000,999,0.110,4.000,99,9999,99999,9,999999999,0.000,0.999,0,0,999,0.000,0
5,31,2019,3,0,,13.100,11.700,91.000,89238.930,0.000,1328.317,300.311,0.000,0.000,0.000,0.000,0.000,0.000,-0.000,999,0.110,5.000,99,9999,99999,9,999999999,0.000,0.999,0,0,999,0.000,0
5,31,2019,4,0,,12.710,11.620,93.000,89238.930,0.000,1327.891,298.574,0.000,0.000,0.000,0.000,0.000,0.000,-0.000,999,0.110,5.000,99,9999,99999,9,999999999,0.000,0.999,0,0,999,0.000,0
5,31,2019,5,0,,12.320,11.550,95.000,89238.930,0.000,1327.891,296.823,0.000,0.000,0.000,0.000,0.000,0.000,-0.000,999,0.110,6.000,99,9999,99999,9,999999999,0.000,0.999,0,0,999,0.000,0
5,31,2019,6,0,,12.020,11.490,96.000,89238.930,0.000,1327.891,295.230,0.000,0.000,0.000,0.000,0.000,0.000,-0.000,999,0.110,6.000,99,9999,99999,9,999999999,0.000,0.999,0,0,999,0.000,0
5,31,2019,7,0,,11.760,11.440,97.000,89238.930,51.195,1327.891,293.908,0.000,0.000,0.000,0.000,0.000,0.000,0.000,999,0.110,7.000,99,9999,99999,9,999999999,0.000,0.999,0,0,999,0.000,0
5,31,2019,8,0,,11.510,11.390,99.000,89238.930,330.421,1327.891,293.077,81.220,0.000,81.220,9746.400,0.000,8934.200,104.350,999,0.110,7.000,99,9999,99999,9,999999999,0.000,0.999,0,0,999,0.000,0
5,31,2019,9,0,,16.020,12.260,78.000,89238.930,579.589,1327.891,313.844,292.810,237.200,189.407,35137.200,22534.000,20834.759,138.302,999,0.110,3.000,99,9999,99999,9,999999999,0.000,0.999,0,0,999,0.000,0
5,31,2019,10,0,,17.530,12.540,72.000,89238.930,777.621,1327.891,320.939,374.570,147.780,288.078,44948.400,14039.133,31688.528,156.674,999,0.200,6.000,99,9999,99999,9,999999999,0.000,0.999,0,0,999,0.000,0
5,31,2019,11,0,,18.540,12.730,68.000,89238.930,910.720,1327.891,325.558,417.880,107.395,344.249,50145.600,10202.483,37867.380,159.825,999,0.200,7.000,99,9999,99999,9,999999999,0.000,0.999,0,0,999,0.000,0
5,31,2019,12,0,,19.760,12.950,64.000,89238.930,969.747,1327.891,331.573,543.330,256.624,355.968,65199.600,24379.271,39156.476,155.195,999,0.290,5.000,99,9999,99999,9,999999999,0.000,0.999,0,0,999,0.000,0
5,31,2019,13,0,,20.980,13.170,60.000,89238.930,950.663,1327.891,337.455,645.780,536.747,261.619,77493.600,50990.982,28778.135,116.353,999,0.890,2.000,99,9999,99999,9,999999999,0.000,0.999,0,0,999,0.000,0
5,31,2019,14,0,,21.560,13.270,59.000,89238.930,854.778,1327.891,340.943,561.530,524.922,223.772,67383.600,49867.545,24614.942,110.699,999,1.060,4.000,99,9999,99999,9,999999999,0.000,0.999,0,0,999,0.000,0
5,31,2019,15,0,,21.400,13.250,59.000,89238.930,688.667,1327.891,339.753,386.510,320.444,220.454,46381.200,30442.158,24249.989,135.415,999,1.380,7.000,99,9999,99999,9,999999999,0.000,0.999,0,0,999,0.000,0
5,31,2019,16,0,,20.490,13.080,67.000,89238.930,463.789,1327.891,339.153,211.680,188.251,146.067,25401.600,17883.825,16067.419,133.399,999,1.250,8.000,99,9999,99999,9,999999999,0.020,0.999,0,0,999,0.020,99
5,31,2019,17,0,,19.440,12.890,75.000,89238.930,196.288,1327.891,336.787,135.200,370.605,81.089,16224.000,35207.473,8919.836,176.784,999,1.170,8.000,99,9999,99999,9,999999999,1.910,0.999,0,0,999,1.910,99
5,31,2019,18,0,,18.652,12.746,72.000,89238.930,0.000,1327.891,329.043,70.114,0.000,0.000,8413.680,0.000,0.000,-0.000,999,0.684,8.000,99,9999,99999,9,999999999,0.398,0.999,0,0,999,0.398,99
5,31,2019,19,0,,17.776,12.586,74.200,89238.930,0.000,1327.891,324.093,27.778,0.000,0.000,3333.360,0.000,0.000,-0.000,999,0.464,8.000,99,9999,99999,9,999999999,0.394,0.999,0,0,999,0.394,99
5,31,2019,20,0,,16.944,12.432,75.400,89238.930,0.000,1327.891,318.863,0.738,0.000,0.000,88.560,0.000,0.000,-0.000,999,0.252,8.000,99,9999,99999,9,999999999,0.012,0.999,0,0,999,0.012,99
5,31,2019,21,0,,16.110,12.276,78.800,89238.930,0.000,1327.891,314.938,0.000,0.000,0.000,0.000,0.000,0.000,-0.000,999,0.150,8.000,99,9999,99999,9,999999999,0.002,0.999,0,0,999,0.002,99
5,31,2019,22,0,,15.694,12.092,79.800,89238.930,0.000,1327.891,312.569,0.000,0.000,0.000,0.000,0.000,0.000,-0.000,999,0.274,7.600,99,9999,99999,9,999999999,0.002,0.999,0,0,999,0.002,99
5,31,2019,23,0,,15.364,11.940,80.600,89238.930,0.000,1327.891,310.697,0.000,0.000,0.000,0.000,0.000,0.000,-0.000,999,0.364,7.400,99,9999,99999,9,999999999,0.002,0.999,0,0,999,0.002,99
5,31,2018,24,0,,15.116,11.818,81.200,89238.930,0.000,1327.891,309.291,0.000,0.000,0.000,0.000,0.000,0.000,-0.000,999,0.428,7.200,99,9999,99999,9,999999999,0.002,0.999,0,0,999,0.002,99
6,1,2018,1,0,,14.952,11.728,81.600,89238.930,0.000,1327.891,308.364,0.000,0.000,0.000,0.000,0.000,0.000,-0.000,999,0.602,7.000,99,9999,99999,9,999999999,0.002,0.999,0,0,999,0.002,99
6,1,2018,2,0,,14.872,11.672,80.600,89238.930,0.000,1327.891,307.266,0.000,0.000,0.000,0.000,0.000,0.000,-0.000,999,0.820,6.800,99,9999,99999,9,999999999,0.000,0.999,0,0,999,0.000,0
6,1,2018,3,0,,14.458,11.674,82.800,89238.930,0.000,1327.891,305.575,0.000,0.000,0.000,0.000,0.000,0.000,-0.000,999,0.816,7.000,99,9999,99999,9,999999999,0.000,0.999,0,0,999,0.000,0
6,1,2018,4,0,,14.062,11.676,85.000,89238.930,0.000,1327.476,303.980,0.000,0.000,0.000,0.000,0.000,0.000,-0.000,999,0.980,7.200,99,9999,99999,9,999999999,0.000,0.999,0,0,999,0.000,0
6,1,2018,5,0,,13.694,11.678,87.000,89238.930,0.000,1327.476,302.453,0.000,0.000,0.000,0.000,0.000,0.000,-0.000,999,1.114,7.400,99,9999,99999,9,999999999,0.000,0.999,0,0,999,0.000,0
6,1,2018,6,0,,13.310,11.680,89.000,89238.930,0.000,1327.476,300.796,0.000,0.000,0.000,0.000,0.000,0.000,-0.000,999,1.390,8.000,99,9999,99999,9,999999999,0.000,0.999,0,0,999,0.000,0
6,1,2018,7,0,,13.030,11.680,91.000,89238.930,48.947,1327.476,299.832,0.000,0.000,0.000,0.000,0.000,0.000,0.000,999,1.140,8.000,99,9999,99999,9,999999999,0.000,0.999,0,0,999,0.000,0
6,1,2018,8,0,,12.760,11.680,93.000,89238.930,327.656,1327.476,298.916,47.120,0.000,47.120,5654.400,0.000,5183.200,61.035,999,1.070,8.000,99,9999,99999,9,999999999,0.000,0.999,0,0,999,0.000,0
6,1,2018,9,0,,15.360,11.670,78.000,89238.930,576.553,1327.476,309.217,184.100,25.152,173.189,22092.000,2389.479,19050.837,127.088,999,1.950,8.000,99,9999,99999,9,999999999,0.000,0.999,0,0,999,0.000,0
6,1,2018,10,0,,16.810,11.670,71.000,89238.930,774.442,1327.476,315.190,309.630,70.029,268.799,37155.600,6652.760,29567.850,146.744,999,2.000,7.000,99,9999,99999,9,999999999,0.000,0.999,0,0,999,0.000,0
6,1,2018,11,0,,18.070,11.670,66.000,89238.930,907.530,1327.476,320.807,404.240,102.082,334.475,48508.800,9697.775,36792.252,155.785,999,2.140,7.000,99,9999,99999,9,999999999,0.000,0.999,0,0,999,0.000,0
6,1,2018,12,0,,19.080,11.670,62.000,89238.930,966.677,1327.476,325.155,459.500,125.574,368.080,55140.000,11929.516,40488.800,160.935,999,2.020,7.000,99,9999,99999,9,999999999,0.000,0.999,0,0,999,0.000,0
6,1,2018,13,0,,19.790,11.670,59.000,89238.930,947.838,1327.476,327.959,471.110,152.335,362.371,56533.200,14471.829,39860.829,161.592,999,4.090,7.000,99,9999,99999,9,999999999,0.000,0.999,0,0,999,0.000,0
6,1,2018,14,0,,20.190,11.670,57.000,89238.930,852.304,1327.476,329.234,438.180,188.944,316.920,52581.600,17949.681,34861.146,157.186,999,3.850,7.000,99,9999,99999,9,999999999,0.000,0.999,0,0,999,0.000,0
6,1,2018,15,0,,20.280,11.670,57.000,89238.930,686.627,1327.476,329.886,363.240,289.358,213.692,43588.800,27488.987,23506.098,131.611,999,3.080,7.000,99,9999,99999,9,999999999,0.000,0.999,0,0,999,0.000,0
6,1,2018,16,0,,19.940,11.670,58.000,89238.930,462.235,1327.476,328.242,252.400,321.600,140.652,30288.000,30552.007,15471.744,128.847,999,1.450,7.000,99,9999,99999,9,999999999,0.000,0.999,0,0,999,0.000,0
6,1,2018,17,0,,19.140,11.670,61.000,89238.930,195.248,1327.476,324.831,117.270,401.469,58.953,14072.400,38139.563,6484.777,129.183,999,1.260,8.000,99,9999,99999,9,999999999,0.000,0.999,0,0,999,0.000,0
6,1,2018,18,0,,18.660,11.670,63.000,89238.930,0.000,1327.476,322.883,3.240,0.000,0.000,388.800,0.000,0.000,-0.000,999,0.450,8.000,99,9999,99999,9,999999999,0.000,0.999,0,0,999,0.000,0
6,1,2018,19,0,,18.180,11.670,65.000,89238.930,0.000,1327.476,320.892,0.000,0.000,0.000,0.000,0.000,0.000,-0.000,999,0.300,8.000,99,9999,99999,9,999999999,0.000,0.999,0,0,999,0.000,0
6,1,2018,20,0,,17.700,11.670,67.000,89238.930,0.000,1327.476,318.862,0.000,0.000,0.000,0.000,0.000,0.000,-0.000,999,0.300,8.000,99,9999,99999,9,999999999,0.000,0.999,0,0,999,0.000,0
6,1,2018,21,0,,17.220,11.670,69.000,89238.930,0.000,1327.476,316.795,0.000,0.000,0.000,0.000,0.000,0.000,-0.000,999,0.300,8.000,99,9999,99999,9,999999999,0.000,0.999,0,0,999,0.000,0
6,1,2018,22,0,,16.740,11.670,71.000,89238.930,0.000,1327.476,314.696,0.000,0.000,0.000,0.000,0.000,0.000,-0.000,999,0.360,8.000,99,9999,99999,9,999999999,0.000,0.999,0,0,999,0.000,0
6,1,2018,23,0,,16.260,11.670,74.000,89238.930,0.000,1327.476,313.175,0.000,0.000,0.000,0.000,0.000,0.000,-0.000,999,0.450,8.000,99,9999,99999,9,999999999,0.000,0.999,0,0,999,0.000,0
6,1,2018,24,0,,15.780,12.710,86.000,89238.930,0.000,1327.476,316.540,0.000,0.000,0.000,0.000,0.000,0.000,-0.000,999,0.130,8.000,99,9999,99999,9,999999999,0.040,0.999,0,0,999,0.040,99
6,2,2018,1,0,,15.540,12.760,88.000,89238.930,0.000,1327.476,315.870,0.000,0.000,0.000,0.000,0.000,0.000,-0.000,999,0.140,8.000,99,9999,99999,9,999999999,0.940,0.999,0,0,999,0.940,99
6,2,2018,2,0,,15.300,12.820,90.000,89238.930,0.000,1327.476,315.177,0.000,0.000,0.000,0.000,0.000,0.000,-0.000,999,0.120,8.000,99,9999,99999,9,999999999,0.010,0.999,0,0,999,0.010,99
6,2,2018,3,0,,15.060,12.870,86.000,89238.930,0.000,1327.476,311.445,0.000,0.000,0.000,0.000,0.000,0.000,-0.000,999,0.120,8.000,99,9999,99999,9,999999999,0.000,0.999,0,0,999,0.000,0
6,2,2018,4,0,,14.820,12.930,88.000,89238.930,0.000,1327.072,310.780,0.000,0.000,0.000,0.000,0.000,0.000,-0.000,999,0.120,8.000,99,9999,99999,9,999999999,0.000,0.999,0,0,999,0.000,0
6,2,2018,5,0,,14.580,12.980,90.000,89238.930,0.000,1327.072,310.092,0.000,0.000,0.000,0.000,0.000,0.000,-0.000,999,0.120,8.000,99,9999,99999,9,999999999,0.000,0.999,0,0,999,0.000,0
6,2,2018,6,0,,14.390,13.030,91.000,89238.930,0.000,1327.072,309.248,0.000,0.000,0.000,0.000,0.000,0.000,-0.000,999,0.120,8.000,99,9999,99999,9,999999999,0.000,0.999,0,0,999,0.000,0
6,2,2018,7,0,,14.240,13.060,92.000,89238.930,47.083,1327.072,308.680,0.000,0.000,0.000,0.000,0.000,0.000,0.000,999,0.120,8.000,99,9999,99999,9,999999999,0.000,0.999,0,0,999,0.000,0
6,2,2018,8,0,,14.080,13.100,93.000,89238.930,325.374,1327.072,308.037,54.360,0.000,54.360,6523.200,0.000,5979.600,70.890,999,0.120,8.000,99,9999,99999,9,999999999,0.000,0.999,0,0,999,0.000,0
6,2,2018,9,0,,16.680,12.500,76.000,89238.930,574.067,1327.072,317.344,241.720,118.656,190.457,29006.400,11272.274,20950.250,140.323,999,0.120,6.000,99,9999,99999,9,999999999,0.000,0.999,0,0,999,0.000,0
6,2,2018,10,0,,18.230,12.130,67.000,89238.930,771.861,1327.072,322.642,410.530,254.710,262.469,49263.600,24197.413,28871.578,143.725,999,0.170,4.000,99,9999,99999,9,999999999,0.000,0.999,0,0,999,0.000,0
6,2,2018,11,0,,19.430,11.840,61.000,89238.930,904.966,1327.072,326.919,510.110,281.975,317.888,61213.200,26787.653,34967.717,148.434,999,0.570,4.000,99,9999,99999,9,999999999,0.000,0.999,0,0,999,0.000,0
6,2,2018,12,0,,20.470,11.580,56.000,89238.930,964.242,1327.072,330.429,598.250,400.058,307.647,71790.000,38005.499,33841.158,134.811,999,0.590,4.000,99,9999,99999,9,999999999,0.000,0.999,0,0,999,0.000,0
6,2,2018,13,0,,21.200,11.400,53.000,89238.930,945.631,1327.072,333.128,612.680,471.140,277.055,73521.600,44758.306,30476.091,123.798,999,1.260,4.000,99,9999,99999,9,999999999,0.000,0.999,0,0,999,0.000,0
6,2,2018,14,0,,21.690,11.270,51.000,89238.930,850.412,1327.072,334.868,597.190,637.639,188.751,71662.800,60575.743,20762.603,93.797,999,1.890,3.000,99,9999,99999,9,999999999,0.000,0.999,0,0,999,0.000,0
6,2,2018,15,0,,21.870,11.230,50.000,89238.930,685.114,1327.072,335.236,513.750,652.485,177.170,61650.000,61986.031,19488.673,109.325,999,1.890,2.000,99,9999,99999,9,999999999,0.000,0.999,0,0,999,0.000,0
6,2,2018,16,0,,21.710,11.270,51.000,89238.930,461.139,1327.072,335.014,394.390,625.855,177.373,47326.800,59456.221,19511.043,162.824,999,1.430,0.000,99,9999,99999,9,999999999,0.000,0.999,0,0,999,0.000,0
6,2,2018,17,0,,20.940,11.460,54.000,89238.930,194.582,1327.072,332.123,180.780,449.633,115.674,21693.600,42715.168,12724.147,254.287,999,1.130,5.000,99,9999,99999,9,999999999,0.000,0.999,0,0,999,0.000,0
6,2,2018,18,0,,20.080,11.680,58.000,89238.930,0.000,1327.072,329.255,10.670,0.000,0.000,1280.400,0.000,0.000,-0.000,999,0.650,5.000,99,9999,99999,9,999999999,0.000,0.999,0,0,999,0.000,0
6,2,2018,19,0,,19.230,11.880,62.000,89238.930,0.000,1327.072,326.235,0.000,0.000,0.000,0.000,0.000,0.000,-0.000,999,0.510,5.000,99,9999,99999,9,999999999,0.000,0.999,0,0,999,0.000,0
6,2,2018,20,0,,18.370,12.090,66.000,89238.930,0.000,1327.072,322.952,0.000,0.000,0.000,0.000,0.000,0.000,-0.000,999,0.140,6.000,99,9999,99999,9,999999999,0.000,0.999,0,0,999,0.000,0
6,2,2018,21,0,,17.520,12.300,71.000,89238.930,0.000,1327.072,320.227,0.000,0.000,0.000,0.000,0.000,0.000,-0.000,999,0.120,6.000,99,9999,99999,9,999999999,0.000,0.999,0,0,999,0.000,0
6,2,2018,22,0,,16.660,12.500,76.000,89238.930,0.000,1327.072,317.202,0.000,0.000,0.000,0.000,0.000,0.000,-0.000,999,0.120,6.000,99,9999,99999,9,999999999,0.000,0.999,0,0,999,0.000,0
6,2,2018,23,0,,15.800,12.700,86.000,89238.930,0.000,1327.072,316.682,0.000,0.000,0.000,0.000,0.000,0.000,-0.000,999,0.120,6.000,99,9999,99999,9,999999999,0.010,0.999,0,0,999,0.010,99
6,2,2018,24,0,,14.950,11.720,79.000,89238.930,0.000,1327.072,306.927,0.000,0.000,0.000,0.000,0.000,0.000,-0.000,999,0.170,6.000,99,9999,99999,9,999999999,0.000,0.999,0,0,999,0.000,0
6,3,2018,1,0,,14.520,11.610,81.000,89238.930,0.000,1327.072,305.045,0.000,0.000,0.000,0.000,0.000,0.000,-0.000,999,0.170,7.000,99,9999,99999,9,999999999,0.000,0.999,0,0,999,0.000,0
6,3,2018,2,0,,14.090,11.490,82.000,89238.930,0.000,1327.072,302.616,0.000,0.000,0.000,0.000,0.000,0.000,-0.000,999,0.170,7.000,99,9999,99999,9,999999999,0.000,0.999,0,0,999,0.000,0
6,3,2018,3,0,,13.660,11.370,84.000,89238.930,0.000,1327.072,300.708,0.000,0.000,0.000,0.000,0.000,0.000,-0.000,999,0.170,7.000,99,9999,99999,9,999999999,0.000,0.999,0,0,999,0.000,0
6,3,2018,4,0,,13.230,11.260,85.000,89238.930,0.000,1326.679,298.282,0.000,0.000,0.000,0.000,0.000,0.000,-0.000,999,0.170,7.000,99,9999,99999,9,999999999,0.000,0.999,0,0,999,0.000,0
6,3,2018,5,0,,12.810,11.140,87.000,89238.930,0.000,1326.679,296.420,0.000,0.000,0.000,0.000,0.000,0.000,-0.000,999,0.170,7.000,99,9999,99999,9,999999999,0.000,0.999,0,0,999,0.000,0
6,3,2018,6,0,,12.470,11.050,93.000,89238.930,0.000,1326.679,296.940,0.000,0.000,0.000,0.000,0.000,0.000,-0.000,999,0.170,8.000,99,9999,99999,9,999999999,0.010,0.999,0,0,999,0.010,99
6,3,2018,7,0,,12.190,10.970,90.000,89238.930,45.253,1326.679,293.663,0.000,0.000,0.000,0.000,0.000,0.000,0.000,999,0.170,8.000,99,9999,99999,9,999999999,0.000,0.999,0,0,999,0.000,0
6,3,2018,8,0,,11.910,10.890,91.000,89238.930,323.138,1326.679,292.244,40.270,0.000,40.270,4832.400,0.000,4429.700,52.867,999,0.170,8.000,99,9999,99999,9,999999999,0.000,0.999,0,0,999,0.000,0
6,3,2018,9,0,,14.530,11.610,81.000,89238.930,571.644,1326.679,305.114,161.660,12.332,156.353,19399.200,1171.525,17198.853,115.652,999,0.170,8.000,99,9999,99999,9,999999999,0.000,0.999,0,0,999,0.000,0
6,3,2018,10,0,,16.020,12.000,76.000,89238.930,769.359,1326.679,312.681,273.290,60.587,238.175,32794.800,5755.792,26199.242,130.808,999,0.170,8.000,99,9999,99999,9,999999999,0.000,0.999,0,0,999,0.000,0
6,3,2018,11,0,,17.310,12.330,71.000,89238.930,902.496,1326.679,318.731,357.540,63.634,314.267,42904.800,6045.242,34569.323,147.101,999,0.390,8.000,99,9999,99999,9,999999999,0.000,0.999,0,0,999,0.000,0
6,3,2018,12,0,,18.340,12.600,68.000,89238.930,961.910,1326.679,324.117,406.860,78.728,349.794,48823.200,7479.128,38477.292,153.606,999,1.140,7.000,99,9999,99999,9,999999999,0.000,0.999,0,0,999,0.000,0
6,3,2018,13,0,,19.070,12.780,66.000,89238.930,943.536,1326.679,328.000,417.400,95.964,349.170,50088.000,9116.591,38408.676,156.322,999,1.350,7.000,99,9999,99999,9,999999999,0.000,0.999,0,0,999,0.000,0
6,3,2018,14,0,,19.480,12.880,65.000,89238.930,848.634,1326.679,330.263,388.340,120.129,311.530,46600.800,11412.271,34268.273,155.088,999,1.220,8.000,99,9999,99999,9,999999999,0.000,0.999,0,0,999,0.000,0
6,3,2018,15,0,,19.580,12.900,65.000,89238.930,683.713,1326.679,330.992,321.920,155.782,241.702,38630.400,14799.296,26587.177,149.408,999,1.760,8.000,99,9999,99999,9,999999999,0.000,0.999,0,0,999,0.000,0
6,3,2018,16,0,,19.230,12.820,70.000,89238.930,460.150,1326.679,331.940,223.570,246.054,138.409,26828.400,23375.137,15224.960,127.292,999,1.430,8.000,99,9999,99999,9,999999999,0.040,0.999,0,0,999,0.040,99
6,3,2018,17,0,,18.410,12.610,68.000,89238.930,194.012,1326.679,324.621,103.640,365.028,50.927,12436.800,34677.614,5602.023,112.257,999,0.770,8.000,99,9999,99999,9,999999999,0.000,0.999,0,0,999,0.000,0
6,3,2018,18,0,,17.820,12.460,70.000,89238.930,0.000,1326.679,321.721,2.780,0.000,0.000,333.600,0.000,0.000,-0.000,999,0.410,8.000,99,9999,99999,9,999999999,0.000,0.999,0,0,999,0.000,0
6,3,2018,19,0,,17.230,12.310,72.000,89238.930,0.000,1326.679,318.798,0.000,0.000,0.000,0.000,0.000,0.000,-0.000,999,0.250,8.000,99,9999,99999,9,999999999,0.000,0.999,0,0,999,0.000,0
6,3,2018,20,0,,16.640,12.160,74.000,89238.930,0.000,1326.679,315.854,0.000,0.000,0.000,0.000,0.000,0.000,-0.000,999,0.200,8.000,99,9999,99999,9,999999999,0.000,0.999,0,0,999,0.000,0
6,3,2018,21,0,,16.050,12.010,80.000,89238.930,0.000,1326.679,315.193,0.000,0.000,0.000,0.000,0.000,0.000,-0.000,999,0.170,8.000,99,9999,99999,9,999999999,0.940,0.999,0,0,999,0.940,99
6,3,2018,22,0,,15.460,11.850,82.000,89238.930,0.000,1326.679,312.137,0.000,0.000,0.000,0.000,0.000,0.000,-0.000,999,0.170,8.000,99,9999,99999,9,999999999,0.010,0.999,0,0,999,0.010,99
6,3,2018,23,0,,14.870,11.700,79.000,89238.930,0.000,1326.679,306.373,0.000,0.000,0.000,0.000,0.000,0.000,-0.000,999,0.170,8.000,99,9999,99999,9,999999999,0.000,0.999,0,0,999,0.000,0
6,3,2018,24,0,,14.280,11.180,81.000,89238.930,0.000,1326.679,303.391,0.000,0.000,0.000,0.000,0.000,0.000,-0.000,999,0.120,8.000,99,9999,99999,9,999999999,0.000,0.999,0,0,999,0.000,0
6,4,2018,1,0,,13.990,11.110,82.000,89238.930,0.000,1326.679,301.930,0.000,0.000,0.000,0.000,0.000,0.000,-0.000,999,0.120,8.000,99,9999,99999,9,999999999,0.000,0.999,0,0,999,0.000,0
6,4,2018,2,0,,13.690,11.030,83.000,89238.930,0.000,1326.679,300.398,0.000,0.000,0.000,0.000,0.000,0.000,-0.000,999,0.120,8.000,99,9999,99999,9,999999999,0.000,0.999,0,0,999,0.000,0
6,4,2018,3,0,,13.400,10.950,85.000,89238.930,0.000,1326.679,299.439,0.000,0.000,0.000,0.000,0.000,0.000,-0.000,999,0.120,8.000,99,9999,99999,9,999999999,0.000,0.999,0,0,999,0.000,0
6,4,2018,4,0,,13.100,10.870,86.000,89238.930,0.000,1326.298,297.896,0.000,0.000,0.000,0.000,0.000,0.000,-0.000,999,0.120,8.000,99,9999,99999,9,999999999,0.000,0.999,0,0,999,0.000,0
6,4,2018,5,0,,12.810,10.790,87.000,89238.930,0.000,1326.298,296.420,0.000,0.000,0.000,0.000,0.000,0.000,-0.000,999,0.120,8.000,99,9999,99999,9,999999999,0.000,0.999,0,0,999,0.000,0
6,4,2018,6,0,,12.580,10.730,88.000,89238.930,0.000,1326.298,295.347,0.000,0.000,0.000,0.000,0.000,0.000,-0.000,999,0.120,8.000,99,9999,99999,9,999999999,0.000,0.999,0,0,999,0.000,0
6,4,2018,7,0,,12.390,10.680,89.000,89238.930,43.456,1326.298,294.541,0.000,0.000,0.000,0.000,0.000,0.000,0.000,999,0.120,8.000,99,9999,99999,9,999999999,0.000,0.999,0,0,999,0.000,0
6,4,2018,8,0,,12.190,10.630,90.000,89238.930,320.951,1326.298,293.663,50.700,0.000,50.700,6084.000,0.000,5577.000,66.998,999,0.120,8.000,99,9999,99999,9,999999999,0.000,0.999,0,0,999,0.000,0
6,4,2018,9,0,,14.960,11.360,79.000,89238.930,569.286,1326.298,306.997,206.260,64.786,178.488,24751.200,6154.663,19633.666,132.535,999,0.150,7.000,99,9999,99999,9,999999999,0.000,0.999,0,0,999,0.000,0
6,4,2018,10,0,,16.550,11.760,73.000,89238.930,766.939,1326.298,314.606,349.610,120.088,280.209,41953.200,11408.324,30823.014,154.336,999,0.360,6.000,99,9999,99999,9,999999999,0.000,0.999,0,0,999,0.000,0
6,4,2018,11,0,,17.920,12.100,68.000,89238.930,900.120,1326.298,321.106,457.860,162.437,347.656,54943.200,15431.545,38242.199,163.114,999,0.980,6.000,99,9999,99999,9,999999999,0.000,0.999,0,0,999,0.000,0
6,4,2018,12,0,,19.020,12.370,65.000,89238.930,959.684,1326.298,326.923,521.310,212.618,367.505,62557.200,20198.677,40425.558,161.712,999,0.750,5.000,99,9999,99999,9,999999999,0.000,0.999,0,0,999,0.000,0
6,4,2018,13,0,,19.810,12.560,62.000,89238.930,941.553,1326.298,330.437,534.980,296.337,324.668,64197.600,28151.993,35713.508,145.617,999,1.370,5.000,99,9999,99999,9,999999999,0.000,0.999,0,0,999,0.000,0
6,4,2018,14,0,,20.250,12.670,61.000,89238.930,846.971,1326.298,332.878,497.820,361.400,267.129,59738.400,34333.041,29384.162,133.207,999,1.670,6.000,99,9999,99999,9,999999999,0.000,0.999,0,0,999,0.000,0
6,4,2018,15,0,,20.350,12.690,61.000,89238.930,682.425,1326.298,333.610,412.700,462.819,174.758,49524.000,43967.795,19223.332,108.200,999,1.480,6.000,99,9999,99999,9,999999999,0.000,0.999,0,0,999,0.000,0
6,4,2018,16,0,,19.980,12.600,62.000,89238.930,459.267,1326.298,331.676,286.560,472.281,123.368,34387.200,44866.702,13570.473,113.646,999,1.370,6.000,99,9999,99999,9,999999999,0.000,0.999,0,0,999,0.000,0
6,4,2018,17,0,,19.110,12.390,65.000,89238.930,193.537,1326.298,327.575,132.740,394.806,75.853,15928.800,37506.602,8343.883,167.572,999,0.890,8.000,99,9999,99999,9,999999999,0.000,0.999,0,0,999,0.000,0
6,4,2018,18,0,,18.350,12.210,67.000,89238.930,0.000,1326.298,323.503,3.520,0.000,0.000,422.400,0.000,0.000,-0.000,999,0.520,8.000,99,9999,99999,9,999999999,0.000,0.999,0,0,999,0.000,0
6,4,2018,19,0,,17.580,12.020,69.000,89238.930,0.000,1326.298,319.349,0.000,0.000,0.000,0.000,0.000,0.000,-0.000,999,0.140,8.000,99,9999,99999,9,999999999,0.000,0.999,0,0,999,0.000,0
6,4,2018,20,0,,16.810,11.830,72.000,89238.930,0.000,1326.298,315.820,0.000,0.000,0.000,0.000,0.000,0.000,-0.000,999,0.160,8.000,99,9999,99999,9,999999999,0.000,0.999,0,0,999,0.000,0
6,4,2018,21,0,,16.040,11.630,75.000,89238.930,0.000,1326.298,312.231,0.000,0.000,0.000,0.000,0.000,0.000,-0.000,999,0.120,8.000,99,9999,99999,9,999999999,0.000,0.999,0,0,999,0.000,0
6,4,2018,22,0,,15.280,11.440,77.000,89238.930,0.000,1326.298,308.091,0.000,0.000,0.000,0.000,0.000,0.000,-0.000,999,0.120,8.000,99,9999,99999,9,999999999,0.000,0.999,0,0,999,0.000,0
6,4,2018,23,0,,14.510,11.240,80.000,89238.930,0.000,1326.298,304.435,0.000,0.000,0.000,0.000,0.000,0.000,-0.000,999,0.120,8.000,99,9999,99999,9,999999999,0.000,0.999,0,0,999,0.000,0
6,4,2018,24,0,,13.740,10.800,82.000,89238.930,0.000,1326.298,300.220,0.000,0.000,0.000,0.000,0.000,0.000,-0.000,999,0.080,8.000,99,9999,99999,9,999999999,0.000,0.999,0,0,999,0.000,0
6,5,2018,1,0,,13.360,10.680,83.000,89238.930,0.000,1326.298,298.151,0.000,0.000,0.000,0.000,0.000,0.000,-0.000,999,0.080,8.000,99,9999,99999,9,999999999,0.000,0.999,0,0,999,0.000,0
6,5,2018,2,0,,12.970,10.540,85.000,89238.930,0.000,1326.298,296.518,0.000,0.000,0.000,0.000,0.000,0.000,-0.000,999,0.080,8.000,99,9999,99999,9,999999999,0.000,0.999,0,0,999,0.000,0
6,5,2018,3,0,,12.590,10.410,86.000,89238.930,0.000,1326.298,294.446,0.000,0.000,0.000,0.000,0.000,0.000,-0.000,999,0.080,8.000,99,9999,99999,9,999999999,0.000,0.999,0,0,999,0.000,0
6,5,2018,4,0,,12.210,10.280,87.000,89238.930,0.000,1325.928,292.378,0.000,0.000,0.000,0.000,0.000,0.000,-0.000,999,0.080,8.000,99,9999,99999,9,999999999,0.000,0.999,0,0,999,0.000,0
6,5,2018,5,0,,11.820,10.140,89.000,89238.930,0.000,1325.928,290.716,0.000,0.000,0.000,0.000,0.000,0.000,-0.000,999,0.080,8.000,99,9999,99999,9,999999999,0.000,0.999,0,0,999,0.000,0
6,5,2018,6,0,,11.530,10.040,90.000,89238.930,0.000,1325.928,289.247,0.000,0.000,0.000,0.000,0.000,0.000,-0.000,999,0.080,8.000,99,9999,99999,9,999999999,0.000,0.999,0,0,999,0.000,0
6,5,2018,7,0,,11.270,9.950,91.000,89238.930,41.695,1325.928,287.975,0.000,0.000,0.000,0.000,0.000,0.000,0.000,999,0.080,8.000,99,9999,99999,9,999999999,0.000,0.999,0,0,999,0.000,0
6,5,2018,8,0,,11.020,9.860,92.000,89238.930,318.813,1325.928,286.768,41.040,0.000,41.040,4924.800,0.000,4514.400,54.584,999,0.080,8.000,99,9999,99999,9,999999999,0.000,0.999,0,0,999,0.000,0
6,5,2018,9,0,,12.550,10.400,86.000,89238.930,566.996,1325.928,294.177,76.360,0.000,76.360,9163.200,0.000,8399.600,56.914,999,0.080,8.000,99,9999,99999,9,999999999,0.000,0.999,0,0,999,0.000,0
6,5,2018,10,0,,14.550,11.080,79.000,89238.930,764.601,1325.928,304.164,287.640,38.062,265.704,34516.800,3615.897,29227.472,146.754,999,0.150,7.000,99,9999,99999,9,999999999,0.000,0.999,0,0,999,0.000,0
6,5,2018,11,0,,16.130,11.590,74.000,89238.930,897.841,1325.928,312.263,377.090,81.012,322.252,45250.800,7696.146,35447.761,151.537,999,0.440,7.000,99,9999,99999,9,999999999,0.000,0.999,0,0,999,0.000,0
6,5,2018,12,0,,17.360,11.990,70.000,89238.930,957.564,1325.928,318.441,429.580,100.162,357.264,51549.600,9515.407,39299.036,157.510,999,0.730,7.000,99,9999,99999,9,999999999,0.000,0.999,0,0,999,0.000,0
6,5,2018,13,0,,18.220,12.260,68.000,89238.930,939.682,1325.928,323.254,440.990,121.944,354.594,52918.800,11584.652,39005.330,159.311,999,1.180,7.000,99,9999,99999,9,999999999,0.000,0.999,0,0,999,0.000,0
6,5,2018,14,0,,18.730,12.410,66.000,89238.930,845.423,1325.928,325.541,410.430,152.019,313.543,49251.600,14441.828,34489.703,156.595,999,1.810,7.000,99,9999,99999,9,999999999,0.000,0.999,0,0,999,0.000,0
6,5,2018,15,0,,18.880,12.460,66.000,89238.930,681.250,1325.928,326.624,340.270,195.323,239.997,40832.400,18555.652,26399.659,148.807,999,1.540,7.000,99,9999,99999,9,999999999,0.000,0.999,0,0,999,0.000,0
6,5,2018,16,0,,18.600,12.370,67.000,89238.930,458.489,1325.928,325.302,245.060,341.692,127.159,29407.200,32460.777,13987.534,117.305,999,1.520,7.000,99,9999,99999,9,999999999,0.000,0.999,0,0,999,0.000,0
6,5,2018,17,0,,17.730,12.100,69.000,89238.930,193.156,1325.928,320.418,98.610,367.784,45.709,11833.200,34939.472,5027.962,101.152,999,1.210,8.000,99,9999,99999,9,999999999,0.000,0.999,0,0,999,0.000,0
6,5,2018,18,0,,17.190,11.930,71.000,89238.930,0.000,1325.928,317.878,7.980,0.000,0.000,957.600,0.000,0.000,-0.000,999,1.340,8.000,99,9999,99999,9,999999999,0.000,0.999,0,0,999,0.000,0
6,5,2018,19,0,,16.640,11.760,72.000,89238.930,0.000,1325.928,314.620,0.000,0.000,0.000,0.000,0.000,0.000,-0.000,999,0.320,8.000,99,9999,99999,9,999999999,0.000,0.999,0,0,999,0.000,0
6,5,2018,20,0,,16.090,11.580,74.000,89238.930,0.000,1325.928,311.983,0.000,0.000,0.000,0.000,0.000,0.000,-0.000,999,0.080,8.000,99,9999,99999,9,999999999,0.000,0.999,0,0,999,0.000,0
6,5,2018,21,0,,15.550,11.410,76.000,89238.930,0.000,1325.928,309.393,0.000,0.000,0.000,0.000,0.000,0.000,-0.000,999,0.080,7.000,99,9999,99999,9,999999999,0.000,0.999,0,0,999,0.000,0
6,5,2018,22,0,,15.000,11.230,78.000,89238.930,0.000,1325.928,306.716,0.000,0.000,0.000,0.000,0.000,0.000,-0.000,999,0.080,7.000,99,9999,99999,9,999999999,0.000,0.999,0,0,999,0.000,0
6,5,2018,23,0,,14.450,11.040,79.000,89238.930,0.000,1325.928,303.476,0.000,0.000,0.000,0.000,0.000,0.000,-0.000,999,0.080,7.000,99,9999,99999,9,999999999,0.000,0.999,0,0,999,0.000,0
6,5,2018,24,0,,13.910,10.940,82.000,89238.930,0.000,1325.928,301.382,0.000,0.000,0.000,0.000,0.000,0.000,-0.000,999,0.130,7.000,99,9999,99999,9,999999999,0.000,0.999,0,0,999,0.000,0
6,6,2018,1,0,,13.640,10.960,83.000,89238.930,0.000,1325.928,300.057,0.000,0.000,0.000,0.000,0.000,0.000,-0.000,999,0.130,7.000,99,9999,99999,9,999999999,0.000,0.999,0,0,999,0.000,0
6,6,2018,2,0,,13.360,10.970,85.000,89238.930,0.000,1325.928,299.167,0.000,0.000,0.000,0.000,0.000,0.000,-0.000,999,0.130,7.000,99,9999,99999,9,999999999,0.000,0.999,0,0,999,0.000,0
6,6,2018,3,0,,13.090,10.980,87.000,89238.930,0.000,1325.928,298.321,0.000,0.000,0.000,0.000,0.000,0.000,-0.000,999,0.130,7.000,99,9999,99999,9,999999999,0.000,0.999,0,0,999,0.000,0
6,6,2018,4,0,,12.820,10.990,88.000,89238.930,0.000,1325.569,296.972,0.000,0.000,0.000,0.000,0.000,0.000,-0.000,999,0.130,7.000,99,9999,99999,9,999999999,0.000,0.999,0,0,999,0.000,0
6,6,2018,5,0,,12.540,11.000,90.000,89238.930,0.000,1325.569,296.026,0.000,0.000,0.000,0.000,0.000,0.000,-0.000,999,0.130,6.000,99,9999,99999,9,999999999,0.000,0.999,0,0,999,0.000,0
6,6,2018,6,0,,12.330,11.010,91.000,89238.930,0.000,1325.569,295.072,0.000,0.000,0.000,0.000,0.000,0.000,-0.000,999,0.130,6.000,99,9999,99999,9,999999999,0.000,0.999,0,0,999,0.000,0
6,6,2018,7,0,,12.150,11.020,92.000,89238.930,39.972,1325.569,294.317,0.000,0.000,0.000,0.000,0.000,0.000,0.000,999,0.130,6.000,99,9999,99999,9,999999999,0.000,0.999,0,0,999,0.000,0
6,6,2018,8,0,,11.970,11.030,93.000,89238.930,316.728,1325.569,293.557,83.170,6.920,81.524,9980.400,657.394,8967.680,109.120,999,0.130,6.000,99,9999,99999,9,999999999,0.000,0.999,0,0,999,0.000,0
6,6,2018,9,0,,15.290,10.880,74.000,89238.930,564.774,1325.569,306.416,301.890,306.430,171.504,36226.800,29110.881,18865.387,128.299,999,0.130,0.000,99,9999,99999,9,999999999,0.000,0.999,0,0,999,0.000,0
6,6,2018,10,0,,16.760,10.820,67.000,89238.930,762.348,1325.569,312.240,448.090,372.521,233.977,53770.800,35389.496,25737.431,129.578,999,0.420,2.000,99,9999,99999,9,999999999,0.000,0.999,0,0,999,0.000,0
6,6,2018,11,0,,18.010,10.760,62.000,89238.930,895.660,1325.569,317.531,566.160,456.192,258.028,67939.200,43338.229,28383.124,121.599,999,0.620,2.000,99,9999,99999,9,999999999,0.000,0.999,0,0,999,0.000,0
6,6,2018,12,0,,18.910,10.720,58.000,89238.930,955.552,1325.569,320.863,610.720,454.356,283.281,73286.400,43163.811,31160.935,125.122,999,0.840,3.000,99,9999,99999,9,999999999,0.000,0.999,0,0,999,0.000,0
6,6,2018,13,0,,19.330,10.700,57.000,89238.930,937.926,1325.569,323.053,547.530,316.361,323.749,65703.600,30054.339,35612.438,145.687,999,1.290,5.000,99,9999,99999,9,999999999,0.000,0.999,0,0,999,0.000,0
6,6,2018,14,0,,19.450,10.700,56.000,89238.930,843.990,1325.569,323.092,477.410,325.292,270.386,57289.200,30902.761,29742.409,135.234,999,2.020,6.000,99,9999,99999,9,999999999,0.000,0.999,0,0,999,0.000,0
6,6,2018,15,0,,19.210,10.710,57.000,89238.930,680.187,1325.569,322.197,365.720,278.285,223.041,43886.400,26437.067,24534.528,138.473,999,1.890,7.000,99,9999,99999,9,999999999,0.000,0.999,0,0,999,0.000,0
6,6,2018,16,0,,18.870,10.720,59.000,89238.930,457.817,1325.569,321.363,322.780,561.600,129.234,38733.600,53351.960,14215.698,119.362,999,1.040,5.000,99,9999,99999,9,999999999,0.000,0.999,0,0,999,0.000,0
6,6,2018,17,0,,18.070,10.760,62.000,89238.930,192.869,1325.569,317.955,139.350,362.842,87.225,16722.000,34470.000,9594.711,193.267,999,0.710,7.000,99,9999,99999,9,999999999,0.000,0.999,0,0,999,0.000,0
6,6,2018,18,0,,17.570,10.780,64.000,89238.930,0.000,1325.569,315.866,3.840,0.000,0.000,460.800,0.000,0.000,-0.000,999,0.400,7.000,99,9999,99999,9,999999999,0.000,0.999,0,0,999,0.000,0
6,6,2018,19,0,,17.070,10.800,66.000,89238.930,0.000,1325.569,313.737,0.000,0.000,0.000,0.000,0.000,0.000,-0.000,999,0.260,7.000,99,9999,99999,9,999999999,0.000,0.999,0,0,999,0.000,0
6,6,2018,20,0,,16.570,10.830,68.000,89238.930,0.000,1325.569,311.573,0.000,0.000,0.000,0.000,0.000,0.000,-0.000,999,0.160,7.000,99,9999,99999,9,999999999,0.000,0.999,0,0,999,0.000,0
6,6,2018,21,0,,16.070,10.850,71.000,89238.930,0.000,1325.569,310.004,0.000,0.000,0.000,0.000,0.000,0.000,-0.000,999,0.130,7.000,99,9999,99999,9,999999999,0.000,0.999,0,0,999,0.000,0
6,6,2018,22,0,,15.570,10.870,73.000,89238.930,0.000,1325.569,307.757,0.000,0.000,0.000,0.000,0.000,0.000,-0.000,999,0.130,7.000,99,9999,99999,9,999999999,0.000,0.999,0,0,999,0.000,0
6,6,2018,23,0,,15.070,10.890,76.000,89238.930,0.000,1325.569,306.063,0.000,0.000,0.000,0.000,0.000,0.000,-0.000,999,0.130,7.000,99,9999,99999,9,999999999,0.000,0.999,0,0,999,0.000,0
6,6,2018,24,0,,14.570,11.400,81.000,89238.930,0.000,1325.569,305.390,0.000,0.000,0.000,0.000,0.000,0.000,-0.000,999,0.270,7.000,99,9999,99999,9,999999999,0.000,0.999,0,0,999,0.000,0
6,7,2018,1,0,,14.320,11.470,82.000,89238.930,0.000,1325.569,304.199,0.000,0.000,0.000,0.000,0.000,0.000,-0.000,999,0.270,8.000,99,9999,99999,9,999999999,0.000,0.999,0,0,999,0.000,0
6,7,2018,2,0,,14.070,11.530,84.000,89238.930,0.000,1325.569,303.522,0.000,0.000,0.000,0.000,0.000,0.000,-0.000,999,0.270,8.000,99,9999,99999,9,999999999,0.000,0.999,0,0,999,0.000,0
6,7,2018,3,0,,13.830,11.600,86.000,89238.930,0.000,1325.569,302.888,0.000,0.000,0.000,0.000,0.000,0.000,-0.000,999,0.270,8.000,99,9999,99999,9,999999999,0.000,0.999,0,0,999,0.000,0
6,7,2018,4,0,,13.580,11.670,88.000,89238.930,0.000,1325.223,302.162,0.000,0.000,0.000,0.000,0.000,0.000,-0.000,999,0.270,8.000,99,9999,99999,9,999999999,0.000,0.999,0,0,999,0.000,0
6,7,2018,5,0,,13.330,11.730,90.000,89238.930,0.000,1325.223,301.413,0.000,0.000,0.000,0.000,0.000,0.000,-0.000,999,0.270,8.000,99,9999,99999,9,999999999,0.000,0.999,0,0,999,0.000,0
6,7,2018,6,0,,13.130,11.790,91.000,89238.930,0.000,1325.223,300.516,0.000,0.000,0.000,0.000,0.000,0.000,-0.000,999,0.270,8.000,99,9999,99999,9,999999999,0.000,0.999,0,0,999,0.000,0
6,7,2018,7,0,,12.970,11.830,92.000,89238.930,38.287,1325.223,299.889,0.000,0.000,0.000,0.000,0.000,0.000,0.000,999,0.270,8.000,99,9999,99999,9,999999999,0.000,0.999,0,0,999,0.000,0
6,7,2018,8,0,,12.800,11.870,94.000,89238.930,314.696,1325.223,299.647,50.870,0.000,50.870,6104.400,0.000,5595.700,68.515,999,0.270,8.000,99,9999,99999,9,999999999,0.000,0.999,0,0,999,0.000,0
6,7,2018,9,0,,14.960,11.290,78.000,89238.930,562.623,1325.223,306.439,216.490,82.278,181.605,25978.800,7816.427,19976.565,136.341,999,0.270,7.000,99,9999,99999,9,999999999,0.000,0.999,0,0,999,0.000,0
6,7,2018,10,0,,16.440,10.880,69.000,89238.930,760.181,1325.223,311.315,408.780,257.975,260.887,49053.600,24507.645,28697.613,144.855,999,0.390,4.000,99,9999,99999,9,999999999,0.000,0.999,0,0,999,0.000,0
6,7,2018,11,0,,17.580,10.550,63.000,89238.930,893.578,1325.223,315.226,507.450,293.439,309.658,60894.000,27876.743,34062.370,146.232,999,0.930,4.000,99,9999,99999,9,999999999,0.000,0.999,0,0,999,0.000,0
6,7,2018,12,0,,18.600,10.260,58.000,89238.930,953.649,1325.223,318.667,612.910,459.273,282.501,73549.200,43630.979,31075.063,124.994,999,1.250,3.000,99,9999,99999,9,999999999,0.000,0.999,0,0,999,0.000,0
6,7,2018,13,0,,19.410,10.020,54.000,89238.930,936.284,1325.223,321.134,659.640,605.284,232.126,79156.800,57501.956,25533.910,104.613,999,1.160,1.000,99,9999,99999,9,999999999,0.000,0.999,0,0,999,0.000,0
6,7,2018,14,0,,19.850,9.880,52.000,89238.930,842.674,1325.223,322.521,602.960,746.116,128.730,72355.200,70881.030,14160.288,64.468,999,1.570,2.000,99,9999,99999,9,999999999,0.000,0.999,0,0,999,0.000,0
6,7,2018,15,0,,19.930,9.860,52.000,89238.930,679.236,1325.223,323.090,474.490,746.603,92.136,56938.800,70927.328,10135.001,57.267,999,0.840,4.000,99,9999,99999,9,999999999,0.000,0.999,0,0,999,0.000,0
6,7,2018,16,0,,19.510,9.990,54.000,89238.930,457.249,1325.223,321.843,303.110,629.099,86.514,36373.200,59764.447,9516.542,79.984,999,0.520,6.000,99,9999,99999,9,999999999,0.000,0.999,0,0,999,0.000,0
6,7,2018,17,0,,18.720,10.220,57.000,89238.930,192.674,1325.223,318.723,138.170,363.181,86.036,16580.400,34502.230,9463.947,190.779,999,0.270,7.000,99,9999,99999,9,999999999,0.000,0.999,0,0,999,0.000,0
6,7,2018,18,0,,18.130,10.390,60.000,89238.930,0.000,1325.223,316.891,4.100,0.000,0.000,492.000,0.000,0.000,-0.000,999,0.270,7.000,99,9999,99999,9,999999999,0.000,0.999,0,0,999,0.000,0
6,7,2018,19,0,,17.540,10.560,63.000,89238.930,0.000,1325.223,314.945,0.000,0.000,0.000,0.000,0.000,0.000,-0.000,999,0.270,7.000,99,9999,99999,9,999999999,0.000,0.999,0,0,999,0.000,0
6,7,2018,20,0,,16.950,10.730,66.000,89238.930,0.000,1325.223,312.897,0.000,0.000,0.000,0.000,0.000,0.000,-0.000,999,0.270,7.000,99,9999,99999,9,999999999,0.000,0.999,0,0,999,0.000,0
6,7,2018,21,0,,16.360,10.900,70.000,89238.930,0.000,1325.223,311.397,0.000,0.000,0.000,0.000,0.000,0.000,-0.000,999,0.270,7.000,99,9999,99999,9,999999999,0.000,0.999,0,0,999,0.000,0
6,7,2018,22,0,,15.770,11.070,73.000,89238.930,0.000,1325.223,309.145,0.000,0.000,0.000,0.000,0.000,0.000,-0.000,999,0.270,7.000,99,9999,99999,9,999999999,0.000,0.999,0,0,999,0.000,0
6,7,2018,23,0,,15.180,11.230,77.000,89238.930,0.000,1325.223,307.397,0.000,0.000,0.000,0.000,0.000,0.000,-0.000,999,0.270,7.000,99,9999,99999,9,999999999,0.000,0.999,0,0,999,0.000,0
6,7,2018,24,0,,14.590,12.320,86.000,89238.930,0.000,1325.223,308.154,0.000,0.000,0.000,0.000,0.000,0.000,-0.000,999,0.470,7.000,99,9999,99999,9,999999999,0.000,0.999,0,0,999,0.000,0
6,8,2018,1,0,,14.290,12.330,87.000,89238.930,0.000,1325.223,306.573,0.000,0.000,0.000,0.000,0.000,0.000,-0.000,999,0.470,8.000,99,9999,99999,9,999999999,0.000,0.999,0,0,999,0.000,0
6,8,2018,2,0,,14.000,12.340,89.000,89238.930,0.000,1325.223,305.553,0.000,0.000,0.000,0.000,0.000,0.000,-0.000,999,0.470,8.000,99,9999,99999,9,999999999,0.000,0.999,0,0,999,0.000,0
6,8,2018,3,0,,13.700,12.350,91.000,89238.930,0.000,1325.223,304.443,0.000,0.000,0.000,0.000,0.000,0.000,-0.000,999,0.470,8.000,99,9999,99999,9,999999999,0.000,0.999,0,0,999,0.000,0
6,8,2018,4,0,,13.410,12.360,93.000,89238.930,0.000,1324.888,303.381,0.000,0.000,0.000,0.000,0.000,0.000,-0.000,999,0.470,8.000,99,9999,99999,9,999999999,0.000,0.999,0,0,999,0.000,0
6,8,2018,5,0,,13.110,12.370,95.000,89238.930,0.000,1324.888,302.231,0.000,0.000,0.000,0.000,0.000,0.000,-0.000,999,0.470,8.000,99,9999,99999,9,999999999,0.000,0.999,0,0,999,0.000,0
6,8,2018,6,0,,12.880,12.370,96.000,89238.930,0.000,1324.888,301.099,0.000,0.000,0.000,0.000,0.000,0.000,-0.000,999,0.470,8.000,99,9999,99999,9,999999999,0.000,0.999,0,0,999,0.000,0
6,8,2018,7,0,,12.690,12.380,97.000,89238.930,36.643,1324.888,300.239,0.000,0.000,0.000,0.000,0.000,0.000,0.000,999,0.470,8.000,99,9999,99999,9,999999999,0.000,0.999,0,0,999,0.000,0
6,8,2018,8,0,,12.490,12.390,99.000,89238.930,312.720,1324.888,299.741,28.780,0.000,28.780,3453.600,0.000,3165.800,39.000,999,0.470,8.000,99,9999,99999,9,999999999,0.000,0.999,0,0,999,0.000,0
6,8,2018,9,0,,14.450,12.320,86.000,89238.930,560.545,1324.888,307.179,123.640,0.000,123.640,14836.800,0.000,13600.400,93.145,999,0.470,8.000,99,9999,99999,9,999999999,0.000,0.999,0,0,999,0.000,0
6,8,2018,10,0,,15.610,12.280,80.000,89238.930,758.102,1324.888,312.090,211.720,8.667,206.764,25406.400,823.319,22744.039,115.090,999,0.470,8.000,99,9999,99999,9,999999999,0.000,0.999,0,0,999,0.000,0
6,8,2018,11,0,,16.620,12.250,75.000,89238.930,891.597,1324.888,316.319,278.420,11.673,270.567,33410.400,1108.976,29762.373,128.023,999,0.470,8.000,99,9999,99999,9,999999999,0.000,0.999,0,0,999,0.000,0
6,8,2018,12,0,,17.430,12.220,71.000,89238.930,951.857,1324.888,319.585,317.710,14.628,307.204,38125.200,1389.654,33792.390,136.145,999,0.470,8.000,99,9999,99999,9,999999999,0.000,0.999,0,0,999,0.000,0
6,8,2018,13,0,,18.000,12.200,73.000,89238.930,934.758,1324.888,324.955,326.470,17.612,314.047,39176.400,1673.184,34545.217,141.727,999,0.470,8.000,99,9999,99999,9,999999999,0.010,0.999,0,0,999,0.010,99
6,8,2018,14,0,,18.330,12.190,67.000,89238.930,841.473,1324.888,323.360,304.060,21.715,290.274,36487.200,2062.898,31930.180,145.541,999,0.470,8.000,99,9999,99999,9,999999999,0.000,0.999,0,0,999,0.000,0
6,8,2018,15,0,,18.410,12.190,71.000,89238.930,678.398,1324.888,326.629,252.190,35.207,234.177,30262.800,3344.647,25759.522,145.696,999,0.470,8.000,99,9999,99999,9,999999999,0.010,0.999,0,0,999,0.010,99
6,8,2018,16,0,,18.140,12.200,72.000,89238.930,456.786,1324.888,325.326,175.110,97.170,141.680,21013.200,9231.131,15584.852,131.087,999,0.470,8.000,99,9999,99999,9,999999999,0.140,0.999,0,0,999,0.140,99
6,8,2018,17,0,,17.520,12.220,75.000,89238.930,192.571,1324.888,322.744,81.010,232.946,47.581,9721.200,22129.856,5233.873,105.538,999,0.470,8.000,99,9999,99999,9,999999999,0.020,0.999,0,0,999,0.020,99
6,8,2018,18,0,,17.000,12.240,88.000,89238.930,0.000,1324.888,326.388,2.120,0.000,0.000,254.400,0.000,0.000,-0.000,999,0.470,8.000,99,9999,99999,9,999999999,5.420,0.999,0,0,999,5.420,99
6,8,2018,19,0,,16.480,12.250,80.000,89238.930,0.000,1324.888,318.249,0.000,0.000,0.000,0.000,0.000,0.000,-0.000,999,0.470,8.000,99,9999,99999,9,999999999,0.280,0.999,0,0,999,0.280,99
6,8,2018,20,0,,15.950,12.270,83.000,89238.930,0.000,1324.888,316.144,0.000,0.000,0.000,0.000,0.000,0.000,-0.000,999,0.470,8.000,99,9999,99999,9,999999999,0.040,0.999,0,0,999,0.040,99
6,8,2018,21,0,,15.430,12.290,86.000,89238.930,0.000,1324.888,314.055,0.000,0.000,0.000,0.000,0.000,0.000,-0.000,999,0.470,8.000,99,9999,99999,9,999999999,0.080,0.999,0,0,999,0.080,99
6,8,2018,22,0,,14.910,12.310,84.000,89238.930,0.000,1324.888,309.350,0.000,0.000,0.000,0.000,0.000,0.000,-0.000,999,0.470,8.000,99,9999,99999,9,999999999,0.000,0.999,0,0,999,0.000,0
6,8,2018,23,0,,14.390,12.320,87.000,89238.930,0.000,1324.888,307.269,0.000,0.000,0.000,0.000,0.000,0.000,-0.000,999,0.470,8.000,99,9999,99999,9,999999999,0.000,0.999,0,0,999,0.000,0
6,8,2018,24,0,,13.870,12.070,83.000,89238.930,0.000,1324.888,301.630,0.000,0.000,0.000,0.000,0.000,0.000,-0.000,999,0.460,8.000,99,9999,99999,9,999999999,0.000,0.999,0,0,999,0.000,0
6,9,2018,1,0,,13.610,12.050,84.000,89238.930,0.000,1324.888,300.366,0.000,0.000,0.000,0.000,0.000,0.000,-0.000,999,0.460,8.000,99,9999,99999,9,999999999,0.000,0.999,0,0,999,0.000,0
6,9,2018,2,0,,13.350,12.030,89.000,89238.930,0.000,1324.888,301.070,0.000,0.000,0.000,0.000,0.000,0.000,-0.000,999,0.460,8.000,99,9999,99999,9,999999999,0.050,0.999,0,0,999,0.050,99
6,9,2018,3,0,,13.090,12.010,86.000,89238.930,0.000,1324.888,297.828,0.000,0.000,0.000,0.000,0.000,0.000,-0.000,999,0.460,8.000,99,9999,99999,9,999999999,0.000,0.999,0,0,999,0.000,0
6,9,2018,4,0,,12.830,11.990,99.000,89238.930,0.000,1324.564,302.080,0.000,0.000,0.000,0.000,0.000,0.000,-0.000,999,0.460,8.000,99,9999,99999,9,999999999,8.010,0.999,0,0,999,8.010,99
6,9,2018,5,0,,12.570,11.960,92.000,89238.930,0.000,1324.564,297.161,0.000,0.000,0.000,0.000,0.000,0.000,-0.000,999,0.460,8.000,99,9999,99999,9,999999999,0.450,0.999,0,0,999,0.450,99
6,9,2018,6,0,,12.370,11.950,93.000,89238.930,0.000,1324.564,296.261,0.000,0.000,0.000,0.000,0.000,0.000,-0.000,999,0.460,8.000,99,9999,99999,9,999999999,0.030,0.999,0,0,999,0.030,99
6,9,2018,7,0,,12.190,11.930,94.000,89238.930,35.040,1324.564,295.493,0.000,0.000,0.000,0.000,0.000,0.000,0.000,999,0.460,8.000,99,9999,99999,9,999999999,0.230,0.999,0,0,999,0.230,99
6,9,2018,8,0,,12.020,11.920,91.000,89238.930,310.802,1324.564,292.983,33.920,0.000,33.920,4070.400,0.000,3731.200,46.241,999,0.460,8.000,99,9999,99999,9,999999999,0.000,0.999,0,0,999,0.000,0
6,9,2018,9,0,,14.180,12.100,82.000,89238.930,558.541,1324.564,303.234,147.720,7.275,144.656,17726.400,691.132,15912.203,109.343,999,0.460,8.000,99,9999,99999,9,999999999,0.000,0.999,0,0,999,0.000,0
6,9,2018,10,0,,15.460,12.210,77.000,89238.930,756.113,1324.564,309.344,253.580,19.812,242.277,30429.600,1882.134,26650.516,135.180,999,0.460,8.000,99,9999,99999,9,999999999,0.000,0.999,0,0,999,0.000,0
6,9,2018,11,0,,16.580,12.300,73.000,89238.930,889.718,1324.564,314.818,333.820,24.323,317.488,40058.400,2310.695,34923.664,150.506,999,0.460,8.000,99,9999,99999,9,999999999,0.000,0.999,0,0,999,0.000,0
6,9,2018,12,0,,17.470,12.370,70.000,89238.930,950.176,1324.564,319.223,381.130,63.970,335.254,45735.600,6077.128,36877.941,148.804,999,0.460,8.000,99,9999,99999,9,999999999,0.000,0.999,0,0,999,0.000,0
6,9,2018,13,0,,18.110,12.420,68.000,89238.930,933.348,1324.564,322.465,391.790,78.089,336.781,47014.800,7418.433,37045.964,152.180,999,0.590,8.000,99,9999,99999,9,999999999,0.000,0.999,0,0,999,0.000,0
6,9,2018,14,0,,18.480,12.450,67.000,89238.930,840.389,1324.564,324.438,364.980,97.876,302.908,43797.600,9298.187,33319.927,152.035,999,0.580,8.000,99,9999,99999,9,999999999,0.000,0.999,0,0,999,0.000,0
6,9,2018,15,0,,18.570,12.460,71.000,89238.930,677.672,1324.564,327.790,302.770,127.369,237.659,36332.400,12100.073,26142.520,147.985,999,0.460,8.000,99,9999,99999,9,999999999,0.010,0.999,0,0,999,0.010,99
6,9,2018,16,0,,18.270,12.440,68.000,89238.930,456.425,1324.564,323.613,210.270,203.265,140.379,25232.400,19310.188,15441.638,129.954,999,0.460,8.000,99,9999,99999,9,999999999,0.000,0.999,0,0,999,0.000,0
6,9,2018,17,0,,17.580,12.380,70.000,89238.930,192.558,1324.564,320.006,97.290,316.298,51.891,11674.800,30048.304,5707.987,115.077,999,0.460,8.000,99,9999,99999,9,999999999,0.000,0.999,0,0,999,0.000,0
6,9,2018,18,0,,17.120,12.340,71.000,89238.930,0.000,1324.564,317.381,2.560,0.000,0.000,307.200,0.000,0.000,-0.000,999,0.460,8.000,99,9999,99999,9,999999999,0.000,0.999,0,0,999,0.000,0
6,9,2018,19,0,,16.650,12.300,77.000,89238.930,0.000,1324.564,317.724,0.000,0.000,0.000,0.000,0.000,0.000,-0.000,999,0.460,8.000,99,9999,99999,9,999999999,0.130,0.999,0,0,999,0.130,99
6,9,2018,20,0,,16.190,12.270,78.000,89238.930,0.000,1324.564,315.044,0.000,0.000,0.000,0.000,0.000,0.000,-0.000,999,0.460,8.000,99,9999,99999,9,999999999,0.010,0.999,0,0,999,0.010,99
6,9,2018,21,0,,15.730,12.230,76.000,89238.930,0.000,1324.564,310.650,0.000,0.000,0.000,0.000,0.000,0.000,-0.000,999,0.460,8.000,99,9999,99999,9,999999999,0.000,0.999,0,0,999,0.000,0
6,9,2018,22,0,,15.260,12.190,78.000,89238.930,0.000,1324.564,308.521,0.000,0.000,0.000,0.000,0.000,0.000,-0.000,999,0.460,8.000,99,9999,99999,9,999999999,0.000,0.999,0,0,999,0.000,0
6,9,2018,23,0,,14.800,12.150,83.000,89238.930,0.000,1324.564,308.055,0.000,0.000,0.000,0.000,0.000,0.000,-0.000,999,0.460,8.000,99,9999,99999,9,999999999,0.080,0.999,0,0,999,0.080,99
6,9,2018,24,0,,14.330,11.470,82.000,89238.930,0.000,1324.564,304.267,0.000,0.000,0.000,0.000,0.000,0.000,-0.000,999,0.030,8.000,99,9999,99999,9,999999999,0.000,0.999,0,0,999,0.000,0
6,10,2018,1,0,,14.100,11.480,84.000,89238.930,0.000,1324.564,303.728,0.000,0.000,0.000,0.000,0.000,0.000,-0.000,999,0.030,8.000,99,9999,99999,9,999999999,0.000,0.999,0,0,999,0.000,0
6,10,2018,2,0,,13.870,11.500,85.000,89238.930,0.000,1324.564,302.658,0.000,0.000,0.000,0.000,0.000,0.000,-0.000,999,0.030,8.000,99,9999,99999,9,999999999,0.000,0.999,0,0,999,0.000,0
6,10,2018,3,0,,13.640,11.520,87.000,89238.930,0.000,1324.564,302.081,0.000,0.000,0.000,0.000,0.000,0.000,-0.000,999,0.030,8.000,99,9999,99999,9,999999999,0.000,0.999,0,0,999,0.000,0
6,10,2018,4,0,,13.400,11.530,88.000,89238.930,0.000,1324.253,300.927,0.000,0.000,0.000,0.000,0.000,0.000,-0.000,999,0.030,8.000,99,9999,99999,9,999999999,0.000,0.999,0,0,999,0.000,0
6,10,2018,5,0,,13.170,11.550,89.000,89238.930,0.000,1324.253,299.837,0.000,0.000,0.000,0.000,0.000,0.000,-0.000,999,0.030,8.000,99,9999,99999,9,999999999,0.000,0.999,0,0,999,0.000,0
6,10,2018,6,0,,12.990,11.560,91.000,89238.930,0.000,1324.253,299.558,0.000,0.000,0.000,0.000,0.000,0.000,-0.000,999,0.030,8.000,99,9999,99999,9,999999999,0.000,0.999,0,0,999,0.000,0
6,10,2018,7,0,,12.840,11.570,92.000,89238.930,33.480,1324.253,299.000,0.000,0.000,0.000,0.000,0.000,0.000,0.000,999,0.030,8.000,99,9999,99999,9,999999999,0.000,0.999,0,0,999,0.000,0
6,10,2018,8,0,,12.690,11.580,92.000,89238.930,308.943,1324.253,297.977,41.750,0.000,41.750,5010.000,0.000,4592.500,57.247,999,0.030,8.000,99,9999,99999,9,999999999,0.000,0.999,0,0,999,0.000,0
6,10,2018,9,0,,14.590,11.450,81.000,89238.930,556.614,1324.253,305.528,184.320,30.839,171.375,22118.400,2929.688,18851.288,129.959,999,0.040,7.000,99,9999,99999,9,999999999,0.000,0.999,0,0,999,0.000,0
6,10,2018,10,0,,15.730,11.370,75.000,89238.930,754.216,1324.253,310.062,317.180,91.742,264.961,38061.600,8715.508,29145.706,148.174,999,0.120,7.000,99,9999,99999,9,999999999,0.000,0.999,0,0,999,0.000,0
6,10,2018,11,0,,16.730,11.300,70.000,89238.930,887.943,1324.253,313.989,417.950,120.801,336.979,50154.000,11476.099,37067.700,160.028,999,0.320,6.000,99,9999,99999,9,999999999,0.000,0.999,0,0,999,0.000,0
6,10,2018,12,0,,17.530,11.250,66.000,89238.930,948.607,1324.253,316.974,477.460,159.237,363.425,57295.200,15127.538,39976.720,161.536,999,0.760,6.000,99,9999,99999,9,999999999,0.000,0.999,0,0,999,0.000,0
6,10,2018,13,0,,18.100,11.210,64.000,89238.930,932.055,1324.253,319.613,490.990,192.757,355.362,58918.800,18311.874,39089.804,160.761,999,1.180,6.000,99,9999,99999,9,999999999,0.000,0.999,0,0,999,0.000,0
6,10,2018,14,0,,18.420,11.180,62.000,89238.930,839.421,1324.253,320.436,457.510,274.957,283.295,54901.200,26120.956,31162.487,142.321,999,1.620,6.000,99,9999,99999,9,999999999,0.000,0.999,0,0,999,0.000,0
6,10,2018,15,0,,18.510,11.180,62.000,89238.930,677.058,1324.253,321.076,379.610,358.019,196.715,45553.200,34011.809,21638.648,122.572,999,1.850,7.000,99,9999,99999,9,999999999,0.000,0.999,0,0,999,0.000,0
6,10,2018,16,0,,18.240,11.200,63.000,89238.930,456.168,1324.253,319.889,263.690,386.576,130.812,31642.800,36724.720,14389.342,121.138,999,1.460,7.000,99,9999,99999,9,999999999,0.000,0.999,0,0,999,0.000,0
6,10,2018,17,0,,17.630,11.240,66.000,89238.930,192.635,1324.253,317.682,122.070,404.917,63.913,14648.400,38467.105,7030.476,141.648,999,1.280,8.000,99,9999,99999,9,999999999,0.000,0.999,0,0,999,0.000,0
6,10,2018,18,0,,16.970,11.290,69.000,89238.930,0.000,1324.253,315.031,3.240,0.000,0.000,388.800,0.000,0.000,-0.000,999,0.740,8.000,99,9999,99999,9,999999999,0.000,0.999,0,0,999,0.000,0
6,10,2018,19,0,,16.300,11.330,72.000,89238.930,0.000,1324.253,312.232,0.000,0.000,0.000,0.000,0.000,0.000,-0.000,999,0.640,8.000,99,9999,99999,9,999999999,0.000,0.999,0,0,999,0.000,0
6,10,2018,20,0,,15.630,11.380,75.000,89238.930,0.000,1324.253,309.365,0.000,0.000,0.000,0.000,0.000,0.000,-0.000,999,0.340,8.000,99,9999,99999,9,999999999,0.000,0.999,0,0,999,0.000,0
6,10,2018,21,0,,14.970,11.420,79.000,89238.930,0.000,1324.253,307.066,0.000,0.000,0.000,0.000,0.000,0.000,-0.000,999,0.330,8.000,99,9999,99999,9,999999999,0.000,0.999,0,0,999,0.000,0
6,10,2018,22,0,,14.300,11.470,83.000,89238.930,0.000,1324.253,304.588,0.000,0.000,0.000,0.000,0.000,0.000,-0.000,999,0.230,8.000,99,9999,99999,9,999999999,0.000,0.999,0,0,999,0.000,0
6,10,2018,23,0,,13.640,11.520,87.000,89238.930,0.000,1324.253,302.081,0.000,0.000,0.000,0.000,0.000,0.000,-0.000,999,0.120,8.000,99,9999,99999,9,999999999,0.000,0.999,0,0,999,0.000,0
6,10,2018,24,0,,12.970,11.110,88.000,89238.930,0.000,1324.253,297.991,0.000,0.000,0.000,0.000,0.000,0.000,-0.000,999,0.800,8.000,99,9999,99999,9,999999999,0.000,0.999,0,0,999,0.000,0
6,11,2018,1,0,,12.640,11.030,89.000,89238.930,0.000,1324.253,296.231,0.000,0.000,0.000,0.000,0.000,0.000,-0.000,999,0.740,8.000,99,9999,99999,9,999999999,0.000,0.999,0,0,999,0.000,0
6,11,2018,2,0,,12.310,10.940,91.000,89238.930,0.000,1324.253,294.937,0.000,0.000,0.000,0.000,0.000,0.000,-0.000,999,0.960,8.000,99,9999,99999,9,999999999,0.000,0.999,0,0,999,0.000,0
6,11,2018,3,0,,11.970,10.860,92.000,89238.930,0.000,1324.253,293.104,0.000,0.000,0.000,0.000,0.000,0.000,-0.000,999,0.600,8.000,99,9999,99999,9,999999999,0.000,0.999,0,0,999,0.000,0
6,11,2018,4,0,,11.640,10.770,94.000,89238.930,0.000,1323.953,291.786,0.000,0.000,0.000,0.000,0.000,0.000,-0.000,999,0.360,8.000,99,9999,99999,9,999999999,0.000,0.999,0,0,999,0.000,0
6,11,2018,5,0,,11.310,10.690,95.000,89238.930,0.000,1323.953,290.017,0.000,0.000,0.000,0.000,0.000,0.000,-0.000,999,0.360,8.000,99,9999,99999,9,999999999,0.000,0.999,0,0,999,0.000,0
6,11,2018,6,0,,11.050,10.620,97.000,89238.930,0.000,1323.953,289.144,0.000,0.000,0.000,0.000,0.000,0.000,-0.000,999,0.360,8.000,99,9999,99999,9,999999999,0.000,0.999,0,0,999,0.000,0
6,11,2018,7,0,,10.830,10.560,98.000,89238.930,31.965,1323.953,288.102,0.000,0.000,0.000,0.000,0.000,0.000,0.000,999,0.360,8.000,99,9999,99999,9,999999999,0.000,0.999,0,0,999,0.000,0
6,11,2018,8,0,,10.610,10.510,99.000,89238.930,307.145,1323.953,287.058,35.910,0.000,35.910,4309.200,0.000,3950.100,49.519,999,0.360,8.000,99,9999,99999,9,999999999,0.000,0.999,0,0,999,0.000,0
6,11,2018,9,0,,13.320,11.200,86.000,89238.930,554.765,1323.953,299.394,160.670,14.443,154.626,19280.400,1372.066,17008.908,117.623,999,0.360,8.000,99,9999,99999,9,999999999,0.000,0.999,0,0,999,0.000,0
6,11,2018,10,0,,14.960,11.600,80.000,89238.930,752.412,1323.953,307.549,277.160,29.849,260.207,33259.200,2835.700,28622.743,145.832,999,0.390,8.000,99,9999,99999,9,999999999,0.000,0.999,0,0,999,0.000,0
6,11,2018,11,0,,16.390,11.940,74.000,89238.930,886.274,1323.953,314.090,365.570,75.876,314.796,43868.400,7208.237,34627.530,149.741,999,1.770,7.000,99,9999,99999,9,999999999,0.000,0.999,0,0,999,0.000,0
6,11,2018,12,0,,17.540,12.220,70.000,89238.930,947.152,1323.953,319.721,417.850,94.236,350.453,50142.000,8952.421,38549.801,155.975,999,1.980,7.000,99,9999,99999,9,999999999,0.000,0.999,0,0,999,0.000,0
6,11,2018,13,0,,18.350,12.400,68.000,89238.930,930.879,1323.953,324.189,429.850,114.905,349.084,51582.000,10915.956,38399.248,158.085,999,3.600,7.000,99,9999,99999,9,999999999,0.000,0.999,0,0,999,0.000,0
6,11,2018,14,0,,18.820,12.510,66.000,89238.930,838.570,1323.953,326.190,400.660,143.357,309.900,48079.200,13618.881,34089.008,155.810,999,4.390,7.000,99,9999,99999,9,999999999,0.000,0.999,0,0,999,0.000,0
6,11,2018,15,0,,18.940,12.540,66.000,89238.930,676.555,1323.953,327.058,332.520,184.278,238.430,39902.400,17506.447,26227.265,148.641,999,3.110,7.000,99,9999,99999,9,999999999,0.000,0.999,0,0,999,0.000,0
6,11,2018,16,0,,18.570,12.450,67.000,89238.930,456.012,1323.953,325.086,231.040,285.455,132.932,27724.800,27118.199,14622.529,123.116,999,1.390,8.000,99,9999,99999,9,999999999,0.000,0.999,0,0,999,0.000,0
6,11,2018,17,0,,17.690,12.250,70.000,89238.930,192.799,1323.953,320.792,107.010,340.932,57.989,12841.200,32388.502,6378.820,128.376,999,0.540,8.000,99,9999,99999,9,999999999,0.000,0.999,0,0,999,0.000,0
6,11,2018,18,0,,17.000,12.090,72.000,89238.930,0.000,1323.953,317.165,2.870,0.000,0.000,344.400,0.000,0.000,-0.000,999,0.510,8.000,99,9999,99999,9,999999999,0.000,0.999,0,0,999,0.000,0
6,11,2018,19,0,,16.300,11.920,75.000,89238.930,0.000,1323.953,314.058,0.000,0.000,0.000,0.000,0.000,0.000,-0.000,999,0.360,8.000,99,9999,99999,9,999999999,0.000,0.999,0,0,999,0.000,0
6,11,2018,20,0,,15.610,11.760,77.000,89238.930,0.000,1323.953,310.391,0.000,0.000,0.000,0.000,0.000,0.000,-0.000,999,0.360,8.000,99,9999,99999,9,999999999,0.000,0.999,0,0,999,0.000,0
6,11,2018,21,0,,14.910,11.590,80.000,89238.930,0.000,1323.953,307.202,0.000,0.000,0.000,0.000,0.000,0.000,-0.000,999,0.360,8.000,99,9999,99999,9,999999999,0.000,0.999,0,0,999,0.000,0
6,11,2018,22,0,,14.220,11.420,83.000,89238.930,0.000,1323.953,304.036,0.000,0.000,0.000,0.000,0.000,0.000,-0.000,999,0.360,8.000,99,9999,99999,9,999999999,0.000,0.999,0,0,999,0.000,0
6,11,2018,23,0,,13.530,11.250,86.000,89238.930,0.000,1323.953,300.829,0.000,0.000,0.000,0.000,0.000,0.000,-0.000,999,0.360,8.000,99,9999,99999,9,999999999,0.000,0.999,0,0,999,0.000,0
6,11,2018,24,0,,12.830,10.670,86.000,89238.930,0.000,1323.953,296.066,0.000,0.000,0.000,0.000,0.000,0.000,-0.000,999,0.240,8.000,99,9999,99999,9,999999999,0.000,0.999,0,0,999,0.000,0
6,12,2018,1,0,,12.480,10.610,88.000,89238.930,0.000,1323.953,294.672,0.000,0.000,0.000,0.000,0.000,0.000,-0.000,999,0.240,8.000,99,9999,99999,9,999999999,0.000,0.999,0,0,999,0.000,0
6,12,2018,2,0,,12.140,10.560,95.000,89238.930,0.000,1323.953,295.601,0.000,0.000,0.000,0.000,0.000,0.000,-0.000,999,0.240,8.000,99,9999,99999,9,999999999,0.040,0.999,0,0,999,0.040,99
6,12,2018,3,0,,11.790,10.500,96.000,89238.930,0.000,1323.953,293.675,0.000,0.000,0.000,0.000,0.000,0.000,-0.000,999,0.240,8.000,99,9999,99999,9,999999999,0.010,0.999,0,0,999,0.010,99
6,12,2018,4,0,,11.440,10.440,93.000,89238.930,0.000,1323.665,290.004,0.000,0.000,0.000,0.000,0.000,0.000,-0.000,999,0.240,8.000,99,9999,99999,9,999999999,0.000,0.999,0,0,999,0.000,0
6,12,2018,5,0,,11.100,10.390,95.000,89238.930,0.000,1323.665,288.618,0.000,0.000,0.000,0.000,0.000,0.000,-0.000,999,0.240,8.000,99,9999,99999,9,999999999,0.000,0.999,0,0,999,0.000,0
6,12,2018,6,0,,10.830,10.340,96.000,89238.930,0.000,1323.665,287.255,0.000,0.000,0.000,0.000,0.000,0.000,-0.000,999,0.240,8.000,99,9999,99999,9,999999999,0.000,0.999,0,0,999,0.000,0
6,12,2018,7,0,,10.600,10.300,98.000,89238.930,30.497,1323.665,286.576,0.000,0.000,0.000,0.000,0.000,0.000,0.000,999,0.240,8.000,99,9999,99999,9,999999999,0.000,0.999,0,0,999,0.000,0
6,12,2018,8,0,,10.370,10.260,99.000,89238.930,305.411,1323.665,285.469,44.440,0.000,44.440,5332.800,0.000,4888.400,61.620,999,0.240,8.000,99,9999,99999,9,999999999,0.000,0.999,0,0,999,0.000,0
6,12,2018,9,0,,13.720,10.810,82.000,89238.930,552.996,1323.665,300.083,201.490,70.538,172.061,24178.800,6701.113,18926.764,131.277,999,0.240,7.000,99,9999,99999,9,999999999,0.000,0.999,0,0,999,0.000,0
6,12,2018,10,0,,15.770,11.140,73.000,89238.930,750.703,1323.665,309.145,348.410,136.615,270.978,41809.200,12978.454,29807.574,152.182,999,0.320,6.000,99,9999,99999,9,999999999,0.000,0.999,0,0,999,0.000,0
6,12,2018,11,0,,17.560,11.420,67.000,89238.930,884.711,1323.665,317.869,460.000,178.540,340.711,55200.000,16961.342,37478.168,162.319,999,0.690,5.000,99,9999,99999,9,999999999,0.000,0.999,0,0,999,0.000,0
6,12,2018,12,0,,18.990,11.640,62.000,89238.930,945.811,1323.665,324.509,526.070,271.632,332.033,63128.400,25805.015,36523.640,147.954,999,0.850,5.000,99,9999,99999,9,999999999,0.000,0.999,0,0,999,0.000,0
6,12,2018,13,0,,20.010,11.790,59.000,89238.930,929.820,1323.665,329.552,541.380,326.396,312.170,64965.600,31007.589,34338.665,141.498,999,1.610,5.000,99,9999,99999,9,999999999,0.000,0.999,0,0,999,0.000,0
6,12,2018,14,0,,20.600,11.880,57.000,89238.930,837.835,1323.665,332.212,504.760,390.787,257.514,60571.200,37124.762,28326.529,129.557,999,1.420,5.000,99,9999,99999,9,999999999,0.000,0.999,0,0,999,0.000,0
6,12,2018,15,0,,20.750,11.910,56.000,89238.930,676.162,1323.665,332.465,419.020,517.915,154.675,50282.400,49201.895,17014.295,96.463,999,0.990,6.000,99,9999,99999,9,999999999,0.000,0.999,0,0,999,0.000,0
6,12,2018,16,0,,20.290,11.840,58.000,89238.930,455.956,1323.665,330.779,291.240,506.576,117.118,34948.800,48124.694,12883.031,108.459,999,0.620,6.000,99,9999,99999,9,999999999,0.000,0.999,0,0,999,0.000,0
6,12,2018,17,0,,19.200,11.670,61.000,89238.930,193.049,1323.665,325.262,135.000,390.947,78.701,16200.000,37139.991,8657.057,173.957,999,0.740,8.000,99,9999,99999,9,999999999,0.000,0.999,0,0,999,0.000,0
6,12,2018,18,0,,18.340,11.540,64.000,89238.930,0.000,1323.665,321.322,3.670,0.000,0.000,440.400,0.000,0.000,-0.000,999,0.450,8.000,99,9999,99999,9,999999999,0.000,0.999,0,0,999,0.000,0
6,12,2018,19,0,,17.490,11.410,67.000,89238.930,0.000,1323.665,317.373,0.000,0.000,0.000,0.000,0.000,0.000,-0.000,999,0.240,8.000,99,9999,99999,9,999999999,0.000,0.999,0,0,999,0.000,0
6,12,2018,20,0,,16.630,11.270,70.000,89238.930,0.000,1323.665,313.287,0.000,0.000,0.000,0.000,0.000,0.000,-0.000,999,0.240,8.000,99,9999,99999,9,999999999,0.000,0.999,0,0,999,0.000,0
6,12,2018,21,0,,15.770,11.140,73.000,89238.930,0.000,1323.665,309.145,0.000,0.000,0.000,0.000,0.000,0.000,-0.000,999,0.240,8.000,99,9999,99999,9,999999999,0.000,0.999,0,0,999,0.000,0
6,12,2018,22,0,,14.920,11.000,82.000,89238.930,0.000,1323.665,308.357,0.000,0.000,0.000,0.000,0.000,0.000,-0.000,999,0.240,8.000,99,9999,99999,9,999999999,0.010,0.999,0,0,999,0.010,99
6,12,2018,23,0,,14.060,10.870,86.000,89238.930,0.000,1323.665,304.475,0.000,0.000,0.000,0.000,0.000,0.000,-0.000,999,0.240,8.000,99,9999,99999,9,999999999,0.940,0.999,0,0,999,0.940,99
6,12,2018,24,0,,13.210,8.820,74.000,89238.930,0.000,1323.665,292.301,0.000,0.000,0.000,0.000,0.000,0.000,-0.000,999,0.280,8.000,99,9999,99999,9,999999999,0.000,0.999,0,0,999,0.000,0
6,13,2018,1,0,,12.780,8.750,76.000,89238.930,0.000,1323.665,290.551,0.000,0.000,0.000,0.000,0.000,0.000,-0.000,999,0.280,8.000,99,9999,99999,9,999999999,0.000,0.999,0,0,999,0.000,0
6,13,2018,2,0,,12.350,8.670,78.000,89238.930,0.000,1323.665,288.777,0.000,0.000,0.000,0.000,0.000,0.000,-0.000,999,0.280,8.000,99,9999,99999,9,999999999,0.000,0.999,0,0,999,0.000,0
6,13,2018,3,0,,11.920,8.600,80.000,89238.930,0.000,1323.665,286.980,0.000,0.000,0.000,0.000,0.000,0.000,-0.000,999,0.280,8.000,99,9999,99999,9,999999999,0.000,0.999,0,0,999,0.000,0
6,13,2018,4,0,,11.490,8.520,81.000,89238.930,0.000,1323.390,284.664,0.000,0.000,0.000,0.000,0.000,0.000,-0.000,999,0.280,8.000,99,9999,99999,9,999999999,0.000,0.999,0,0,999,0.000,0
6,13,2018,5,0,,11.070,8.450,83.000,89238.930,0.000,1323.390,282.908,0.000,0.000,0.000,0.000,0.000,0.000,-0.000,999,0.280,8.000,99,9999,99999,9,999999999,0.000,0.999,0,0,999,0.000,0
6,13,2018,6,0,,10.740,8.390,85.000,89238.930,0.000,1323.390,281.718,0.000,0.000,0.000,0.000,0.000,0.000,-0.000,999,0.280,8.000,99,9999,99999,9,999999999,0.000,0.999,0,0,999,0.000,0
6,13,2018,7,0,,10.450,8.340,86.000,89238.930,29.076,1323.390,280.304,0.000,0.000,0.000,0.000,0.000,0.000,0.000,999,0.280,8.000,99,9999,99999,9,999999999,0.000,0.999,0,0,999,0.000,0
6,13,2018,8,0,,10.170,8.290,88.000,89238.930,303.743,1323.390,279.409,57.100,0.000,57.100,6852.000,0.000,6281.000,79.597,999,0.280,8.000,99,9999,99999,9,999999999,0.000,0.999,0,0,999,0.000,0
6,13,2018,9,0,,14.090,8.970,71.000,89238.930,551.310,1323.390,296.453,249.060,173.753,176.777,29887.200,16506.550,19445.444,135.260,999,0.280,5.000,99,9999,99999,9,999999999,0.000,0.999,0,0,999,0.000,0
6,13,2018,10,0,,16.330,9.350,63.000,89238.930,749.091,1323.390,306.539,415.490,301.525,244.921,49858.800,28644.878,26941.320,137.816,999,0.280,3.000,99,9999,99999,9,999999999,0.000,0.999,0,0,999,0.000,0
6,13,2018,11,0,,18.230,9.660,57.000,89238.930,883.256,1323.390,315.277,536.860,380.353,283.098,64423.200,36133.560,31140.751,135.066,999,0.790,3.000,99,9999,99999,9,999999999,0.000,0.999,0,0,999,0.000,0
6,13,2018,12,0,,19.850,9.920,52.000,89238.930,944.585,1323.390,322.521,631.300,513.727,264.725,75756.000,48804.087,29119.735,118.090,999,0.820,1.000,99,9999,99999,9,999999999,0.000,0.999,0,0,999,0.000,0
6,13,2018,13,0,,20.990,10.100,49.000,89238.930,928.879,1323.390,327.903,645.020,576.755,240.321,77402.400,54791.760,26435.343,109.019,999,1.080,2.000,99,9999,99999,9,999999999,0.000,0.999,0,0,999,0.000,0
6,13,2018,14,0,,21.680,10.210,48.000,89238.930,837.215,1323.390,331.908,609.940,765.132,126.108,73192.800,72687.526,13871.870,63.480,999,1.380,1.000,99,9999,99999,9,999999999,0.000,0.999,0,0,999,0.000,0
6,13,2018,15,0,,21.790,10.230,47.000,89238.930,675.878,1323.390,331.706,483.100,742.228,104.346,57972.000,70511.618,11478.046,65.089,999,1.580,3.000,99,9999,99999,9,999999999,0.000,0.999,0,0,999,0.000,0
6,13,2018,16,0,,21.210,10.130,49.000,89238.930,455.999,1323.390,329.486,335.120,716.115,88.900,40214.400,68030.894,9779.037,82.303,999,0.590,5.000,99,9999,99999,9,999999999,0.000,0.999,0,0,999,0.000,0
6,13,2018,17,0,,19.980,9.940,52.000,89238.930,193.383,1323.390,323.446,156.210,361.941,103.984,18745.200,34384.362,11438.239,229.386,999,0.390,7.000,99,9999,99999,9,999999999,0.000,0.999,0,0,999,0.000,0
6,13,2018,18,0,,19.090,9.800,54.000,89238.930,0.000,1323.390,318.871,3.730,0.000,0.000,447.600,0.000,0.000,-0.000,999,0.280,7.000,99,9999,99999,9,999999999,0.000,0.999,0,0,999,0.000,0
6,13,2018,19,0,,18.200,9.650,57.000,89238.930,0.000,1323.390,315.067,0.000,0.000,0.000,0.000,0.000,0.000,-0.000,999,0.280,7.000,99,9999,99999,9,999999999,0.000,0.999,0,0,999,0.000,0
6,13,2018,20,0,,17.310,9.510,60.000,89238.930,0.000,1323.390,311.157,0.000,0.000,0.000,0.000,0.000,0.000,-0.000,999,0.280,7.000,99,9999,99999,9,999999999,0.000,0.999,0,0,999,0.000,0
6,13,2018,21,0,,16.430,9.360,62.000,89238.930,0.000,1323.390,306.525,0.000,0.000,0.000,0.000,0.000,0.000,-0.000,999,0.280,7.000,99,9999,99999,9,999999999,0.000,0.999,0,0,999,0.000,0
6,13,2018,22,0,,15.540,9.210,65.000,89238.930,0.000,1323.390,302.492,0.000,0.000,0.000,0.000,0.000,0.000,-0.000,999,0.280,7.000,99,9999,99999,9,999999999,0.000,0.999,0,0,999,0.000,0
6,13,2018,23,0,,14.650,9.060,69.000,89238.930,0.000,1323.390,299.015,0.000,0.000,0.000,0.000,0.000,0.000,-0.000,999,0.280,7.000,99,9999,99999,9,999999999,0.000,0.999,0,0,999,0.000,0
6,13,2018,24,0,,13.760,10.420,78.000,89238.930,0.000,1323.390,298.218,0.000,0.000,0.000,0.000,0.000,0.000,-0.000,999,0.280,7.000,99,9999,99999,9,999999999,0.000,0.999,0,0,999,0.000,0
6,14,2018,1,0,,13.320,10.430,85.000,89238.930,0.000,1323.390,298.894,0.000,0.000,0.000,0.000,0.000,0.000,-0.000,999,0.280,8.000,99,9999,99999,9,999999999,0.020,0.999,0,0,999,0.020,99
6,14,2018,2,0,,12.870,10.440,87.000,89238.930,0.000,1323.390,296.826,0.000,0.000,0.000,0.000,0.000,0.000,-0.000,999,0.280,8.000,99,9999,99999,9,999999999,0.010,0.999,0,0,999,0.010,99
6,14,2018,3,0,,12.430,10.460,85.000,89238.930,0.000,1323.390,292.881,0.000,0.000,0.000,0.000,0.000,0.000,-0.000,999,0.280,8.000,99,9999,99999,9,999999999,0.000,0.999,0,0,999,0.000,0
6,14,2018,4,0,,11.990,10.470,92.000,89238.930,0.000,1323.126,293.239,0.000,0.000,0.000,0.000,0.000,0.000,-0.000,999,0.280,8.000,99,9999,99999,9,999999999,0.180,0.999,0,0,999,0.180,99
6,14,2018,5,0,,11.540,10.480,95.000,89238.930,0.000,1323.126,291.556,0.000,0.000,0.000,0.000,0.000,0.000,-0.000,999,0.280,8.000,99,9999,99999,9,999999999,0.060,0.999,0,0,999,0.060,99
6,14,2018,6,0,,11.200,10.490,92.000,89238.930,0.000,1323.126,287.960,0.000,0.000,0.000,0.000,0.000,0.000,-0.000,999,0.280,8.000,99,9999,99999,9,999999999,0.000,0.999,0,0,999,0.000,0
6,14,2018,7,0,,10.910,10.500,99.000,89238.930,27.706,1323.126,289.054,0.000,0.000,0.000,0.000,0.000,0.000,0.000,999,0.280,8.000,99,9999,99999,9,999999999,0.040,0.999,0,0,999,0.040,99
6,14,2018,8,0,,10.610,10.510,96.000,89238.930,302.143,1323.126,285.799,38.330,0.000,38.330,4599.600,0.000,4216.300,53.707,999,0.280,8.000,99,9999,99999,9,999999999,0.000,0.999,0,0,999,0.000,0
6,14,2018,9,0,,13.790,10.420,78.000,89238.930,549.708,1323.126,298.422,178.370,29.678,166.057,21404.400,2819.363,18266.310,127.404,999,0.280,8.000,99,9999,99999,9,999999999,0.000,0.999,0,0,999,0.000,0
6,14,2018,10,0,,15.750,10.360,69.000,89238.930,747.576,1323.126,306.529,309.860,84.559,262.113,37183.200,8033.140,28832.448,147.760,999,0.300,7.000,99,9999,99999,9,999999999,0.000,0.999,0,0,999,0.000,0
6,14,2018,11,0,,17.470,10.310,62.000,89238.930,881.910,1323.126,313.736,409.900,107.567,338.229,49188.000,10218.839,37205.230,161.584,999,0.450,7.000,99,9999,99999,9,999999999,0.000,0.999,0,0,999,0.000,0
6,14,2018,12,0,,18.850,10.260,57.000,89238.930,943.475,1323.126,319.642,469.280,182.573,339.131,56313.600,17344.435,37304.364,151.430,999,0.990,6.000,99,9999,99999,9,999999999,0.000,0.999,0,0,999,0.000,0
6,14,2018,13,0,,19.830,10.240,53.000,89238.930,928.057,1323.126,323.258,483.300,221.270,328.146,57996.000,21020.606,36096.056,148.962,999,0.910,6.000,99,9999,99999,9,999999999,0.000,0.999,0,0,999,0.000,0
6,14,2018,14,0,,20.400,10.220,51.000,89238.930,836.712,1323.126,325.543,450.880,254.114,290.255,54105.600,24140.829,31928.103,146.166,999,0.780,6.000,99,9999,99999,9,999999999,0.000,0.999,0,0,999,0.000,0
6,14,2018,15,0,,20.550,10.210,51.000,89238.930,675.703,1323.126,326.617,374.530,321.717,210.369,44943.600,30563.158,23140.634,131.232,999,1.110,7.000,99,9999,99999,9,999999999,0.000,0.999,0,0,999,0.000,0
6,14,2018,16,0,,20.110,10.230,57.000,89238.930,456.139,1323.126,328.655,260.520,372.566,132.356,31262.400,35393.817,14559.183,122.471,999,0.950,7.000,99,9999,99999,9,999999999,0.010,0.999,0,0,999,0.010,99
6,14,2018,17,0,,19.070,10.260,61.000,89238.930,193.801,1323.126,324.329,121.020,378.836,66.224,14522.400,35989.397,7284.651,145.737,999,1.120,8.000,99,9999,99999,9,999999999,0.250,0.999,0,0,999,0.250,99
6,14,2018,18,0,,18.200,10.280,68.000,89238.930,0.000,1323.126,323.111,3.410,0.000,0.000,409.200,0.000,0.000,-0.000,999,0.590,8.000,99,9999,99999,9,999999999,1.000,0.999,0,0,999,1.000,99
6,14,2018,19,0,,17.320,10.310,67.000,89238.930,0.000,1323.126,316.172,0.000,0.000,0.000,0.000,0.000,0.000,-0.000,999,0.280,8.000,99,9999,99999,9,999999999,0.550,0.999,0,0,999,0.550,99
6,14,2018,20,0,,16.450,10.340,80.000,89238.930,0.000,1323.126,318.035,0.000,0.000,0.000,0.000,0.000,0.000,-0.000,999,0.280,8.000,99,9999,99999,9,999999999,14.300,0.999,0,0,999,14.300,99
6,14,2018,21,0,,15.580,10.360,74.000,89238.930,0.000,1323.126,308.425,0.000,0.000,0.000,0.000,0.000,0.000,-0.000,999,0.280,8.000,99,9999,99999,9,999999999,0.360,0.999,0,0,999,0.360,99
6,14,2018,22,0,,14.710,10.390,78.000,89238.930,0.000,1323.126,304.712,0.000,0.000,0.000,0.000,0.000,0.000,-0.000,999,0.280,8.000,99,9999,99999,9,999999999,0.090,0.999,0,0,999,0.090,99
6,14,2018,23,0,,13.830,10.410,82.000,89238.930,0.000,1323.126,300.835,0.000,0.000,0.000,0.000,0.000,0.000,-0.000,999,0.280,8.000,99,9999,99999,9,999999999,0.130,0.999,0,0,999,0.130,99
6,14,2018,24,0,,12.960,8.930,76.000,89238.930,0.000,1323.126,291.748,0.000,0.000,0.000,0.000,0.000,0.000,-0.000,999,0.390,8.000,99,9999,99999,9,999999999,0.000,0.999,0,0,999,0.000,0
6,15,2018,1,0,,12.520,8.870,78.000,89238.930,0.000,1323.126,289.903,0.000,0.000,0.000,0.000,0.000,0.000,-0.000,999,0.390,8.000,99,9999,99999,9,999999999,0.000,0.999,0,0,999,0.000,0
6,15,2018,2,0,,12.090,8.810,80.000,89238.930,0.000,1323.126,288.102,0.000,0.000,0.000,0.000,0.000,0.000,-0.000,999,0.390,8.000,99,9999,99999,9,999999999,0.000,0.999,0,0,999,0.000,0
6,15,2018,3,0,,11.650,8.760,82.000,89238.930,0.000,1323.126,286.214,0.000,0.000,0.000,0.000,0.000,0.000,-0.000,999,0.390,8.000,99,9999,99999,9,999999999,0.000,0.999,0,0,999,0.000,0
6,15,2018,4,0,,11.220,8.700,84.000,89238.930,0.000,1322.875,284.373,0.000,0.000,0.000,0.000,0.000,0.000,-0.000,999,0.390,8.000,99,9999,99999,9,999999999,0.000,0.999,0,0,999,0.000,0
6,15,2018,5,0,,10.780,8.640,86.000,89238.930,0.000,1322.875,282.450,0.000,0.000,0.000,0.000,0.000,0.000,-0.000,999,0.390,8.000,99,9999,99999,9,999999999,0.000,0.999,0,0,999,0.000,0
6,15,2018,6,0,,10.440,8.600,88.000,89238.930,0.000,1322.875,281.161,0.000,0.000,0.000,0.000,0.000,0.000,-0.000,999,0.390,8.000,99,9999,99999,9,999999999,0.000,0.999,0,0,999,0.000,0
6,15,2018,7,0,,10.150,8.560,89.000,89238.930,26.387,1322.875,279.731,0.000,0.000,0.000,0.000,0.000,0.000,0.000,999,0.390,8.000,99,9999,99999,9,999999999,0.000,0.999,0,0,999,0.000,0
6,15,2018,8,0,,9.870,8.520,91.000,89238.930,300.612,1322.875,278.804,54.180,0.000,54.180,6501.600,0.000,5959.800,76.291,999,0.390,8.000,99,9999,99999,9,999999999,0.000,0.999,0,0,999,0.000,0
6,15,2018,9,0,,13.700,9.020,73.000,89238.930,548.192,1322.875,295.006,243.210,162.488,175.970,29185.200,15436.375,19356.746,135.359,999,0.390,5.000,99,9999,99999,9,999999999,0.000,0.999,0,0,999,0.000,0
6,15,2018,10,0,,15.750,9.290,65.000,89238.930,746.162,1322.875,303.925,387.040,204.207,271.930,46444.800,19399.676,29912.310,153.556,999,0.390,4.000,99,9999,99999,9,999999999,0.000,0.999,0,0,999,0.000,0
6,15,2018,11,0,,17.640,9.530,58.000,89238.930,880.674,1322.875,311.941,521.400,344.376,292.224,62568.000,32715.724,32144.644,139.775,999,0.390,3.000,99,9999,99999,9,999999999,0.000,0.999,0,0,999,0.000,0
6,15,2018,12,0,,19.180,9.720,54.000,89238.930,942.481,1322.875,319.506,599.740,450.625,278.784,71968.800,42809.399,30666.227,124.591,999,0.390,3.000,99,9999,99999,9,999999999,0.000,0.999,0,0,999,0.000,0
6,15,2018,13,0,,20.240,9.850,51.000,89238.930,927.352,1322.875,324.400,607.130,491.576,262.634,72855.600,46699.716,28889.720,119.291,999,0.530,3.000,99,9999,99999,9,999999999,0.000,0.999,0,0,999,0.000,0
6,15,2018,14,0,,20.990,9.940,49.000,89238.930,836.323,1322.875,327.903,604.880,684.599,172.267,72585.600,65036.889,18949.322,86.774,999,1.140,2.000,99,9999,99999,9,999999999,0.000,0.999,0,0,999,0.000,0
6,15,2018,15,0,,20.970,9.940,49.000,89238.930,675.636,1322.875,327.760,427.390,506.459,168.939,51286.800,48113.634,18583.293,105.377,999,1.010,5.000,99,9999,99999,9,999999999,0.000,0.999,0,0,999,0.000,0
6,15,2018,16,0,,20.410,9.870,50.000,89238.930,456.376,1322.875,324.694,316.210,549.282,127.121,37945.200,52181.749,13983.333,117.543,999,0.680,5.000,99,9999,99999,9,999999999,0.000,0.999,0,0,999,0.000,0
6,15,2018,17,0,,19.220,9.720,54.000,89238.930,194.299,1322.875,319.789,145.320,362.215,92.780,17438.400,34410.466,10205.792,203.601,999,0.580,7.000,99,9999,99999,9,999999999,0.000,0.999,0,0,999,0.000,0
6,15,2018,18,0,,18.420,9.620,56.000,89238.930,0.000,1322.875,315.810,4.530,0.000,0.000,543.600,0.000,0.000,-0.000,999,0.390,7.000,99,9999,99999,9,999999999,0.000,0.999,0,0,999,0.000,0
6,15,2018,19,0,,17.620,9.520,59.000,89238.930,0.000,1322.875,312.564,0.000,0.000,0.000,0.000,0.000,0.000,-0.000,999,0.390,7.000,99,9999,99999,9,999999999,0.000,0.999,0,0,999,0.000,0
6,15,2018,20,0,,16.820,9.420,61.000,89238.930,0.000,1322.875,308.497,0.000,0.000,0.000,0.000,0.000,0.000,-0.000,999,0.390,7.000,99,9999,99999,9,999999999,0.000,0.999,0,0,999,0.000,0
6,15,2018,21,0,,16.020,9.320,64.000,89238.930,0.000,1322.875,305.099,0.000,0.000,0.000,0.000,0.000,0.000,-0.000,999,0.390,7.000,99,9999,99999,9,999999999,0.000,0.999,0,0,999,0.000,0
6,15,2018,22,0,,15.220,9.220,67.000,89238.930,0.000,1322.875,301.621,0.000,0.000,0.000,0.000,0.000,0.000,-0.000,999,0.390,7.000,99,9999,99999,9,999999999,0.000,0.999,0,0,999,0.000,0
6,15,2018,23,0,,14.420,9.120,70.000,89238.930,0.000,1322.875,298.074,0.000,0.000,0.000,0.000,0.000,0.000,-0.000,999,0.390,7.000,99,9999,99999,9,999999999,0.000,0.999,0,0,999,0.000,0
6,15,2018,24,0,,13.630,10.770,86.000,89238.930,0.000,1322.875,301.514,0.000,0.000,0.000,0.000,0.000,0.000,-0.000,999,0.270,7.000,99,9999,99999,9,999999999,0.170,0.999,0,0,999,0.170,99
6,16,2018,1,0,,13.230,10.760,88.000,89238.930,0.000,1322.875,299.763,0.000,0.000,0.000,0.000,0.000,0.000,-0.000,999,0.270,8.000,99,9999,99999,9,999999999,0.040,0.999,0,0,999,0.040,99
6,16,2018,2,0,,12.830,10.750,90.000,89238.930,0.000,1322.875,297.995,0.000,0.000,0.000,0.000,0.000,0.000,-0.000,999,0.270,8.000,99,9999,99999,9,999999999,0.020,0.999,0,0,999,0.020,99
6,16,2018,3,0,,12.430,10.740,97.000,89238.930,0.000,1322.875,298.458,0.000,0.000,0.000,0.000,0.000,0.000,-0.000,999,0.270,8.000,99,9999,99999,9,999999999,3.660,0.999,0,0,999,3.660,99
6,16,2018,4,0,,12.030,10.720,90.000,89238.930,0.000,1322.635,292.588,0.000,0.000,0.000,0.000,0.000,0.000,-0.000,999,0.270,8.000,99,9999,99999,9,999999999,0.000,0.999,0,0,999,0.000,0
6,16,2018,5,0,,11.630,10.710,97.000,89238.930,0.000,1322.635,293.031,0.000,0.000,0.000,0.000,0.000,0.000,-0.000,999,0.270,8.000,99,9999,99999,9,999999999,0.080,0.999,0,0,999,0.080,99
6,16,2018,6,0,,11.320,10.700,99.000,89238.930,0.000,1322.635,291.798,0.000,0.000,0.000,0.000,0.000,0.000,-0.000,999,0.270,8.000,99,9999,99999,9,999999999,0.010,0.999,0,0,999,0.010,99
6,16,2018,7,0,,11.060,10.700,96.000,89238.930,25.121,1322.635,288.783,0.000,0.000,0.000,0.000,0.000,0.000,0.000,999,0.270,8.000,99,9999,99999,9,999999999,0.000,0.999,0,0,999,0.000,0
6,16,2018,8,0,,10.790,10.690,97.000,89238.930,299.154,1322.635,287.415,24.910,0.000,24.910,2989.200,0.000,2740.100,35.242,999,0.270,8.000,99,9999,99999,9,999999999,0.000,0.999,0,0,999,0.000,0
6,16,2018,9,0,,13.500,10.760,82.000,89238.930,546.765,1322.635,298.585,155.560,28.557,143.772,18667.200,2712.881,15814.881,110.861,999,0.270,8.000,99,9999,99999,9,999999999,0.000,0.999,0,0,999,0.000,0
6,16,2018,10,0,,15.820,10.830,71.000,89238.930,744.850,1322.635,308.267,321.270,106.254,261.470,38552.400,10094.101,28761.737,147.883,999,0.270,7.000,99,9999,99999,9,999999999,0.000,0.999,0,0,999,0.000,0
6,16,2018,11,0,,18.380,10.900,61.000,89238.930,879.550,1322.635,319.409,508.280,300.897,308.258,60993.600,28585.188,33908.430,147.607,999,0.270,4.000,99,9999,99999,9,999999999,0.000,0.999,0,0,999,0.000,0
6,16,2018,12,0,,19.420,10.930,57.000,89238.930,941.604,1322.635,323.695,426.100,113.556,345.281,51132.000,10787.849,37980.869,154.425,999,0.310,7.000,99,9999,99999,9,999999999,0.000,0.999,0,0,999,0.000,0
6,16,2018,13,0,,20.610,10.960,53.000,89238.930,926.765,1322.635,328.849,526.200,263.321,341.748,63144.000,25015.494,37592.305,155.296,999,1.320,5.000,99,9999,99999,9,999999999,0.000,0.999,0,0,999,0.000,0
6,16,2018,14,0,,21.900,10.990,49.000,89238.930,836.049,1322.635,334.488,626.830,777.563,135.543,75219.600,73868.489,14909.692,68.285,999,1.460,0.000,99,9999,99999,9,999999999,0.000,0.999,0,0,999,0.000,0
6,16,2018,15,0,,22.410,11.010,48.000,89238.930,675.675,1322.635,337.228,506.200,734.984,131.041,60744.000,69823.474,14414.509,81.718,999,2.040,2.000,99,9999,99999,9,999999999,0.000,0.999,0,0,999,0.000,0
6,16,2018,16,0,,22.190,11.000,49.000,89238.930,456.707,1322.635,336.608,347.730,621.355,133.635,41727.600,59028.723,14699.880,123.454,999,0.810,4.000,99,9999,99999,9,999999999,0.000,0.999,0,0,999,0.000,0
6,16,2018,17,0,,21.060,10.970,52.000,89238.930,194.876,1322.635,331.206,161.920,398.494,103.931,19430.400,37856.908,11432.418,227.338,999,0.540,6.000,99,9999,99999,9,999999999,0.000,0.999,0,0,999,0.000,0
6,16,2018,18,0,,20.390,10.950,54.000,89238.930,0.000,1322.635,328.140,8.410,0.000,0.000,1009.200,0.000,0.000,-0.000,999,0.270,6.000,99,9999,99999,9,999999999,0.000,0.999,0,0,999,0.000,0
6,16,2018,19,0,,19.710,10.930,56.000,89238.930,0.000,1322.635,324.950,0.000,0.000,0.000,0.000,0.000,0.000,-0.000,999,0.270,5.000,99,9999,99999,9,999999999,0.000,0.999,0,0,999,0.000,0
6,16,2018,20,0,,19.030,10.910,58.000,89238.930,0.000,1322.635,321.716,0.000,0.000,0.000,0.000,0.000,0.000,-0.000,999,0.270,5.000,99,9999,99999,9,999999999,0.000,0.999,0,0,999,0.000,0
6,16,2018,21,0,,18.350,10.900,61.000,89238.930,0.000,1322.635,319.196,0.000,0.000,0.000,0.000,0.000,0.000,-0.000,999,0.270,4.000,99,9999,99999,9,999999999,0.000,0.999,0,0,999,0.000,0
6,16,2018,22,0,,17.680,10.880,63.000,89238.930,0.000,1322.635,315.929,0.000,0.000,0.000,0.000,0.000,0.000,-0.000,999,0.270,4.000,99,9999,99999,9,999999999,0.000,0.999,0,0,999,0.000,0
6,16,2018,23,0,,17.000,10.860,66.000,89238.930,0.000,1322.635,313.247,0.000,0.000,0.000,0.000,0.000,0.000,-0.000,999,0.270,4.000,99,9999,99999,9,999999999,0.000,0.999,0,0,999,0.000,0
6,16,2018,24,0,,16.320,12.180,76.000,89238.930,0.000,1322.635,314.794,0.000,0.000,0.000,0.000,0.000,0.000,-0.000,999,0.150,3.000,99,9999,99999,9,999999999,0.000,0.999,0,0,999,0.000,0
6,17,2018,1,0,,15.980,12.430,79.000,89238.930,0.000,1322.635,314.133,0.000,0.000,0.000,0.000,0.000,0.000,-0.000,999,0.150,3.000,99,9999,99999,9,999999999,0.000,0.999,0,0,999,0.000,0
6,17,2018,2,0,,15.640,12.660,82.000,89238.930,0.000,1322.635,313.405,0.000,0.000,0.000,0.000,0.000,0.000,-0.000,999,0.150,2.000,99,9999,99999,9,999999999,0.000,0.999,0,0,999,0.000,0
6,17,2018,3,0,,15.310,12.890,85.000,89238.930,0.000,1322.635,312.684,0.000,0.000,0.000,0.000,0.000,0.000,-0.000,999,0.150,2.000,99,9999,99999,9,999999999,0.000,0.999,0,0,999,0.000,0
6,17,2018,4,0,,14.970,13.120,88.000,89238.930,0.000,1322.408,311.835,0.000,0.000,0.000,0.000,0.000,0.000,-0.000,999,0.150,2.000,99,9999,99999,9,999999999,0.000,0.999,0,0,999,0.000,0
6,17,2018,5,0,,14.630,13.350,91.000,89238.930,0.000,1322.408,310.933,0.000,0.000,0.000,0.000,0.000,0.000,-0.000,999,0.150,1.000,99,9999,99999,9,999999999,0.000,0.999,0,0,999,0.000,0
6,17,2018,6,0,,14.370,13.520,94.000,89238.930,0.000,1322.408,310.544,0.000,0.000,0.000,0.000,0.000,0.000,-0.000,999,0.150,1.000,99,9999,99999,9,999999999,0.000,0.999,0,0,999,0.000,0
6,17,2018,7,0,,14.140,13.670,96.000,89238.930,23.911,1322.408,309.859,0.000,0.000,0.000,0.000,0.000,0.000,0.000,999,0.150,0.000,99,9999,99999,9,999999999,0.000,0.999,0,0,999,0.000,0
6,17,2018,8,0,,13.920,13.810,99.000,89238.930,297.770,1322.408,309.674,103.850,102.340,80.929,12462.000,9722.279,8902.138,115.015,999,0.150,0.000,99,9999,99999,9,999999999,0.000,0.999,0,0,999,0.000,0
6,17,2018,9,0,,16.150,12.310,77.000,89238.930,545.428,1322.408,314.182,210.380,81.392,176.857,25245.600,7732.279,19454.313,136.685,999,0.150,6.000,99,9999,99999,9,999999999,0.000,0.999,0,0,999,0.000,0
6,17,2018,10,0,,17.240,11.520,68.000,89238.930,743.641,1322.408,316.276,386.590,212.045,267.425,46390.800,20144.245,29416.712,151.471,999,0.150,4.000,99,9999,99999,9,999999999,0.000,0.999,0,0,999,0.000,0
6,17,2018,11,0,,18.140,10.830,61.000,89238.930,878.538,1322.408,317.711,485.120,246.592,321.358,58214.400,23426.207,35349.430,154.030,999,0.190,5.000,99,9999,99999,9,999999999,0.000,0.999,0,0,999,0.000,0
6,17,2018,12,0,,19.580,9.680,52.000,89238.930,940.846,1322.408,320.608,802.950,573.423,395.097,96354.000,54475.225,43460.659,176.818,999,0.320,0.000,99,9999,99999,9,999999999,0.000,0.999,0,0,999,0.000,0
6,17,2018,13,0,,19.650,9.620,56.000,89238.930,926.297,1322.408,324.520,431.270,152.308,324.616,51752.400,14469.296,35707.789,147.560,999,1.130,7.000,99,9999,99999,9,999999999,0.030,0.999,0,0,999,0.030,99
6,17,2018,14,0,,19.290,9.920,59.000,89238.930,835.889,1322.408,324.361,297.130,18.221,285.618,35655.600,1731.000,31417.939,143.894,999,1.700,8.000,99,9999,99999,9,999999999,0.330,0.999,0,0,999,0.330,99
6,17,2018,15,0,,18.940,10.200,61.000,89238.930,675.819,1322.408,323.398,271.360,85.393,227.756,32563.200,8112.343,25053.141,141.976,999,2.240,8.000,99,9999,99999,9,999999999,0.220,0.999,0,0,999,0.220,99
6,17,2018,16,0,,18.230,10.760,76.000,89238.930,457.131,1322.408,328.504,110.220,0.000,110.220,13226.400,0.000,12124.200,101.710,999,2.000,8.000,99,9999,99999,9,999999999,23.350,0.999,0,0,999,23.350,99
6,17,2018,17,0,,17.700,11.170,75.000,89238.930,195.531,1322.408,324.041,124.950,328.560,76.965,14994.000,31213.233,8466.145,167.746,999,0.950,8.000,99,9999,99999,9,999999999,1.480,0.999,0,0,999,1.480,99
6,17,2018,18,0,,17.340,11.440,73.000,89238.930,0.000,1322.408,320.212,3.830,0.000,0.000,459.600,0.000,0.000,-0.000,999,0.360,8.000,99,9999,99999,9,999999999,0.060,0.999,0,0,999,0.060,99
6,17,2018,19,0,,16.980,11.710,75.000,89238.930,0.000,1322.408,318.877,0.000,0.000,0.000,0.000,0.000,0.000,-0.000,999,0.220,8.000,99,9999,99999,9,999999999,0.790,0.999,0,0,999,0.790,99
6,17,2018,20,0,,16.620,11.970,78.000,89238.930,0.000,1322.408,318.096,0.000,0.000,0.000,0.000,0.000,0.000,-0.000,999,0.160,8.000,99,9999,99999,9,999999999,0.490,0.999,0,0,999,0.490,99
6,17,2018,21,0,,16.260,12.230,81.000,89238.930,0.000,1322.408,317.245,0.000,0.000,0.000,0.000,0.000,0.000,-0.000,999,0.150,8.000,99,9999,99999,9,999999999,0.090,0.999,0,0,999,0.090,99
6,17,2018,22,0,,15.900,12.480,84.000,89238.930,0.000,1322.408,316.330,0.000,0.000,0.000,0.000,0.000,0.000,-0.000,999,0.150,8.000,99,9999,99999,9,999999999,0.140,0.999,0,0,999,0.140,99
6,17,2018,23,0,,15.540,12.730,88.000,89238.930,0.000,1322.408,315.870,0.000,0.000,0.000,0.000,0.000,0.000,-0.000,999,0.150,8.000,99,9999,99999,9,999999999,0.010,0.999,0,0,999,0.010,99
6,17,2018,24,0,,15.180,13.560,90.000,89238.930,0.000,1322.408,314.325,0.000,0.000,0.000,0.000,0.000,0.000,-0.000,999,3.210,8.000,99,9999,99999,9,999999999,0.830,0.999,0,0,999,0.830,99
6,18,2018,1,0,,15.000,13.600,91.000,89238.930,0.000,1322.408,313.545,0.000,0.000,0.000,0.000,0.000,0.000,-0.000,999,4.700,8.000,99,9999,99999,9,999999999,0.450,0.999,0,0,999,0.450,99
6,18,2018,2,0,,14.820,13.630,93.000,89238.930,0.000,1322.408,313.244,0.000,0.000,0.000,0.000,0.000,0.000,-0.000,999,8.640,8.000,99,9999,99999,9,999999999,0.030,0.999,0,0,999,0.030,99
6,18,2018,3,0,,14.640,13.660,89.000,89238.930,0.000,1322.408,310.018,0.000,0.000,0.000,0.000,0.000,0.000,-0.000,999,4.720,8.000,99,9999,99999,9,999999999,0.000,0.999,0,0,999,0.000,0
6,18,2018,4,0,,14.460,13.690,95.000,89238.930,0.000,1322.194,311.648,0.000,0.000,0.000,0.000,0.000,0.000,-0.000,999,4.100,8.000,99,9999,99999,9,999999999,0.040,0.999,0,0,999,0.040,99
6,18,2018,5,0,,14.280,13.720,96.000,89238.930,0.000,1322.194,310.844,0.000,0.000,0.000,0.000,0.000,0.000,-0.000,999,2.860,8.000,99,9999,99999,9,999999999,0.130,0.999,0,0,999,0.130,99
6,18,2018,6,0,,14.140,13.750,97.000,89238.930,0.000,1322.194,310.318,0.000,0.000,0.000,0.000,0.000,0.000,-0.000,999,3.410,8.000,99,9999,99999,9,999999999,0.080,0.999,0,0,999,0.080,99
6,18,2018,7,0,,14.020,13.770,98.000,89238.930,22.756,1322.194,309.928,0.000,0.000,0.000,0.000,0.000,0.000,0.000,999,2.210,8.000,99,9999,99999,9,999999999,0.160,0.999,0,0,999,0.160,99
6,18,2018,8,0,,13.900,13.790,99.000,89238.930,296.463,1322.194,309.533,22.800,0.000,22.800,2736.000,0.000,2508.000,32.542,999,3.140,8.000,99,9999,99999,9,999999999,0.250,0.999,0,0,999,0.250,99
6,18,2018,9,0,,15.190,13.560,90.000,89238.930,544.183,1322.194,314.396,120.300,0.000,120.300,14436.000,0.000,13233.000,93.172,999,2.310,8.000,99,9999,99999,9,999999999,0.100,0.999,0,0,999,0.100,99
6,18,2018,10,0,,15.290,13.540,90.000,89238.930,742.537,1322.194,315.106,88.950,0.000,88.950,10674.000,0.000,9784.500,50.449,999,1.350,8.000,99,9999,99999,9,999999999,0.540,0.999,0,0,999,0.540,99
6,18,2018,11,0,,16.100,13.400,85.000,89238.930,877.640,1322.194,318.292,256.950,12.596,248.592,30834.000,1196.637,27345.128,119.255,999,1.300,8.000,99,9999,99999,9,999999999,0.010,0.999,0,0,999,0.010,99
6,18,2018,12,0,,16.730,13.280,81.000,89238.930,940.205,1322.194,320.604,294.720,11.617,286.461,35366.400,1103.628,31510.763,128.267,999,0.710,8.000,99,9999,99999,9,999999999,0.300,0.999,0,0,999,0.300,99
6,18,2018,13,0,,17.170,13.200,79.000,89238.930,925.947,1322.194,322.620,303.970,13.882,294.251,36476.400,1318.809,32367.622,133.786,999,0.710,8.000,99,9999,99999,9,999999999,0.670,0.999,0,0,999,0.670,99
6,18,2018,14,0,,17.430,13.160,77.000,89238.930,835.842,1322.194,323.310,284.000,16.833,273.364,34080.000,1599.117,30069.997,137.706,999,0.710,8.000,99,9999,99999,9,999999999,0.020,0.999,0,0,999,0.020,99
6,18,2018,15,0,,17.540,13.140,77.000,89238.930,676.068,1322.194,324.104,243.190,30.429,227.644,29182.800,2890.727,25040.836,141.831,999,1.080,8.000,99,9999,99999,9,999999999,0.060,0.999,0,0,999,0.060,99
6,18,2018,16,0,,17.410,13.160,77.000,89238.930,457.647,1322.194,323.166,164.890,73.038,139.664,19786.800,6938.569,15362.995,128.714,999,0.920,8.000,99,9999,99999,9,999999999,0.200,0.999,0,0,999,0.200,99
6,18,2018,17,0,,17.040,13.230,75.000,89238.930,196.260,1322.194,319.305,77.230,182.853,50.418,9267.600,17371.018,5546.034,109.451,999,0.740,8.000,99,9999,99999,9,999999999,0.000,0.999,0,0,999,0.000,0
6,18,2018,18,0,,16.770,13.280,81.000,89238.930,0.000,1322.194,320.892,2.450,0.000,0.000,294.000,0.000,0.000,-0.000,999,0.710,8.000,99,9999,99999,9,999999999,0.370,0.999,0,0,999,0.370,99
6,18,2018,19,0,,16.500,13.330,87.000,89238.930,0.000,1322.194,322.230,0.000,0.000,0.000,0.000,0.000,0.000,-0.000,999,0.730,8.000,99,9999,99999,9,999999999,3.060,0.999,0,0,999,3.060,99
6,18,2018,20,0,,16.240,13.370,89.000,89238.930,0.000,1322.194,321.399,0.000,0.000,0.000,0.000,0.000,0.000,-0.000,999,0.710,8.000,99,9999,99999,9,999999999,1.890,0.999,0,0,999,1.890,99
6,18,2018,21,0,,15.970,13.420,95.000,89238.930,0.000,1322.194,322.447,0.000,0.000,0.000,0.000,0.000,0.000,-0.000,999,0.750,8.000,99,9999,99999,9,999999999,32.400,0.999,0,0,999,32.400,99
6,18,2018,22,0,,15.700,13.470,92.000,89238.930,0.000,1322.194,319.030,0.000,0.000,0.000,0.000,0.000,0.000,-0.000,999,0.710,8.000,99,9999,99999,9,999999999,1.050,0.999,0,0,999,1.050,99
6,18,2018,23,0,,15.430,13.520,93.000,89238.930,0.000,1322.194,317.586,0.000,0.000,0.000,0.000,0.000,0.000,-0.000,999,0.720,8.000,99,9999,99999,9,999999999,1.370,0.999,0,0,999,1.370,99
6,18,2018,24,0,,15.160,13.940,90.000,89238.930,0.000,1322.194,314.183,0.000,0.000,0.000,0.000,0.000,0.000,-0.000,999,1.490,8.000,99,9999,99999,9,999999999,0.540,0.999,0,0,999,0.540,99
6,19,2018,1,0,,15.020,13.970,94.000,89238.930,0.000,1322.194,315.143,0.000,0.000,0.000,0.000,0.000,0.000,-0.000,999,0.970,8.000,99,9999,99999,9,999999999,2.660,0.999,0,0,999,2.660,99
6,19,2018,2,0,,14.890,13.990,99.000,89238.930,0.000,1322.194,316.554,0.000,0.000,0.000,0.000,0.000,0.000,-0.000,999,0.700,8.000,99,9999,99999,9,999999999,29.460,0.999,0,0,999,29.460,99
6,19,2018,3,0,,14.750,14.010,96.000,89238.930,0.000,1322.194,314.170,0.000,0.000,0.000,0.000,0.000,0.000,-0.000,999,0.560,8.000,99,9999,99999,9,999999999,1.620,0.999,0,0,999,1.620,99
6,19,2018,4,0,,14.620,14.030,93.000,89238.930,0.000,1321.991,311.830,0.000,0.000,0.000,0.000,0.000,0.000,-0.000,999,0.560,8.000,99,9999,99999,9,999999999,0.880,0.999,0,0,999,0.880,99
6,19,2018,5,0,,14.480,14.050,94.000,89238.930,0.000,1321.991,311.318,0.000,0.000,0.000,0.000,0.000,0.000,-0.000,999,0.560,8.000,99,9999,99999,9,999999999,0.050,0.999,0,0,999,0.050,99
6,19,2018,6,0,,14.380,14.070,94.000,89238.930,0.000,1321.991,310.614,0.000,0.000,0.000,0.000,0.000,0.000,-0.000,999,0.560,8.000,99,9999,99999,9,999999999,0.140,0.999,0,0,999,0.140,99
6,19,2018,7,0,,14.290,14.080,95.000,89238.930,21.660,1321.991,310.450,0.000,0.000,0.000,0.000,0.000,0.000,0.000,999,0.560,8.000,99,9999,99999,9,999999999,0.230,0.999,0,0,999,0.230,99
6,19,2018,8,0,,14.200,14.090,95.000,89238.930,295.234,1321.991,309.817,42.110,0.000,42.110,5053.200,0.000,4632.100,60.347,999,0.560,8.000,99,9999,99999,9,999999999,0.280,0.999,0,0,999,0.280,99
6,19,2018,9,0,,15.800,13.840,87.000,89238.930,543.032,1321.991,317.206,131.860,2.144,130.981,15823.200,203.657,14407.874,101.645,999,0.560,8.000,99,9999,99999,9,999999999,0.060,0.999,0,0,999,0.060,99
6,19,2018,10,0,,15.990,13.810,86.000,89238.930,741.539,1321.991,318.038,117.930,0.000,117.930,14151.600,0.000,12972.300,66.965,999,0.560,8.000,99,9999,99999,9,999999999,0.010,0.999,0,0,999,0.010,99
6,19,2018,11,0,,16.670,13.710,83.000,89238.930,876.857,1321.991,321.292,245.690,21.871,231.189,29482.800,2077.763,25430.745,110.989,999,0.560,8.000,99,9999,99999,9,999999999,0.030,0.999,0,0,999,0.030,99
6,19,2018,12,0,,17.210,13.620,80.000,89238.930,939.684,1321.991,323.489,281.920,9.943,274.854,33830.400,944.586,30233.990,123.119,999,0.890,8.000,99,9999,99999,9,999999999,0.010,0.999,0,0,999,0.010,99
6,19,2018,13,0,,17.600,13.560,75.000,89238.930,925.715,1321.991,323.320,290.880,11.776,282.637,34905.600,1118.678,31090.044,128.518,999,1.290,8.000,99,9999,99999,9,999999999,0.000,0.999,0,0,999,0.000,0
6,19,2018,14,0,,17.830,13.520,78.000,89238.930,835.909,1321.991,326.806,271.870,14.042,262.995,32624.400,1333.975,28929.462,132.452,999,1.440,8.000,99,9999,99999,9,999999999,0.090,0.999,0,0,999,0.090,99
6,19,2018,15,0,,17.900,13.510,77.000,89238.930,676.421,1321.991,326.713,226.350,21.902,215.153,27162.000,2080.644,23666.824,133.958,999,1.270,8.000,99,9999,99999,9,999999999,0.180,0.999,0,0,999,0.180,99
6,19,2018,16,0,,17.750,13.530,78.000,89238.930,458.252,1321.991,326.225,158.080,59.123,137.629,18969.600,5616.655,15139.228,126.651,999,1.660,8.000,99,9999,99999,9,999999999,0.020,0.999,0,0,999,0.020,99
6,19,2018,17,0,,17.370,13.590,83.000,89238.930,197.064,1321.991,326.358,74.230,160.347,50.616,8907.600,15232.954,5567.790,109.405,999,1.260,8.000,99,9999,99999,9,999999999,1.160,0.999,0,0,999,1.160,99
6,19,2018,18,0,,16.850,13.680,82.000,89238.930,0.000,1321.991,322.030,2.440,0.000,0.000,292.800,0.000,0.000,-0.000,999,1.480,7.000,99,9999,99999,9,999999999,0.680,0.999,0,0,999,0.680,99
6,19,2018,19,0,,16.340,13.760,84.000,89238.930,0.000,1321.991,319.471,0.000,0.000,0.000,0.000,0.000,0.000,-0.000,999,1.360,7.000,99,9999,99999,9,999999999,0.440,0.999,0,0,999,0.440,99
6,19,2018,20,0,,15.830,13.840,87.000,89238.930,0.000,1321.991,317.420,0.000,0.000,0.000,0.000,0.000,0.000,-0.000,999,1.800,6.000,99,9999,99999,9,999999999,0.110,0.999,0,0,999,0.110,99
6,19,2018,21,0,,15.320,13.920,89.000,89238.930,0.000,1321.991,314.816,0.000,0.000,0.000,0.000,0.000,0.000,-0.000,999,2.260,6.000,99,9999,99999,9,999999999,0.350,0.999,0,0,999,0.350,99
6,19,2018,22,0,,14.810,14.000,88.000,89238.930,0.000,1321.991,310.710,0.000,0.000,0.000,0.000,0.000,0.000,-0.000,999,2.690,5.000,99,9999,99999,9,999999999,0.000,0.999,0,0,999,0.000,0
6,19,2018,23,0,,14.300,14.080,91.000,89238.930,0.000,1321.991,308.618,0.000,0.000,0.000,0.000,0.000,0.000,-0.000,999,4.240,5.000,99,9999,99999,9,999999999,0.000,0.999,0,0,999,0.000,0
6,19,2018,24,0,,13.790,11.930,86.000,89238.930,0.000,1321.991,302.613,0.000,0.000,0.000,0.000,0.000,0.000,-0.000,999,0.520,4.000,99,9999,99999,9,999999999,0.000,0.999,0,0,999,0.000,0
6,20,2018,1,0,,13.530,11.920,87.000,89238.930,0.000,1321.991,301.326,0.000,0.000,0.000,0.000,0.000,0.000,-0.000,999,0.710,4.000,99,9999,99999,9,999999999,0.000,0.999,0,0,999,0.000,0
6,20,2018,2,0,,13.280,11.910,88.000,89238.930,0.000,1321.991,300.105,0.000,0.000,0.000,0.000,0.000,0.000,-0.000,999,0.610,3.000,99,9999,99999,9,999999999,0.000,0.999,0,0,999,0.000,0
6,20,2018,3,0,,13.020,11.900,90.000,89238.930,0.000,1321.991,299.290,0.000,0.000,0.000,0.000,0.000,0.000,-0.000,999,1.020,3.000,99,9999,99999,9,999999999,0.000,0.999,0,0,999,0.000,0
6,20,2018,4,0,,12.770,11.900,91.000,89238.930,0.000,1321.801,298.057,0.000,0.000,0.000,0.000,0.000,0.000,-0.000,999,0.620,2.000,99,9999,99999,9,999999999,0.000,0.999,0,0,999,0.000,0
6,20,2018,5,0,,12.510,11.890,92.000,89238.930,0.000,1321.801,296.753,0.000,0.000,0.000,0.000,0.000,0.000,-0.000,999,0.310,2.000,99,9999,99999,9,999999999,0.000,0.999,0,0,999,0.000,0
6,20,2018,6,0,,12.310,11.880,93.000,89238.930,0.000,1321.801,295.854,0.000,0.000,0.000,0.000,0.000,0.000,-0.000,999,0.250,1.000,99,9999,99999,9,999999999,0.000,0.999,0,0,999,0.000,0
6,20,2018,7,0,,12.140,11.880,94.000,89238.930,20.622,1321.801,295.155,0.000,0.000,0.000,0.000,0.000,0.000,0.000,999,0.510,1.000,99,9999,99999,9,999999999,0.000,0.999,0,0,999,0.000,0
6,20,2018,8,0,,11.970,11.870,95.000,89238.930,294.085,1321.801,294.451,118.590,181.842,78.353,14230.800,17274.989,8618.827,112.713,999,0.650,0.000,99,9999,99999,9,999999999,0.000,0.999,0,0,999,0.000,0
6,20,2018,9,0,,16.980,12.030,71.000,89238.930,541.976,1321.801,316.390,368.430,570.880,134.690,44211.600,54233.630,14815.922,104.713,999,1.000,0.000,99,9999,99999,9,999999999,0.000,0.999,0,0,999,0.000,0
6,20,2018,10,0,,17.910,12.060,68.000,89238.930,740.649,1321.801,321.034,378.910,215.977,257.969,45469.200,20517.800,28376.543,146.639,999,0.990,5.000,99,9999,99999,9,999999999,0.000,0.999,0,0,999,0.000,0
6,20,2018,11,0,,18.620,12.080,65.000,89238.930,876.190,1321.801,324.041,426.040,145.833,329.407,51124.800,13854.176,36234.749,158.239,999,1.190,6.000,99,9999,99999,9,999999999,0.000,0.999,0,0,999,0.000,0
6,20,2018,12,0,,17.730,12.050,68.000,89238.930,939.281,1321.801,319.751,196.210,11.092,188.330,23545.200,1053.717,20716.343,84.385,999,1.100,8.000,99,9999,99999,9,999999999,0.000,0.999,0,0,999,0.000,0
6,20,2018,13,0,,18.190,12.070,71.000,89238.930,925.601,1321.801,325.037,375.720,67.439,328.510,45086.400,6406.704,36136.073,149.373,999,2.570,8.000,99,9999,99999,9,999999999,0.030,0.999,0,0,999,0.030,99
6,20,2018,14,0,,17.430,12.040,74.000,89238.930,836.087,1321.801,321.480,158.630,4.694,155.662,19035.600,445.940,17122.833,78.368,999,2.960,8.000,99,9999,99999,9,999999999,0.010,0.999,0,0,999,0.010,99
6,20,2018,15,0,,17.500,12.050,74.000,89238.930,676.875,1321.801,321.982,305.800,138.154,235.112,36696.000,13124.629,25862.275,146.265,999,3.140,8.000,99,9999,99999,9,999999999,0.010,0.999,0,0,999,0.010,99
6,20,2018,16,0,,16.700,12.020,73.000,89238.930,458.947,1321.801,315.665,83.790,0.000,83.790,10054.800,0.000,9216.900,76.978,999,1.780,8.000,99,9999,99999,9,999999999,0.000,0.999,0,0,999,0.000,0
6,20,2018,17,0,,16.100,12.000,80.000,89238.930,197.939,1321.801,315.548,96.330,142.230,75.286,11559.600,13511.892,8281.446,161.967,999,1.930,8.000,99,9999,99999,9,999999999,0.040,0.999,0,0,999,0.040,99
6,20,2018,18,0,,15.540,11.980,82.000,89238.930,0.000,1321.801,312.700,3.290,0.000,0.000,394.800,0.000,0.000,-0.000,999,0.930,8.000,99,9999,99999,9,999999999,0.110,0.999,0,0,999,0.110,99
6,20,2018,19,0,,14.980,11.970,84.000,89238.930,0.000,1321.801,309.840,0.000,0.000,0.000,0.000,0.000,0.000,-0.000,999,0.390,8.000,99,9999,99999,9,999999999,0.530,0.999,0,0,999,0.530,99
6,20,2018,20,0,,14.420,11.950,87.000,89238.930,0.000,1321.801,307.478,0.000,0.000,0.000,0.000,0.000,0.000,-0.000,999,0.250,8.000,99,9999,99999,9,999999999,0.270,0.999,0,0,999,0.270,99
6,20,2018,21,0,,13.860,11.930,99.000,89238.930,0.000,1321.801,309.252,0.000,0.000,0.000,0.000,0.000,0.000,-0.000,999,0.250,8.000,99,9999,99999,9,999999999,8.770,0.999,0,0,999,8.770,99
6,20,2018,22,0,,13.310,11.910,93.000,89238.930,0.000,1321.801,302.691,0.000,0.000,0.000,0.000,0.000,0.000,-0.000,999,0.250,8.000,99,9999,99999,9,999999999,0.170,0.999,0,0,999,0.170,99
6,20,2018,23,0,,12.750,11.890,96.000,89238.930,0.000,1321.801,300.206,0.000,0.000,0.000,0.000,0.000,0.000,-0.000,999,0.250,8.000,99,9999,99999,9,999999999,0.070,0.999,0,0,999,0.070,99
6,20,2018,24,0,,12.190,9.150,86.000,89238.930,0.000,1321.801,291.762,0.000,0.000,0.000,0.000,0.000,0.000,-0.000,999,0.280,8.000,99,9999,99999,9,999999999,0.010,0.999,0,0,999,0.010,99
6,21,2018,1,0,,11.910,9.130,88.000,89238.930,0.000,1321.801,290.848,0.000,0.000,0.000,0.000,0.000,0.000,-0.000,999,0.280,8.000,99,9999,99999,9,999999999,0.010,0.999,0,0,999,0.010,99
6,21,2018,2,0,,11.630,9.110,89.000,89238.930,0.000,1321.801,289.450,0.000,0.000,0.000,0.000,0.000,0.000,-0.000,999,0.280,8.000,99,9999,99999,9,999999999,0.940,0.999,0,0,999,0.940,99
6,21,2018,3,0,,11.350,9.090,90.000,89238.930,0.000,1321.801,288.051,0.000,0.000,0.000,0.000,0.000,0.000,-0.000,999,0.280,8.000,99,9999,99999,9,999999999,0.040,0.999,0,0,999,0.040,99
6,21,2018,4,0,,11.070,9.070,87.000,89238.930,0.000,1321.624,284.816,0.000,0.000,0.000,0.000,0.000,0.000,-0.000,999,0.280,8.000,99,9999,99999,9,999999999,0.000,0.999,0,0,999,0.000,0
6,21,2018,5,0,,10.800,9.050,88.000,89238.930,0.000,1321.624,283.510,0.000,0.000,0.000,0.000,0.000,0.000,-0.000,999,0.280,8.000,99,9999,99999,9,999999999,0.000,0.999,0,0,999,0.000,0
6,21,2018,6,0,,10.580,9.030,90.000,89238.930,0.000,1321.624,282.980,0.000,0.000,0.000,0.000,0.000,0.000,-0.000,999,0.280,8.000,99,9999,99999,9,999999999,0.000,0.999,0,0,999,0.000,0
6,21,2018,7,0,,10.400,9.020,91.000,89238.930,19.645,1321.624,282.249,0.000,0.000,0.000,0.000,0.000,0.000,0.000,999,0.280,8.000,99,9999,99999,9,999999999,0.000,0.999,0,0,999,0.000,0
6,21,2018,8,0,,10.210,9.000,92.000,89238.930,293.018,1321.624,281.450,46.620,0.000,46.620,5594.400,0.000,5128.200,67.302,999,0.280,8.000,99,9999,99999,9,999999999,0.000,0.999,0,0,999,0.000,0
6,21,2018,9,0,,13.180,9.220,76.000,89238.930,541.017,1321.624,293.216,232.340,143.975,173.488,27880.800,13677.653,19083.661,135.097,999,0.440,5.000,99,9999,99999,9,999999999,0.000,0.999,0,0,999,0.000,0
6,21,2018,10,0,,15.140,9.360,68.000,89238.930,739.866,1321.624,301.715,414.940,315.678,238.332,49792.800,29989.413,26216.488,135.602,999,0.550,3.000,99,9999,99999,9,999999999,0.000,0.999,0,0,999,0.000,0
6,21,2018,11,0,,16.610,9.460,62.000,89238.930,875.638,1321.624,307.764,508.950,324.941,293.742,61074.000,30869.351,32311.652,141.177,999,1.110,4.000,99,9999,99999,9,999999999,0.000,0.999,0,0,999,0.000,0
6,21,2018,12,0,,17.840,9.550,58.000,89238.930,938.998,1321.624,313.333,587.860,422.309,287.901,70543.200,40119.346,31669.115,129.021,999,0.490,3.000,99,9999,99999,9,999999999,0.000,0.999,0,0,999,0.000,0
6,21,2018,13,0,,18.820,9.610,55.000,89238.930,925.605,1321.624,317.804,635.620,555.330,246.810,76274.400,52756.386,27149.150,112.209,999,0.850,2.000,99,9999,99999,9,999999999,0.000,0.999,0,0,999,0.000,0
6,21,2018,14,0,,19.440,9.660,53.000,89238.930,836.377,1321.624,320.490,606.990,690.769,170.035,72838.800,65623.066,18703.861,85.563,999,0.670,2.000,99,9999,99999,9,999999999,0.000,0.999,0,0,999,0.000,0
6,21,2018,15,0,,19.710,9.670,52.000,89238.930,677.431,1321.624,321.528,535.710,789.053,131.593,64285.200,74960.080,14475.254,81.787,999,0.640,0.000,99,9999,99999,9,999999999,0.000,0.999,0,0,999,0.000,0
6,21,2018,16,0,,19.450,9.660,53.000,89238.930,459.729,1321.624,320.560,382.270,726.514,130.083,45872.400,69018.859,14309.175,119.287,999,0.570,2.000,99,9999,99999,9,999999999,0.000,0.999,0,0,999,0.000,0
6,21,2018,17,0,,18.520,9.590,56.000,89238.930,198.885,1321.624,316.512,181.460,396.699,122.470,21775.200,37686.444,13471.701,262.158,999,1.250,5.000,99,9999,99999,9,999999999,0.000,0.999,0,0,999,0.000,0
6,21,2018,18,0,,17.780,9.540,58.000,89238.930,0.000,1321.624,312.915,10.300,0.000,0.000,1236.000,0.000,0.000,-0.000,999,0.560,5.000,99,9999,99999,9,999999999,0.000,0.999,0,0,999,0.000,0
6,21,2018,19,0,,17.040,9.490,61.000,89238.930,0.000,1321.624,310.018,0.000,0.000,0.000,0.000,0.000,0.000,-0.000,999,0.410,5.000,99,9999,99999,9,999999999,0.000,0.999,0,0,999,0.000,0
6,21,2018,20,0,,16.290,9.440,63.000,89238.930,0.000,1321.624,306.264,0.000,0.000,0.000,0.000,0.000,0.000,-0.000,999,0.380,6.000,99,9999,99999,9,999999999,0.000,0.999,0,0,999,0.000,0
6,21,2018,21,0,,15.550,9.380,66.000,89238.930,0.000,1321.624,303.220,0.000,0.000,0.000,0.000,0.000,0.000,-0.000,999,0.280,6.000,99,9999,99999,9,999999999,0.000,0.999,0,0,999,0.000,0
6,21,2018,22,0,,14.810,9.330,69.000,89238.930,0.000,1321.624,300.099,0.000,0.000,0.000,0.000,0.000,0.000,-0.000,999,0.310,6.000,99,9999,99999,9,999999999,0.000,0.999,0,0,999,0.000,0
6,21,2018,23,0,,14.070,9.280,72.000,89238.930,0.000,1321.624,296.911,0.000,0.000,0.000,0.000,0.000,0.000,-0.000,999,0.280,6.000,99,9999,99999,9,999999999,0.000,0.999,0,0,999,0.000,0
6,21,2018,24,0,,13.320,9.350,76.000,89238.930,0.000,1321.624,294.153,0.000,0.000,0.000,0.000,0.000,0.000,-0.000,999,0.110,6.000,99,9999,99999,9,999999999,0.000,0.999,0,0,999,0.000,0
6,22,2018,1,0,,12.950,9.320,78.000,89238.930,0.000,1321.624,292.766,0.000,0.000,0.000,0.000,0.000,0.000,-0.000,999,0.110,7.000,99,9999,99999,9,999999999,0.000,0.999,0,0,999,0.000,0
6,22,2018,2,0,,12.580,9.290,80.000,89238.930,0.000,1321.624,291.353,0.000,0.000,0.000,0.000,0.000,0.000,-0.000,999,0.110,7.000,99,9999,99999,9,999999999,0.000,0.999,0,0,999,0.000,0
6,22,2018,3,0,,12.210,9.260,82.000,89238.930,0.000,1321.624,289.916,0.000,0.000,0.000,0.000,0.000,0.000,-0.000,999,0.110,7.000,99,9999,99999,9,999999999,0.000,0.999,0,0,999,0.000,0
6,22,2018,4,0,,11.840,9.230,83.000,89238.930,0.000,1321.458,287.964,0.000,0.000,0.000,0.000,0.000,0.000,-0.000,999,0.110,7.000,99,9999,99999,9,999999999,0.000,0.999,0,0,999,0.000,0
6,22,2018,5,0,,11.470,9.200,85.000,89238.930,0.000,1321.458,286.499,0.000,0.000,0.000,0.000,0.000,0.000,-0.000,999,0.110,7.000,99,9999,99999,9,999999999,0.000,0.999,0,0,999,0.000,0
6,22,2018,6,0,,11.180,9.170,87.000,89238.930,0.000,1321.458,285.539,0.000,0.000,0.000,0.000,0.000,0.000,-0.000,999,0.110,8.000,99,9999,99999,9,999999999,0.000,0.999,0,0,999,0.000,0
6,22,2018,7,0,,10.940,9.150,88.000,89238.930,18.729,1321.458,284.427,0.000,0.000,0.000,0.000,0.000,0.000,0.000,999,0.110,8.000,99,9999,99999,9,999999999,0.000,0.999,0,0,999,0.000,0
6,22,2018,8,0,,10.690,9.130,90.000,89238.930,292.035,1321.458,283.700,30.890,0.000,30.890,3706.800,0.000,3397.900,44.740,999,0.170,8.000,99,9999,99999,9,999999999,0.000,0.999,0,0,999,0.000,0
6,22,2018,9,0,,12.950,9.320,78.000,89238.930,540.157,1321.458,292.766,206.090,87.885,170.218,24730.800,8349.102,18724.019,132.746,999,0.210,6.000,99,9999,99999,9,999999999,0.000,0.999,0,0,999,0.000,0
6,22,2018,10,0,,14.730,9.460,70.000,89238.930,739.194,1321.458,300.173,398.870,265.117,250.665,47864.400,25186.073,27573.172,142.731,999,0.330,4.000,99,9999,99999,9,999999999,0.000,0.999,0,0,999,0.000,0
6,22,2018,11,0,,16.190,9.580,64.000,89238.930,875.203,1321.458,306.266,518.680,346.460,289.306,62241.600,32913.672,31823.609,139.096,999,0.760,3.000,99,9999,99999,9,999999999,0.000,0.999,0,0,999,0.000,0
6,22,2018,12,0,,17.390,9.680,60.000,89238.930,938.834,1321.458,311.713,604.710,464.855,274.547,72565.200,44161.243,30200.223,123.043,999,0.890,3.000,99,9999,99999,9,999999999,0.000,0.999,0,0,999,0.000,0
6,22,2018,13,0,,18.280,9.750,57.000,89238.930,925.726,1321.458,315.628,629.990,553.484,242.374,75598.800,52580.965,26661.133,110.164,999,1.370,2.000,99,9999,99999,9,999999999,0.000,0.999,0,0,999,0.000,0
6,22,2018,14,0,,18.780,9.790,55.000,89238.930,836.778,1321.458,317.523,583.680,629.450,185.273,70041.600,59797.713,20379.977,93.174,999,1.430,3.000,99,9999,99999,9,999999999,0.000,0.999,0,0,999,0.000,0
6,22,2018,15,0,,18.940,9.800,55.000,89238.930,678.087,1321.458,318.649,490.760,760.723,100.726,58891.200,72268.653,11079.873,62.534,999,1.470,3.000,99,9999,99999,9,999999999,0.000,0.999,0,0,999,0.000,0
6,22,2018,16,0,,18.590,9.780,56.000,89238.930,460.596,1321.458,317.003,337.070,715.484,88.210,40448.400,67970.941,9703.129,80.726,999,1.540,5.000,99,9999,99999,9,999999999,0.000,0.999,0,0,999,0.000,0
6,22,2018,17,0,,17.760,9.710,59.000,89238.930,199.900,1321.458,313.540,165.640,366.628,110.830,19876.800,34829.630,12191.314,235.980,999,1.160,6.000,99,9999,99999,9,999999999,0.000,0.999,0,0,999,0.000,0
6,22,2018,18,0,,17.010,9.650,61.000,89238.930,0.000,1321.458,309.810,8.540,0.000,0.000,1024.800,0.000,0.000,-0.000,999,0.500,6.000,99,9999,99999,9,999999999,0.000,0.999,0,0,999,0.000,0
6,22,2018,19,0,,16.250,9.590,64.000,89238.930,0.000,1321.458,306.678,0.000,0.000,0.000,0.000,0.000,0.000,-0.000,999,0.210,6.000,99,9999,99999,9,999999999,0.000,0.999,0,0,999,0.000,0
6,22,2018,20,0,,15.500,9.530,67.000,89238.930,0.000,1321.458,303.530,0.000,0.000,0.000,0.000,0.000,0.000,-0.000,999,0.190,6.000,99,9999,99999,9,999999999,0.000,0.999,0,0,999,0.000,0
6,22,2018,21,0,,14.740,9.460,70.000,89238.930,0.000,1321.458,300.241,0.000,0.000,0.000,0.000,0.000,0.000,-0.000,999,0.240,6.000,99,9999,99999,9,999999999,0.000,0.999,0,0,999,0.000,0
6,22,2018,22,0,,13.990,9.400,73.000,89238.930,0.000,1321.458,296.957,0.000,0.000,0.000,0.000,0.000,0.000,-0.000,999,0.180,6.000,99,9999,99999,9,999999999,0.000,0.999,0,0,999,0.000,0
6,22,2018,23,0,,13.240,9.340,77.000,89238.930,0.000,1321.458,294.166,0.000,0.000,0.000,0.000,0.000,0.000,-0.000,999,0.150,6.000,99,9999,99999,9,999999999,0.000,0.999,0,0,999,0.000,0
6,22,2018,24,0,,12.480,10.080,85.000,89238.930,0.000,1321.458,293.216,0.000,0.000,0.000,0.000,0.000,0.000,-0.000,999,0.220,6.000,99,9999,99999,9,999999999,0.000,0.999,0,0,999,0.000,0
6,23,2018,1,0,,12.100,10.020,87.000,89238.930,0.000,1321.458,291.642,0.000,0.000,0.000,0.000,0.000,0.000,-0.000,999,0.220,6.000,99,9999,99999,9,999999999,0.000,0.999,0,0,999,0.000,0
6,23,2018,2,0,,11.730,9.970,88.000,89238.930,0.000,1321.458,289.648,0.000,0.000,0.000,0.000,0.000,0.000,-0.000,999,0.220,6.000,99,9999,99999,9,999999999,0.000,0.999,0,0,999,0.000,0
6,23,2018,3,0,,11.350,9.920,90.000,89238.930,0.000,1321.458,288.051,0.000,0.000,0.000,0.000,0.000,0.000,-0.000,999,0.220,6.000,99,9999,99999,9,999999999,0.000,0.999,0,0,999,0.000,0
6,23,2018,4,0,,10.970,9.870,92.000,89238.930,0.000,1321.306,286.438,0.000,0.000,0.000,0.000,0.000,0.000,-0.000,999,0.220,6.000,99,9999,99999,9,999999999,0.000,0.999,0,0,999,0.000,0
6,23,2018,5,0,,10.600,9.810,94.000,89238.930,0.000,1321.306,284.875,0.000,0.000,0.000,0.000,0.000,0.000,-0.000,999,0.220,6.000,99,9999,99999,9,999999999,0.000,0.999,0,0,999,0.000,0
6,23,2018,6,0,,10.300,9.770,96.000,89238.930,0.000,1321.306,283.757,0.000,0.000,0.000,0.000,0.000,0.000,-0.000,999,0.220,6.000,99,9999,99999,9,999999999,0.000,0.999,0,0,999,0.000,0
6,23,2018,7,0,,10.050,9.740,97.000,89238.930,17.875,1321.306,282.536,0.000,0.000,0.000,0.000,0.000,0.000,0.000,999,0.220,6.000,99,9999,99999,9,999999999,0.000,0.999,0,0,999,0.000,0
6,23,2018,8,0,,9.810,9.700,99.000,89238.930,291.136,1321.306,281.788,72.940,0.632,72.802,8752.800,60.024,8008.171,105.760,999,0.220,6.000,99,9999,99999,9,999999999,0.000,0.999,0,0,999,0.000,0
6,23,2018,9,0,,13.930,10.280,78.000,89238.930,539.395,1321.306,299.372,226.700,121.763,177.065,27204.000,11567.521,19477.157,138.265,999,0.280,6.000,99,9999,99999,9,999999999,0.000,0.999,0,0,999,0.000,0
6,23,2018,10,0,,15.820,10.530,70.000,89238.930,738.632,1321.306,307.643,355.970,165.546,263.487,42716.400,15726.886,28983.528,150.129,999,0.370,5.000,99,9999,99999,9,999999999,0.000,0.999,0,0,999,0.000,0
6,23,2018,11,0,,18.170,10.850,62.000,89238.930,874.886,1321.306,318.662,560.260,441.844,267.808,67231.200,41975.204,29458.924,128.792,999,0.430,1.000,99,9999,99999,9,999999999,0.000,0.999,0,0,999,0.000,0
6,23,2018,12,0,,18.410,10.880,61.000,89238.930,938.790,1321.306,319.622,347.650,19.783,333.598,41718.000,1879.406,36695.785,149.497,999,1.120,8.000,99,9999,99999,9,999999999,0.000,0.999,0,0,999,0.000,0
6,23,2018,13,0,,18.520,10.890,61.000,89238.930,925.965,1321.306,320.403,335.920,13.280,326.616,40310.400,1261.639,35927.758,148.398,999,1.860,8.000,99,9999,99999,9,999999999,0.000,0.999,0,0,999,0.000,0
6,23,2018,14,0,,18.650,10.910,60.000,89238.930,837.289,1321.306,320.569,349.680,72.761,303.593,41961.600,6912.280,33395.212,152.567,999,1.600,8.000,99,9999,99999,9,999999999,0.000,0.999,0,0,999,0.000,0
6,23,2018,15,0,,18.610,10.910,60.000,89238.930,678.841,1321.306,320.285,309.730,154.907,230.209,37167.600,14716.145,25323.009,142.745,999,1.000,8.000,99,9999,99999,9,999999999,0.000,0.999,0,0,999,0.000,0
6,23,2018,16,0,,18.750,10.920,60.000,89238.930,461.548,1321.306,321.280,367.570,584.397,163.859,44108.400,55517.730,18024.496,149.628,999,0.620,3.000,99,9999,99999,9,999999999,0.000,0.999,0,0,999,0.000,0
6,23,2018,17,0,,18.370,10.870,61.000,89238.930,200.982,1321.306,319.338,244.440,317.587,196.693,29332.800,30170.778,21636.233,416.444,999,0.640,0.000,99,9999,99999,9,999999999,0.000,0.999,0,0,999,0.000,0
6,23,2018,18,0,,17.580,10.770,64.000,89238.930,0.000,1321.306,315.936,26.180,0.000,0.000,3141.600,0.000,0.000,-0.000,999,0.350,1.000,99,9999,99999,9,999999999,0.000,0.999,0,0,999,0.000,0
6,23,2018,19,0,,16.790,10.660,67.000,89238.930,0.000,1321.306,312.450,0.000,0.000,0.000,0.000,0.000,0.000,-0.000,999,0.220,1.000,99,9999,99999,9,999999999,0.000,0.999,0,0,999,0.000,0
6,23,2018,20,0,,15.990,10.560,70.000,89238.930,0.000,1321.306,308.821,0.000,0.000,0.000,0.000,0.000,0.000,-0.000,999,0.220,2.000,99,9999,99999,9,999999999,0.000,0.999,0,0,999,0.000,0
6,23,2018,21,0,,15.200,10.450,73.000,89238.930,0.000,1321.306,305.201,0.000,0.000,0.000,0.000,0.000,0.000,-0.000,999,0.220,2.000,99,9999,99999,9,999999999,0.000,0.999,0,0,999,0.000,0
6,23,2018,22,0,,14.400,10.340,76.000,89238.930,0.000,1321.306,301.460,0.000,0.000,0.000,0.000,0.000,0.000,-0.000,999,0.220,3.000,99,9999,99999,9,999999999,0.000,0.999,0,0,999,0.000,0
6,23,2018,23,0,,13.610,10.230,80.000,89238.930,0.000,1321.306,298.280,0.000,0.000,0.000,0.000,0.000,0.000,-0.000,999,0.220,3.000,99,9999,99999,9,999999999,0.000,0.999,0,0,999,0.000,0
6,23,2018,24,0,,12.810,10.290,83.000,89238.930,0.000,1321.306,294.433,0.000,0.000,0.000,0.000,0.000,0.000,-0.000,999,0.460,4.000,99,9999,99999,9,999999999,0.000,0.999,0,0,999,0.000,0
6,24,2018,1,0,,12.420,10.230,85.000,89238.930,0.000,1321.306,292.813,0.000,0.000,0.000,0.000,0.000,0.000,-0.000,999,0.510,4.000,99,9999,99999,9,999999999,0.000,0.999,0,0,999,0.000,0
6,24,2018,2,0,,12.020,10.180,87.000,89238.930,0.000,1321.306,291.107,0.000,0.000,0.000,0.000,0.000,0.000,-0.000,999,0.460,5.000,99,9999,99999,9,999999999,0.000,0.999,0,0,999,0.000,0
6,24,2018,3,0,,11.620,10.120,89.000,89238.930,0.000,1321.306,289.384,0.000,0.000,0.000,0.000,0.000,0.000,-0.000,999,0.460,5.000,99,9999,99999,9,999999999,0.000,0.999,0,0,999,0.000,0
6,24,2018,4,0,,11.220,10.070,91.000,89238.930,0.000,1321.166,287.644,0.000,0.000,0.000,0.000,0.000,0.000,-0.000,999,0.780,6.000,99,9999,99999,9,999999999,0.000,0.999,0,0,999,0.000,0
6,24,2018,5,0,,10.830,10.010,93.000,89238.930,0.000,1321.166,285.955,0.000,0.000,0.000,0.000,0.000,0.000,-0.000,999,0.460,6.000,99,9999,99999,9,999999999,0.000,0.999,0,0,999,0.000,0
6,24,2018,6,0,,10.520,9.970,99.000,89238.930,0.000,1321.166,286.461,0.000,0.000,0.000,0.000,0.000,0.000,-0.000,999,0.460,7.000,99,9999,99999,9,999999999,0.040,0.999,0,0,999,0.040,99
6,24,2018,7,0,,10.260,9.930,95.000,89238.930,17.084,1321.166,283.070,0.000,0.000,0.000,0.000,0.000,0.000,0.000,999,0.460,7.000,99,9999,99999,9,999999999,0.000,0.999,0,0,999,0.000,0
6,24,2018,8,0,,10.000,9.890,97.000,89238.930,290.323,1321.166,282.209,16.340,0.000,16.340,1960.800,0.000,1797.400,23.802,999,0.460,8.000,99,9999,99999,9,999999999,0.000,0.999,0,0,999,0.000,0
6,24,2018,9,0,,11.870,10.160,88.000,89238.930,538.734,1321.166,290.581,83.830,0.000,83.830,10059.600,0.000,9221.300,65.534,999,0.460,8.000,99,9999,99999,9,999999999,0.000,0.999,0,0,999,0.000,0
6,24,2018,10,0,,12.410,10.230,85.000,89238.930,738.180,1321.166,292.746,93.270,0.000,93.270,11192.400,0.000,10259.700,53.170,999,0.460,8.000,99,9999,99999,9,999999999,0.000,0.999,0,0,999,0.000,0
6,24,2018,11,0,,13.640,10.400,80.000,89238.930,874.686,1321.166,298.483,195.380,2.326,193.841,23445.600,220.937,21322.495,93.232,999,0.460,8.000,99,9999,99999,9,999999999,0.000,0.999,0,0,999,0.000,0
6,24,2018,12,0,,14.590,10.530,76.000,89238.930,938.865,1321.166,302.760,224.620,12.063,216.050,26954.400,1145.956,23765.534,96.802,999,0.460,8.000,99,9999,99999,9,999999999,0.000,0.999,0,0,999,0.000,0
6,24,2018,13,0,,15.280,10.630,73.000,89238.930,926.320,1321.166,305.752,232.160,13.445,222.736,27859.200,1277.255,24500.982,101.151,999,0.460,8.000,99,9999,99999,9,999999999,0.000,0.999,0,0,999,0.000,0
6,24,2018,14,0,,15.690,10.680,72.000,89238.930,837.910,1321.166,307.982,217.430,3.701,215.084,26091.600,351.585,23659.223,107.996,999,0.460,8.000,99,9999,99999,9,999999999,0.000,0.999,0,0,999,0.000,0
6,24,2018,15,0,,15.820,10.700,71.000,89238.930,679.694,1321.166,308.267,181.550,4.983,178.988,21786.000,473.412,19688.719,110.834,999,0.460,8.000,99,9999,99999,9,999999999,0.000,0.999,0,0,999,0.000,0
6,24,2018,16,0,,15.630,10.670,76.000,89238.930,462.583,1321.166,309.951,127.450,10.527,123.772,15294.000,1000.109,13614.881,112.756,999,0.460,8.000,99,9999,99999,9,999999999,0.010,0.999,0,0,999,0.010,99
6,24,2018,17,0,,15.040,10.590,79.000,89238.930,202.130,1321.166,307.552,60.750,26.596,56.728,7290.000,2526.654,6240.040,119.395,999,0.460,8.000,99,9999,99999,9,999999999,0.020,0.999,0,0,999,0.020,99
6,24,2018,18,0,,14.480,10.520,86.000,89238.930,0.000,1321.166,307.388,2.430,0.000,0.000,291.600,0.000,0.000,-0.000,999,0.460,8.000,99,9999,99999,9,999999999,3.660,0.999,0,0,999,3.660,99
6,24,2018,19,0,,13.930,10.440,83.000,89238.930,0.000,1321.166,302.041,0.000,0.000,0.000,0.000,0.000,0.000,-0.000,999,0.460,8.000,99,9999,99999,9,999999999,0.170,0.999,0,0,999,0.170,99
6,24,2018,20,0,,13.370,10.360,85.000,89238.930,0.000,1321.166,299.235,0.000,0.000,0.000,0.000,0.000,0.000,-0.000,999,0.460,8.000,99,9999,99999,9,999999999,0.080,0.999,0,0,999,0.080,99
6,24,2018,21,0,,12.810,10.290,83.000,89238.930,0.000,1321.166,294.433,0.000,0.000,0.000,0.000,0.000,0.000,-0.000,999,0.460,8.000,99,9999,99999,9,999999999,0.000,0.999,0,0,999,0.000,0
6,24,2018,22,0,,12.250,10.210,86.000,89238.930,0.000,1321.166,292.163,0.000,0.000,0.000,0.000,0.000,0.000,-0.000,999,0.460,8.000,99,9999,99999,9,999999999,0.000,0.999,0,0,999,0.000,0
6,24,2018,23,0,,11.700,10.130,88.000,89238.930,0.000,1321.166,289.449,0.000,0.000,0.000,0.000,0.000,0.000,-0.000,999,0.460,8.000,99,9999,99999,9,999999999,0.000,0.999,0,0,999,0.000,0
6,24,2018,24,0,,11.140,7.780,79.000,89238.930,0.000,1321.166,281.372,0.000,0.000,0.000,0.000,0.000,0.000,-0.000,999,0.070,8.000,99,9999,99999,9,999999999,0.000,0.999,0,0,999,0.000,0
6,25,2018,1,0,,10.860,7.770,81.000,89238.930,0.000,1321.166,280.561,0.000,0.000,0.000,0.000,0.000,0.000,-0.000,999,0.070,8.000,99,9999,99999,9,999999999,0.000,0.999,0,0,999,0.000,0
6,25,2018,2,0,,10.580,7.760,82.000,89238.930,0.000,1321.166,279.241,0.000,0.000,0.000,0.000,0.000,0.000,-0.000,999,0.070,8.000,99,9999,99999,9,999999999,0.000,0.999,0,0,999,0.000,0
6,25,2018,3,0,,10.300,7.740,84.000,89238.930,0.000,1321.166,278.395,0.000,0.000,0.000,0.000,0.000,0.000,-0.000,999,0.070,8.000,99,9999,99999,9,999999999,0.000,0.999,0,0,999,0.000,0
6,25,2018,4,0,,10.020,7.730,85.000,89238.930,0.000,1321.038,277.063,0.000,0.000,0.000,0.000,0.000,0.000,-0.000,999,0.100,8.000,99,9999,99999,9,999999999,0.000,0.999,0,0,999,0.000,0
6,25,2018,5,0,,9.740,7.720,87.000,89238.930,0.000,1321.038,276.185,0.000,0.000,0.000,0.000,0.000,0.000,-0.000,999,0.070,8.000,99,9999,99999,9,999999999,0.000,0.999,0,0,999,0.000,0
6,25,2018,6,0,,9.530,7.710,88.000,89238.930,0.000,1321.038,275.290,0.000,0.000,0.000,0.000,0.000,0.000,-0.000,999,0.070,8.000,99,9999,99999,9,999999999,0.000,0.999,0,0,999,0.000,0
6,25,2018,7,0,,9.340,7.700,89.000,89238.930,16.357,1321.038,274.519,0.000,0.000,0.000,0.000,0.000,0.000,0.000,999,0.070,8.000,99,9999,99999,9,999999999,0.000,0.999,0,0,999,0.000,0
6,25,2018,8,0,,9.160,7.690,90.000,89238.930,289.597,1321.038,273.808,52.550,0.000,52.550,6306.000,0.000,5780.500,76.735,999,0.070,8.000,99,9999,99999,9,999999999,0.000,0.999,0,0,999,0.000,0
6,25,2018,9,0,,12.400,7.840,73.000,89238.930,538.174,1321.038,286.385,267.020,249.882,165.370,32042.400,23738.828,18190.712,129.400,999,0.070,3.000,99,9999,99999,9,999999999,0.000,0.999,0,0,999,0.000,0
6,25,2018,10,0,,14.480,7.930,64.000,89238.930,737.841,1321.038,294.683,467.890,487.953,195.529,56146.800,46355.569,21508.196,111.505,999,0.160,0.000,99,9999,99999,9,999999999,0.000,0.999,0,0,999,0.000,0
6,25,2018,11,0,,16.290,8.010,57.000,89238.930,874.604,1321.038,301.916,619.970,646.204,192.306,74396.400,61389.389,21153.704,92.494,999,0.530,0.000,99,9999,99999,9,999999999,0.000,0.999,0,0,999,0.000,0
6,25,2018,12,0,,17.740,8.070,53.000,89238.930,939.059,1321.038,308.636,711.200,768.356,165.171,85344.000,72993.857,18168.855,73.983,999,0.900,0.000,99,9999,99999,9,999999999,0.000,0.999,0,0,999,0.000,0
6,25,2018,13,0,,18.780,8.120,49.000,89238.930,926.791,1321.038,312.326,730.560,851.188,133.579,87667.200,80862.876,14693.711,60.625,999,1.860,0.000,99,9999,99999,9,999999999,0.000,0.999,0,0,999,0.000,0
6,25,2018,14,0,,19.390,8.150,48.000,89238.930,838.638,1321.038,315.636,684.170,885.764,122.102,82100.400,84147.622,13431.240,61.250,999,1.760,0.000,99,9999,99999,9,999999999,0.000,0.999,0,0,999,0.000,0
6,25,2018,15,0,,19.560,8.150,47.000,89238.930,680.643,1321.038,315.871,571.990,798.968,160.668,68638.800,75901.974,17673.508,99.341,999,1.650,0.000,99,9999,99999,9,999999999,0.000,0.999,0,0,999,0.000,0
6,25,2018,16,0,,19.130,8.130,48.000,89238.930,463.700,1321.038,313.828,402.420,729.163,147.004,48290.400,69270.521,16170.386,133.584,999,1.460,0.000,99,9999,99999,9,999999999,0.000,0.999,0,0,999,0.000,0
6,25,2018,17,0,,18.080,8.090,52.000,89238.930,203.342,1321.038,310.134,194.250,435.119,128.034,23310.000,41336.318,14083.705,267.804,999,1.290,4.000,99,9999,99999,9,999999999,0.000,0.999,0,0,999,0.000,0
6,25,2018,18,0,,17.210,8.050,54.000,89238.930,0.000,1321.038,305.826,8.150,0.000,0.000,978.000,0.000,0.000,-0.000,999,0.500,4.000,99,9999,99999,9,999999999,0.000,0.999,0,0,999,0.000,0
6,25,2018,19,0,,16.340,8.010,57.000,89238.930,0.000,1321.038,302.255,0.000,0.000,0.000,0.000,0.000,0.000,-0.000,999,0.180,5.000,99,9999,99999,9,999999999,0.000,0.999,0,0,999,0.000,0
6,25,2018,20,0,,15.480,7.970,60.000,89238.930,0.000,1321.038,298.648,0.000,0.000,0.000,0.000,0.000,0.000,-0.000,999,0.110,5.000,99,9999,99999,9,999999999,0.000,0.999,0,0,999,0.000,0
6,25,2018,21,0,,14.610,7.940,64.000,89238.930,0.000,1321.038,295.551,0.000,0.000,0.000,0.000,0.000,0.000,-0.000,999,0.070,5.000,99,9999,99999,9,999999999,0.000,0.999,0,0,999,0.000,0
6,25,2018,22,0,,13.740,7.900,67.000,89238.930,0.000,1321.038,291.679,0.000,0.000,0.000,0.000,0.000,0.000,-0.000,999,0.070,5.000,99,9999,99999,9,999999999,0.000,0.999,0,0,999,0.000,0
6,25,2018,23,0,,12.880,7.860,71.000,89238.930,0.000,1321.038,288.398,0.000,0.000,0.000,0.000,0.000,0.000,-0.000,999,0.070,6.000,99,9999,99999,9,999999999,0.000,0.999,0,0,999,0.000,0
6,25,2018,24,0,,12.010,7.950,76.000,89238.930,0.000,1321.038,285.474,0.000,0.000,0.000,0.000,0.000,0.000,-0.000,999,0.040,6.000,99,9999,99999,9,999999999,0.000,0.999,0,0,999,0.000,0
6,26,2018,1,0,,11.580,7.880,77.000,89238.930,0.000,1321.038,283.197,0.000,0.000,0.000,0.000,0.000,0.000,-0.000,999,0.040,6.000,99,9999,99999,9,999999999,0.000,0.999,0,0,999,0.000,0
6,26,2018,2,0,,11.150,7.800,79.000,89238.930,0.000,1321.038,281.437,0.000,0.000,0.000,0.000,0.000,0.000,-0.000,999,0.040,6.000,99,9999,99999,9,999999999,0.000,0.999,0,0,999,0.000,0
6,26,2018,3,0,,10.710,7.730,81.000,89238.930,0.000,1321.038,279.591,0.000,0.000,0.000,0.000,0.000,0.000,-0.000,999,0.040,7.000,99,9999,99999,9,999999999,0.000,0.999,0,0,999,0.000,0
6,26,2018,4,0,,10.280,7.650,83.000,89238.930,0.000,1320.923,277.791,0.000,0.000,0.000,0.000,0.000,0.000,-0.000,999,0.040,7.000,99,9999,99999,9,999999999,0.000,0.999,0,0,999,0.000,0
6,26,2018,5,0,,9.850,7.580,85.000,89238.930,0.000,1320.923,275.973,0.000,0.000,0.000,0.000,0.000,0.000,-0.000,999,0.040,7.000,99,9999,99999,9,999999999,0.000,0.999,0,0,999,0.000,0
6,26,2018,6,0,,9.510,7.520,87.000,89238.930,0.000,1320.923,274.713,0.000,0.000,0.000,0.000,0.000,0.000,-0.000,999,0.040,7.000,99,9999,99999,9,999999999,0.000,0.999,0,0,999,0.000,0
6,26,2018,7,0,,9.220,7.470,88.000,89238.930,15.694,1320.923,273.312,0.000,0.000,0.000,0.000,0.000,0.000,0.000,999,0.060,8.000,99,9999,99999,9,999999999,0.000,0.999,0,0,999,0.000,0
6,26,2018,8,0,,8.940,7.420,90.000,89238.930,288.959,1320.923,272.408,38.290,0.000,38.290,4594.800,0.000,4211.900,56.032,999,0.160,8.000,99,9999,99999,9,999999999,0.000,0.999,0,0,999,0.000,0
6,26,2018,9,0,,12.060,7.960,75.000,89238.930,537.716,1320.923,285.262,225.890,132.205,172.151,27106.800,12559.513,18936.640,134.810,999,0.320,6.000,99,9999,99999,9,999999999,0.000,0.999,0,0,999,0.000,0
6,26,2018,10,0,,14.140,8.310,67.000,89238.930,737.613,1320.923,294.341,395.590,259.455,250.802,47470.800,24648.211,27588.242,143.058,999,0.440,4.000,99,9999,99999,9,999999999,0.000,0.999,0,0,999,0.000,0
6,26,2018,11,0,,15.900,8.600,61.000,89238.930,874.639,1320.923,302.197,518.120,345.828,289.218,62174.400,32853.695,31814.026,139.087,999,0.690,3.000,99,9999,99999,9,999999999,0.000,0.999,0,0,999,0.000,0
6,26,2018,12,0,,17.510,8.860,56.000,89238.930,939.372,1320.923,309.483,635.160,532.138,256.839,76219.200,50553.126,28252.330,114.994,999,0.880,1.000,99,9999,99999,9,999999999,0.000,0.999,0,0,999,0.000,0
6,26,2018,13,0,,18.600,9.040,53.000,89238.930,927.377,1320.923,314.590,638.840,590.137,224.649,76660.800,56062.988,24711.424,101.884,999,1.080,2.000,99,9999,99999,9,999999999,0.000,0.999,0,0,999,0.000,0
6,26,2018,14,0,,19.220,9.140,51.000,89238.930,839.474,1320.923,317.188,593.650,693.031,153.405,71238.000,65837.964,16874.550,76.868,999,1.560,2.000,99,9999,99999,9,999999999,0.000,0.999,0,0,999,0.000,0
6,26,2018,15,0,,19.360,9.160,51.000,89238.930,681.687,1320.923,318.171,483.300,766.407,88.100,57996.000,72808.693,9690.981,54.384,999,1.600,4.000,99,9999,99999,9,999999999,0.000,0.999,0,0,999,0.000,0
6,26,2018,16,0,,18.790,9.070,53.000,89238.930,464.897,1320.923,315.917,312.210,642.894,86.409,37465.200,61074.899,9504.982,78.311,999,1.840,6.000,99,9999,99999,9,999999999,0.000,0.999,0,0,999,0.000,0
6,26,2018,17,0,,17.620,8.880,56.000,89238.930,204.617,1320.923,310.243,136.900,381.321,78.494,16428.000,36225.525,8634.287,163.123,999,1.250,8.000,99,9999,99999,9,999999999,0.000,0.999,0,0,999,0.000,0
6,26,2018,18,0,,16.840,8.760,58.000,89238.930,0.000,1320.923,306.419,7.160,0.000,0.000,859.200,0.000,0.000,-0.000,999,0.620,8.000,99,9999,99999,9,999999999,0.000,0.999,0,0,999,0.000,0
6,26,2018,19,0,,16.060,8.630,61.000,89238.930,0.000,1320.923,303.286,0.000,0.000,0.000,0.000,0.000,0.000,-0.000,999,0.300,8.000,99,9999,99999,9,999999999,0.000,0.999,0,0,999,0.000,0
6,26,2018,20,0,,15.280,8.500,63.000,89238.930,0.000,1320.923,299.385,0.000,0.000,0.000,0.000,0.000,0.000,-0.000,999,0.120,8.000,99,9999,99999,9,999999999,0.000,0.999,0,0,999,0.000,0
6,26,2018,21,0,,14.500,8.370,66.000,89238.930,0.000,1320.923,296.115,0.000,0.000,0.000,0.000,0.000,0.000,-0.000,999,0.070,8.000,99,9999,99999,9,999999999,0.000,0.999,0,0,999,0.000,0
6,26,2018,22,0,,13.720,8.240,69.000,89238.930,0.000,1320.923,292.774,0.000,0.000,0.000,0.000,0.000,0.000,-0.000,999,0.040,8.000,99,9999,99999,9,999999999,0.000,0.999,0,0,999,0.000,0
6,26,2018,23,0,,12.940,8.110,72.000,89238.930,0.000,1320.923,289.371,0.000,0.000,0.000,0.000,0.000,0.000,-0.000,999,0.040,8.000,99,9999,99999,9,999999999,0.000,0.999,0,0,999,0.000,0
6,26,2018,24,0,,12.160,8.340,77.000,89238.930,0.000,1320.923,286.993,0.000,0.000,0.000,0.000,0.000,0.000,-0.000,999,0.130,8.000,99,9999,99999,9,999999999,0.000,0.999,0,0,999,0.000,0
6,27,2018,1,0,,11.770,8.300,79.000,89238.930,0.000,1320.923,285.480,0.000,0.000,0.000,0.000,0.000,0.000,-0.000,999,0.130,8.000,99,9999,99999,9,999999999,0.000,0.999,0,0,999,0.000,0
6,27,2018,2,0,,11.380,8.250,81.000,89238.930,0.000,1320.923,283.944,0.000,0.000,0.000,0.000,0.000,0.000,-0.000,999,0.150,8.000,99,9999,99999,9,999999999,0.000,0.999,0,0,999,0.000,0
6,27,2018,3,0,,10.990,8.200,82.000,89238.930,0.000,1320.923,281.898,0.000,0.000,0.000,0.000,0.000,0.000,-0.000,999,0.130,8.000,99,9999,99999,9,999999999,0.000,0.999,0,0,999,0.000,0
6,27,2018,4,0,,10.600,8.150,84.000,89238.930,0.000,1320.821,280.334,0.000,0.000,0.000,0.000,0.000,0.000,-0.000,999,0.130,8.000,99,9999,99999,9,999999999,0.000,0.999,0,0,999,0.000,0
6,27,2018,5,0,,10.210,8.110,86.000,89238.930,0.000,1320.821,278.751,0.000,0.000,0.000,0.000,0.000,0.000,-0.000,999,0.130,8.000,99,9999,99999,9,999999999,0.000,0.999,0,0,999,0.000,0
6,27,2018,6,0,,9.910,8.070,88.000,89238.930,0.000,1320.821,277.730,0.000,0.000,0.000,0.000,0.000,0.000,-0.000,999,0.130,8.000,99,9999,99999,9,999999999,0.000,0.999,0,0,999,0.000,0
6,27,2018,7,0,,9.660,8.040,89.000,89238.930,15.096,1320.821,276.569,0.000,0.000,0.000,0.000,0.000,0.000,0.000,999,0.130,8.000,99,9999,99999,9,999999999,0.000,0.999,0,0,999,0.000,0
6,27,2018,8,0,,9.400,8.010,91.000,89238.930,288.410,1320.821,275.777,47.110,0.000,47.110,5653.200,0.000,5182.100,69.066,999,0.130,8.000,99,9999,99999,9,999999999,0.000,0.999,0,0,999,0.000,0
6,27,2018,9,0,,13.010,8.440,73.000,89238.930,537.361,1320.821,290.406,242.640,175.935,171.168,29116.800,16713.851,18828.462,134.118,999,0.130,5.000,99,9999,99999,9,999999999,0.000,0.999,0,0,999,0.000,0
6,27,2018,10,0,,15.330,8.720,64.000,89238.930,737.498,1320.821,300.397,423.290,331.279,238.436,50794.800,31471.487,26227.921,136.015,999,0.420,2.000,99,9999,99999,9,999999999,0.000,0.999,0,0,999,0.000,0
6,27,2018,11,0,,17.370,8.950,57.000,89238.930,874.793,1320.821,309.299,565.410,491.323,240.124,67849.200,46675.732,26413.603,115.448,999,0.950,1.000,99,9999,99999,9,999999999,0.000,0.999,0,0,999,0.000,0
6,27,2018,12,0,,18.960,9.130,52.000,89238.930,939.805,1320.821,316.246,637.550,540.954,252.755,76506.000,51390.606,27803.047,113.105,999,1.380,1.000,99,9999,99999,9,999999999,0.000,0.999,0,0,999,0.000,0
6,27,2018,13,0,,20.120,9.260,49.000,89238.930,928.078,1320.821,321.701,661.320,665.792,193.640,79358.400,63250.251,21300.408,87.748,999,1.970,0.000,99,9999,99999,9,999999999,0.000,0.999,0,0,999,0.000,0
6,27,2018,14,0,,20.770,9.340,47.000,89238.930,840.416,1320.821,324.389,612.620,723.758,152.304,73514.400,68756.968,16753.400,76.225,999,1.300,2.000,99,9999,99999,9,999999999,0.000,0.999,0,0,999,0.000,0
6,27,2018,15,0,,20.950,9.360,47.000,89238.930,682.826,1320.821,325.672,512.170,755.042,122.149,61460.400,71728.960,13436.337,75.270,999,1.180,2.000,99,9999,99999,9,999999999,0.000,0.999,0,0,999,0.000,0
6,27,2018,16,0,,20.480,9.300,48.000,89238.930,466.172,1320.821,323.303,364.030,727.559,107.768,43683.600,69118.130,11854.451,97.392,999,1.040,3.000,99,9999,99999,9,999999999,0.000,0.999,0,0,999,0.000,0
6,27,2018,17,0,,19.320,9.170,51.000,89238.930,205.953,1320.821,317.890,178.420,404.200,116.091,21410.400,38399.040,12770.017,239.638,999,0.720,6.000,99,9999,99999,9,999999999,0.000,0.999,0,0,999,0.000,0
6,27,2018,18,0,,18.510,9.080,54.000,89238.930,0.000,1320.821,314.802,7.690,0.000,0.000,922.800,0.000,0.000,-0.000,999,0.310,6.000,99,9999,99999,9,999999999,0.000,0.999,0,0,999,0.000,0
6,27,2018,19,0,,17.690,8.990,56.000,89238.930,0.000,1320.821,310.727,0.000,0.000,0.000,0.000,0.000,0.000,-0.000,999,0.160,6.000,99,9999,99999,9,999999999,0.000,0.999,0,0,999,0.000,0
6,27,2018,20,0,,16.870,8.890,59.000,89238.930,0.000,1320.821,307.375,0.000,0.000,0.000,0.000,0.000,0.000,-0.000,999,0.140,6.000,99,9999,99999,9,999999999,0.000,0.999,0,0,999,0.000,0
6,27,2018,21,0,,16.060,8.800,62.000,89238.930,0.000,1320.821,303.991,0.000,0.000,0.000,0.000,0.000,0.000,-0.000,999,0.130,7.000,99,9999,99999,9,999999999,0.000,0.999,0,0,999,0.000,0
6,27,2018,22,0,,15.240,8.700,64.000,89238.930,0.000,1320.821,299.788,0.000,0.000,0.000,0.000,0.000,0.000,-0.000,999,0.130,7.000,99,9999,99999,9,999999999,0.000,0.999,0,0,999,0.000,0
6,27,2018,23,0,,14.430,8.610,68.000,89238.930,0.000,1320.821,296.910,0.000,0.000,0.000,0.000,0.000,0.000,-0.000,999,0.130,7.000,99,9999,99999,9,999999999,0.000,0.999,0,0,999,0.000,0
6,27,2018,24,0,,13.610,10.220,79.000,89238.930,0.000,1320.821,297.744,0.000,0.000,0.000,0.000,0.000,0.000,-0.000,999,0.470,7.000,99,9999,99999,9,999999999,0.000,0.999,0,0,999,0.000,0
6,28,2018,1,0,,13.200,10.100,81.000,89238.930,0.000,1320.821,296.032,0.000,0.000,0.000,0.000,0.000,0.000,-0.000,999,0.470,7.000,99,9999,99999,9,999999999,0.000,0.999,0,0,999,0.000,0
6,28,2018,2,0,,12.790,9.990,83.000,89238.930,0.000,1320.821,294.299,0.000,0.000,0.000,0.000,0.000,0.000,-0.000,999,0.470,7.000,99,9999,99999,9,999999999,0.000,0.999,0,0,999,0.000,0
6,28,2018,3,0,,12.390,9.870,84.000,89238.930,0.000,1320.821,292.118,0.000,0.000,0.000,0.000,0.000,0.000,-0.000,999,0.470,7.000,99,9999,99999,9,999999999,0.000,0.999,0,0,999,0.000,0
6,28,2018,4,0,,11.980,9.750,86.000,89238.930,0.000,1320.731,290.360,0.000,0.000,0.000,0.000,0.000,0.000,-0.000,999,0.470,7.000,99,9999,99999,9,999999999,0.000,0.999,0,0,999,0.000,0
6,28,2018,5,0,,11.570,9.640,87.000,89238.930,0.000,1320.731,288.114,0.000,0.000,0.000,0.000,0.000,0.000,-0.000,999,0.470,8.000,99,9999,99999,9,999999999,0.000,0.999,0,0,999,0.000,0
6,28,2018,6,0,,11.250,9.540,89.000,89238.930,0.000,1320.731,286.930,0.000,0.000,0.000,0.000,0.000,0.000,-0.000,999,0.470,8.000,99,9999,99999,9,999999999,0.000,0.999,0,0,999,0.000,0
6,28,2018,7,0,,10.980,9.460,90.000,89238.930,14.564,1320.731,285.606,0.000,0.000,0.000,0.000,0.000,0.000,0.000,999,0.470,8.000,99,9999,99999,9,999999999,0.000,0.999,0,0,999,0.000,0
6,28,2018,8,0,,10.710,9.380,91.000,89238.930,287.952,1320.731,284.279,37.980,0.000,37.980,4557.600,0.000,4177.800,55.767,999,0.470,8.000,99,9999,99999,9,999999999,0.000,0.999,0,0,999,0.000,0
6,28,2018,9,0,,13.910,10.300,78.000,89238.930,537.109,1320.731,299.236,214.720,107.751,170.965,25766.400,10236.340,18806.117,134.013,999,0.470,6.000,99,9999,99999,9,999999999,0.000,0.999,0,0,999,0.000,0
6,28,2018,10,0,,16.170,10.920,71.000,89238.930,737.496,1320.731,310.701,393.520,254.622,251.431,47222.400,24189.081,27657.420,143.418,999,0.470,4.000,99,9999,99999,9,999999999,0.000,0.999,0,0,999,0.000,0
6,28,2018,11,0,,18.280,11.480,64.000,89238.930,875.065,1320.731,320.894,548.450,439.894,257.103,65814.000,41789.934,28281.299,123.565,999,0.470,2.000,99,9999,99999,9,999999999,0.000,0.999,0,0,999,0.000,0
6,28,2018,12,0,,19.940,11.910,59.000,89238.930,940.355,1320.731,329.045,625.840,504.853,266.489,75100.800,47961.039,29313.822,119.173,999,0.470,2.000,99,9999,99999,9,999999999,0.000,0.999,0,0,999,0.000,0
6,28,2018,13,0,,21.160,12.210,56.000,89238.930,928.894,1320.731,335.464,653.300,640.169,203.193,78396.000,60816.075,22351.176,91.989,999,0.470,1.000,99,9999,99999,9,999999999,0.000,0.999,0,0,999,0.000,0
6,28,2018,14,0,,21.870,12.390,54.000,89238.930,841.464,1320.731,338.942,610.470,758.735,127.272,73256.400,72079.819,13999.961,63.614,999,0.470,2.000,99,9999,99999,9,999999999,0.000,0.999,0,0,999,0.000,0
6,28,2018,15,0,,22.080,12.440,54.000,89238.930,684.057,1320.731,340.496,506.130,707.348,140.060,60735.600,67198.021,15406.589,86.145,999,0.470,3.000,99,9999,99999,9,999999999,0.000,0.999,0,0,999,0.000,0
6,28,2018,16,0,,21.710,12.350,55.000,89238.930,467.525,1320.731,338.647,370.720,627.154,149.164,44486.400,59579.612,16407.988,134.401,999,0.470,3.000,99,9999,99999,9,999999999,0.000,0.999,0,0,999,0.000,0
6,28,2018,17,0,,20.590,12.070,58.000,89238.930,207.349,1320.731,332.965,180.930,429.100,114.299,21711.600,40764.535,12572.846,234.299,999,0.470,6.000,99,9999,99999,9,999999999,0.000,0.999,0,0,999,0.000,0
6,28,2018,18,0,,19.640,11.830,60.000,89238.930,0.000,1320.731,327.663,9.150,0.000,0.000,1098.000,0.000,0.000,-0.000,999,0.470,6.000,99,9999,99999,9,999999999,0.000,0.999,0,0,999,0.000,0
6,28,2018,19,0,,18.700,11.590,63.000,89238.930,0.000,1320.731,323.169,0.000,0.000,0.000,0.000,0.000,0.000,-0.000,999,0.470,6.000,99,9999,99999,9,999999999,0.000,0.999,0,0,999,0.000,0
6,28,2018,20,0,,17.750,11.340,66.000,89238.930,0.000,1320.731,318.532,0.000,0.000,0.000,0.000,0.000,0.000,-0.000,999,0.470,6.000,99,9999,99999,9,999999999,0.000,0.999,0,0,999,0.000,0
6,28,2018,21,0,,16.810,11.090,68.000,89238.930,0.000,1320.731,313.252,0.000,0.000,0.000,0.000,0.000,0.000,-0.000,999,0.470,7.000,99,9999,99999,9,999999999,0.000,0.999,0,0,999,0.000,0
6,28,2018,22,0,,15.860,10.840,72.000,89238.930,0.000,1320.731,309.162,0.000,0.000,0.000,0.000,0.000,0.000,-0.000,999,0.470,7.000,99,9999,99999,9,999999999,0.000,0.999,0,0,999,0.000,0
6,28,2018,23,0,,14.910,10.580,75.000,89238.930,0.000,1320.731,304.382,0.000,0.000,0.000,0.000,0.000,0.000,-0.000,999,0.470,7.000,99,9999,99999,9,999999999,0.000,0.999,0,0,999,0.000,0
6,28,2018,24,0,,13.970,10.980,79.000,89238.930,0.000,1320.731,300.190,0.000,0.000,0.000,0.000,0.000,0.000,-0.000,999,0.350,7.000,99,9999,99999,9,999999999,0.000,0.999,0,0,999,0.000,0
6,29,2018,1,0,,13.490,10.910,81.000,89238.930,0.000,1320.731,297.995,0.000,0.000,0.000,0.000,0.000,0.000,-0.000,999,0.350,7.000,99,9999,99999,9,999999999,0.000,0.999,0,0,999,0.000,0
6,29,2018,2,0,,13.020,10.850,83.000,89238.930,0.000,1320.731,295.849,0.000,0.000,0.000,0.000,0.000,0.000,-0.000,999,0.350,7.000,99,9999,99999,9,999999999,0.000,0.999,0,0,999,0.000,0
6,29,2018,3,0,,12.550,10.780,85.000,89238.930,0.000,1320.731,293.686,0.000,0.000,0.000,0.000,0.000,0.000,-0.000,999,0.350,7.000,99,9999,99999,9,999999999,0.000,0.999,0,0,999,0.000,0
6,29,2018,4,0,,12.070,10.710,87.000,89238.930,0.000,1320.654,291.441,0.000,0.000,0.000,0.000,0.000,0.000,-0.000,999,0.350,7.000,99,9999,99999,9,999999999,0.000,0.999,0,0,999,0.000,0
6,29,2018,5,0,,11.600,10.650,89.000,89238.930,0.000,1320.654,289.251,0.000,0.000,0.000,0.000,0.000,0.000,-0.000,999,0.350,8.000,99,9999,99999,9,999999999,0.000,0.999,0,0,999,0.000,0
6,29,2018,6,0,,11.230,10.590,91.000,89238.930,0.000,1320.654,287.710,0.000,0.000,0.000,0.000,0.000,0.000,-0.000,999,0.350,8.000,99,9999,99999,9,999999999,0.000,0.999,0,0,999,0.000,0
6,29,2018,7,0,,10.920,10.550,93.000,89238.930,14.099,1320.654,286.550,0.000,0.000,0.000,0.000,0.000,0.000,0.000,999,0.350,8.000,99,9999,99999,9,999999999,0.000,0.999,0,0,999,0.000,0
6,29,2018,8,0,,10.610,10.500,99.000,89238.930,287.585,1320.654,287.058,36.970,0.000,36.970,4436.400,0.000,4066.700,54.351,999,0.350,8.000,99,9999,99999,9,999999999,0.010,0.999,0,0,999,0.010,99
6,29,2018,9,0,,14.150,11.010,78.000,89238.930,536.962,1320.654,300.871,192.740,61.889,167.614,23128.800,5879.448,18437.507,131.415,999,0.350,7.000,99,9999,99999,9,999999999,0.000,0.999,0,0,999,0.000,0
6,29,2018,10,0,,16.470,11.330,69.000,89238.930,737.607,1320.654,311.525,341.030,135.889,265.183,40923.600,12909.424,29170.123,151.231,999,0.350,6.000,99,9999,99999,9,999999999,0.000,0.999,0,0,999,0.000,0
6,29,2018,11,0,,18.510,11.610,63.000,89238.930,875.454,1320.654,321.811,454.830,178.731,336.394,54579.600,16979.457,37003.389,161.591,999,0.350,5.000,99,9999,99999,9,999999999,0.000,0.999,0,0,999,0.000,0
6,29,2018,12,0,,20.160,11.830,58.000,89238.930,941.024,1320.654,329.835,523.680,272.115,329.842,62841.600,25850.888,36282.577,147.390,999,0.350,5.000,99,9999,99999,9,999999999,0.000,0.999,0,0,999,0.000,0
6,29,2018,13,0,,21.350,11.990,54.000,89238.930,929.822,1320.654,335.116,542.120,326.777,312.117,65054.400,31043.804,34332.920,141.152,999,0.350,5.000,99,9999,99999,9,999999999,0.000,0.999,0,0,999,0.000,0
6,29,2018,14,0,,22.050,12.080,53.000,89238.930,842.616,1320.654,339.366,508.750,392.918,258.164,61050.000,37327.196,28398.037,128.852,999,0.350,5.000,99,9999,99999,9,999999999,0.000,0.999,0,0,999,0.000,0
6,29,2018,15,0,,22.270,12.110,52.000,89238.930,685.380,1320.654,340.069,426.130,519.662,156.655,51135.600,49367.870,17232.052,96.161,999,0.640,6.000,99,9999,99999,9,999999999,0.000,0.999,0,0,999,0.000,0
6,29,2018,16,0,,21.820,12.050,53.000,89238.930,468.954,1320.654,337.670,300.950,508.466,120.761,36114.000,48304.244,13283.686,108.470,999,1.490,6.000,99,9999,99999,9,999999999,0.000,0.999,0,0,999,0.000,0
6,29,2018,17,0,,20.640,11.890,56.000,89238.930,208.803,1320.654,331.664,145.980,404.034,82.788,17517.600,38383.245,9106.656,168.489,999,1.240,7.000,99,9999,99999,9,999999999,0.000,0.999,0,0,999,0.000,0
6,29,2018,18,0,,19.700,11.770,59.000,89238.930,0.000,1320.654,327.309,7.250,0.000,0.000,870.000,0.000,0.000,-0.000,999,0.870,7.000,99,9999,99999,9,999999999,0.000,0.999,0,0,999,0.000,0
6,29,2018,19,0,,18.760,11.640,62.000,89238.930,0.000,1320.654,322.860,0.000,0.000,0.000,0.000,0.000,0.000,-0.000,999,0.350,7.000,99,9999,99999,9,999999999,0.000,0.999,0,0,999,0.000,0
6,29,2018,20,0,,17.820,11.510,69.000,89238.930,0.000,1320.654,321.061,0.000,0.000,0.000,0.000,0.000,0.000,-0.000,999,0.350,7.000,99,9999,99999,9,999999999,0.940,0.999,0,0,999,0.940,99
6,29,2018,21,0,,16.880,11.380,72.000,89238.930,0.000,1320.654,316.315,0.000,0.000,0.000,0.000,0.000,0.000,-0.000,999,0.350,7.000,99,9999,99999,9,999999999,0.010,0.999,0,0,999,0.010,99
6,29,2018,22,0,,15.940,11.260,76.000,89238.930,0.000,1320.654,312.120,0.000,0.000,0.000,0.000,0.000,0.000,-0.000,999,0.350,7.000,99,9999,99999,9,999999999,0.040,0.999,0,0,999,0.040,99
6,29,2018,23,0,,15.000,11.130,75.000,89238.930,0.000,1320.654,305.002,0.000,0.000,0.000,0.000,0.000,0.000,-0.000,999,0.350,7.000,99,9999,99999,9,999999999,0.000,0.999,0,0,999,0.000,0
6,29,2018,24,0,,14.060,10.780,80.000,89238.930,0.000,1320.654,301.345,0.000,0.000,0.000,0.000,0.000,0.000,-0.000,999,0.250,7.000,99,9999,99999,9,999999999,0.000,0.999,0,0,999,0.000,0
6,30,2018,1,0,,13.590,10.760,82.000,89238.930,0.000,1320.654,299.197,0.000,0.000,0.000,0.000,0.000,0.000,-0.000,999,0.250,8.000,99,9999,99999,9,999999999,0.000,0.999,0,0,999,0.000,0
6,30,2018,2,0,,13.120,10.740,85.000,89238.930,0.000,1320.654,297.535,0.000,0.000,0.000,0.000,0.000,0.000,-0.000,999,0.250,8.000,99,9999,99999,9,999999999,0.000,0.999,0,0,999,0.000,0
6,30,2018,3,0,,12.650,10.710,87.000,89238.930,0.000,1320.654,295.338,0.000,0.000,0.000,0.000,0.000,0.000,-0.000,999,0.250,8.000,99,9999,99999,9,999999999,0.000,0.999,0,0,999,0.000,0
6,30,2018,4,0,,12.180,10.690,90.000,89238.930,0.000,1320.589,293.596,0.000,0.000,0.000,0.000,0.000,0.000,-0.000,999,0.250,8.000,99,9999,99999,9,999999999,0.000,0.999,0,0,999,0.000,0
6,30,2018,5,0,,11.710,10.670,93.000,89238.930,0.000,1320.589,291.810,0.000,0.000,0.000,0.000,0.000,0.000,-0.000,999,0.250,8.000,99,9999,99999,9,999999999,0.000,0.999,0,0,999,0.000,0
6,30,2018,6,0,,11.350,10.650,95.000,89238.930,0.000,1320.589,290.285,0.000,0.000,0.000,0.000,0.000,0.000,-0.000,999,0.250,8.000,99,9999,99999,9,999999999,0.000,0.999,0,0,999,0.000,0
6,30,2018,7,0,,11.040,10.640,97.000,89238.930,13.701,1320.589,289.078,0.000,0.000,0.000,0.000,0.000,0.000,0.000,999,0.250,8.000,99,9999,99999,9,999999999,0.000,0.999,0,0,999,0.000,0
6,30,2018,8,0,,10.720,10.620,99.000,89238.930,287.310,1320.589,287.788,56.320,0.000,56.320,6758.400,0.000,6195.200,82.874,999,0.250,8.000,99,9999,99999,9,999999999,0.000,0.999,0,0,999,0.000,0
6,30,2018,9,0,,14.620,10.810,77.000,89238.930,536.920,1320.589,303.532,233.780,152.692,171.790,28053.600,14505.723,18896.954,134.694,999,0.250,5.000,99,9999,99999,9,999999999,0.000,0.999,0,0,999,0.000,0
6,30,2018,10,0,,16.790,10.910,68.000,89238.930,737.832,1320.589,313.111,388.410,216.808,267.355,46609.200,20596.729,29409.009,152.415,999,0.250,4.000,99,9999,99999,9,999999999,0.000,0.999,0,0,999,0.000,0
6,30,2018,11,0,,18.220,10.980,62.000,89238.930,875.962,1320.589,319.016,439.460,156.102,335.955,52735.200,14829.650,36955.019,161.278,999,0.260,6.000,99,9999,99999,9,999999999,0.000,0.999,0,0,999,0.000,0
6,30,2018,12,0,,19.610,11.050,57.000,89238.930,941.810,1320.589,325.055,538.540,280.423,338.606,64624.800,26640.199,37246.689,151.173,999,0.250,5.000,99,9999,99999,9,999999999,0.000,0.999,0,0,999,0.000,0
6,30,2018,13,0,,20.950,11.110,53.000,89238.930,930.863,1320.589,331.309,629.530,521.635,261.946,75543.600,49555.362,28814.101,118.324,999,0.770,3.000,99,9999,99999,9,999999999,0.000,0.999,0,0,999,0.000,0
6,30,2018,14,0,,21.770,11.150,50.000,89238.930,843.871,1320.589,334.505,597.160,712.234,142.228,71659.200,67662.256,15645.082,70.878,999,1.060,2.000,99,9999,99999,9,999999999,0.000,0.999,0,0,999,0.000,0
6,30,2018,15,0,,22.020,11.160,50.000,89238.930,686.793,1320.589,336.333,485.460,641.626,152.036,58255.200,60954.492,16723.922,93.128,999,1.870,4.000,99,9999,99999,9,999999999,0.000,0.999,0,0,999,0.000,0
6,30,2018,16,0,,21.770,11.150,50.000,89238.930,470.457,1320.589,334.505,370.690,627.906,147.447,44482.800,59651.036,16219.116,132.008,999,1.410,3.000,99,9999,99999,9,999999999,0.000,0.999,0,0,999,0.000,0
6,30,2018,17,0,,20.810,11.100,53.000,89238.930,210.313,1320.589,330.295,205.350,365.676,147.732,24642.000,34739.209,16250.494,298.442,999,1.050,4.000,99,9999,99999,9,999999999,0.000,0.999,0,0,999,0.000,0
6,30,2018,18,0,,19.776,11.054,56.800,89238.930,0.000,1320.589,326.083,118.156,0.000,0.000,14178.720,0.000,0.000,-0.000,999,0.724,4.200,99,9999,99999,9,999999999,0.000,0.999,0,0,999,0.000,0
6,30,2018,19,0,,18.766,11.006,60.400,89238.930,0.000,1320.589,321.700,44.018,0.000,0.000,5282.160,0.000,0.000,-0.000,999,0.492,4.600,99,9999,99999,9,999999999,0.000,0.999,0,0,999,0.000,0
6,30,2018,20,0,,17.744,10.958,64.200,89238.930,0.000,1320.589,317.234,2.948,0.000,0.000,353.760,0.000,0.000,-0.000,999,0.332,4.800,99,9999,99999,9,999999999,0.000,0.999,0,0,999,0.000,0
6,30,2018,21,0,,16.722,10.910,68.200,89238.930,0.000,1320.589,312.767,0.000,0.000,0.000,0.000,0.000,0.000,-0.000,999,0.288,5.200,99,9999,99999,9,999999999,0.000,0.999,0,0,999,0.000,0
6,30,2018,22,0,,15.196,10.412,72.800,89238.930,0.000,1320.589,305.054,0.000,0.000,0.000,0.000,0.000,0.000,-0.000,999,0.256,5.600,99,9999,99999,9,999999999,0.000,0.999,0,0,999,0.000,0
6,30,2018,23,0,,13.800,9.920,77.000,89238.930,0.000,1320.589,297.940,0.000,0.000,0.000,0.000,0.000,0.000,-0.000,999,0.262,6.000,99,9999,99999,9,999999999,0.000,0.999,0,0,999,0.000,0
6,30,2017,24,0,,12.532,9.432,80.800,89238.930,0.000,1320.589,291.447,0.000,0.000,0.000,0.000,0.000,0.000,-0.000,999,0.268,6.400,99,9999,99999,9,999999999,0.000,0.999,0,0,999,0.000,0
7,1,2017,1,0,,11.392,8.948,84.400,89238.930,0.000,1320.589,285.696,0.000,0.000,0.000,0.000,0.000,0.000,-0.000,999,0.274,6.800,99,9999,99999,9,999999999,0.000,0.999,0,0,999,0.000,0
7,1,2017,2,0,,10.378,8.470,87.400,89238.930,0.000,1320.589,280.484,0.000,0.000,0.000,0.000,0.000,0.000,-0.000,999,0.280,7.000,99,9999,99999,9,999999999,0.000,0.999,0,0,999,0.000,0
7,1,2017,3,0,,9.996,8.444,89.600,89238.930,0.000,1320.589,279.002,0.000,0.000,0.000,0.000,0.000,0.000,-0.000,999,0.280,7.200,99,9999,99999,9,999999999,0.000,0.999,0,0,999,0.000,0
7,1,2017,4,0,,9.632,8.418,91.800,89238.930,0.000,1320.537,277.615,0.000,0.000,0.000,0.000,0.000,0.000,-0.000,999,0.280,7.400,99,9999,99999,9,999999999,0.000,0.999,0,0,999,0.000,0
7,1,2017,5,0,,9.292,8.394,93.800,89238.930,0.000,1320.537,276.278,0.000,0.000,0.000,0.000,0.000,0.000,-0.000,999,0.280,7.600,99,9999,99999,9,999999999,0.000,0.999,0,0,999,0.000,0
7,1,2017,6,0,,8.940,8.370,96.000,89238.930,0.000,1320.537,274.931,0.000,0.000,0.000,0.000,0.000,0.000,-0.000,999,0.280,8.000,99,9999,99999,9,999999999,0.000,0.999,0,0,999,0.000,0
7,1,2017,7,0,,8.680,8.350,97.000,89238.930,13.289,1320.537,273.673,0.000,0.000,0.000,0.000,0.000,0.000,0.000,999,0.280,8.000,99,9999,99999,9,999999999,0.000,0.999,0,0,999,0.000,0
7,1,2017,8,0,,8.430,8.330,99.000,89238.930,287.088,1320.537,272.873,32.380,0.000,32.380,3885.600,0.000,3561.800,47.682,999,0.290,8.000,99,9999,99999,9,999999999,0.000,0.999,0,0,999,0.000,0
7,1,2017,9,0,,11.170,8.530,83.000,89238.930,537.009,1320.537,283.560,169.850,26.130,159.239,20382.000,2482.374,17516.344,124.827,999,0.280,8.000,99,9999,99999,9,999999999,0.000,0.999,0,0,999,0.000,0
7,1,2017,10,0,,12.960,8.650,75.000,89238.930,738.271,1320.537,291.197,300.770,79.256,256.489,36092.400,7529.285,28213.810,146.128,999,0.340,7.000,99,9999,99999,9,999999999,0.000,0.999,0,0,999,0.000,0
7,1,2017,11,0,,14.540,8.760,68.000,89238.930,876.764,1320.537,297.650,401.350,139.076,309.045,48162.000,13212.253,33994.993,148.218,999,0.970,7.000,99,9999,99999,9,999999999,0.000,0.999,0,0,999,0.000,0
7,1,2017,12,0,,15.820,8.850,63.000,89238.930,942.962,1320.537,303.048,462.340,171.995,339.557,55480.800,16339.566,37351.284,151.406,999,0.980,6.000,99,9999,99999,9,999999999,0.000,0.999,0,0,999,0.000,0
7,1,2017,13,0,,16.750,8.920,59.000,89238.930,932.330,1320.537,306.551,478.940,208.370,331.870,57472.800,19795.117,36505.663,149.667,999,1.380,6.000,99,9999,99999,9,999999999,0.000,0.999,0,0,999,0.000,0
7,1,2017,14,0,,17.300,8.950,57.000,89238.930,845.594,1320.537,308.817,449.870,256.917,285.425,53984.400,24407.136,31396.741,141.943,999,1.680,7.000,99,9999,99999,9,999999999,0.000,0.999,0,0,999,0.000,0
7,1,2017,15,0,,17.460,8.960,57.000,89238.930,688.696,1320.537,309.921,377.360,304.053,218.912,45283.200,28885.056,24080.334,133.716,999,1.560,7.000,99,9999,99999,9,999999999,0.000,0.999,0,0,999,0.000,0
7,1,2017,16,0,,17.120,8.940,58.000,89238.930,472.452,1320.537,308.343,267.270,405.092,122.626,32072.400,38483.710,13488.860,109.316,999,1.710,7.000,99,9999,99999,9,999999999,0.000,0.999,0,0,999,0.000,0
7,1,2017,17,0,,16.220,8.880,61.000,89238.930,212.292,1320.537,304.377,130.720,382.255,69.909,15686.400,36314.201,7689.938,139.877,999,0.780,8.000,99,9999,99999,9,999999999,0.000,0.999,0,0,999,0.000,0
7,1,2017,18,0,,15.510,8.830,64.000,89238.930,0.000,1320.537,301.618,7.150,0.000,0.000,858.000,0.000,0.000,-0.000,999,0.320,8.000,99,9999,99999,9,999999999,0.000,0.999,0,0,999,0.000,0
7,1,2017,19,0,,14.790,8.780,67.000,89238.930,0.000,1320.537,298.706,0.000,0.000,0.000,0.000,0.000,0.000,-0.000,999,0.280,8.000,99,9999,99999,9,999999999,0.000,0.999,0,0,999,0.000,0
7,1,2017,20,0,,14.070,8.730,75.000,89238.930,0.000,1320.537,298.647,0.000,0.000,0.000,0.000,0.000,0.000,-0.000,999,0.280,8.000,99,9999,99999,9,999999999,0.020,0.999,0,0,999,0.020,99
7,1,2017,21,0,,13.360,8.680,78.000,89238.930,0.000,1320.537,295.516,0.000,0.000,0.000,0.000,0.000,0.000,-0.000,999,0.280,8.000,99,9999,99999,9,999999999,0.980,0.999,0,0,999,0.980,99
7,1,2017,22,0,,12.640,8.630,76.000,89238.930,0.000,1320.537,289.623,0.000,0.000,0.000,0.000,0.000,0.000,-0.000,999,0.280,8.000,99,9999,99999,9,999999999,0.000,0.999,0,0,999,0.000,0
7,1,2017,23,0,,11.930,8.580,79.000,89238.930,0.000,1320.537,286.531,0.000,0.000,0.000,0.000,0.000,0.000,-0.000,999,0.280,8.000,99,9999,99999,9,999999999,0.000,0.999,0,0,999,0.000,0
7,1,2017,24,0,,11.210,8.990,91.000,89238.930,0.000,1320.537,287.577,0.000,0.000,0.000,0.000,0.000,0.000,-0.000,999,0.210,8.000,99,9999,99999,9,999999999,0.040,0.999,0,0,999,0.040,99
7,2,2017,1,0,,10.850,8.930,97.000,89238.930,0.000,1320.537,287.813,0.000,0.000,0.000,0.000,0.000,0.000,-0.000,999,0.210,8.000,99,9999,99999,9,999999999,2.830,0.999,0,0,999,2.830,99
7,2,2017,2,0,,10.500,8.880,94.000,89238.930,0.000,1320.537,284.217,0.000,0.000,0.000,0.000,0.000,0.000,-0.000,999,0.210,8.000,99,9999,99999,9,999999999,0.010,0.999,0,0,999,0.010,99
7,2,2017,3,0,,10.140,8.820,91.000,89238.930,0.000,1320.537,280.555,0.000,0.000,0.000,0.000,0.000,0.000,-0.000,999,0.210,8.000,99,9999,99999,9,999999999,0.000,0.999,0,0,999,0.000,0
7,2,2017,4,0,,9.780,8.760,93.000,89238.930,0.000,1320.498,279.088,0.000,0.000,0.000,0.000,0.000,0.000,-0.000,999,0.210,8.000,99,9999,99999,9,999999999,0.000,0.999,0,0,999,0.000,0
7,2,2017,5,0,,9.420,8.700,95.000,89238.930,0.000,1320.498,277.606,0.000,0.000,0.000,0.000,0.000,0.000,-0.000,999,0.210,8.000,99,9999,99999,9,999999999,0.000,0.999,0,0,999,0.000,0
7,2,2017,6,0,,9.140,8.650,96.000,89238.930,0.000,1320.498,276.215,0.000,0.000,0.000,0.000,0.000,0.000,-0.000,999,0.210,8.000,99,9999,99999,9,999999999,0.000,0.999,0,0,999,0.000,0
7,2,2017,7,0,,8.910,8.610,97.000,89238.930,13.041,1320.498,275.145,0.000,0.000,0.000,0.000,0.000,0.000,0.000,999,0.210,8.000,99,9999,99999,9,999999999,0.000,0.999,0,0,999,0.000,0
7,2,2017,8,0,,8.670,8.570,99.000,89238.930,287.018,1320.498,274.408,33.100,0.000,33.100,3972.000,0.000,3641.000,48.753,999,0.210,8.000,99,9999,99999,9,999999999,0.000,0.999,0,0,999,0.000,0
7,2,2017,9,0,,12.100,9.140,87.000,89238.930,537.199,1320.498,291.642,173.690,29.416,161.741,20842.800,2794.554,17791.459,126.739,999,0.210,8.000,99,9999,99999,9,999999999,0.020,0.999,0,0,999,0.020,99
7,2,2017,10,0,,14.360,9.500,72.000,89238.930,738.747,1320.498,298.870,307.610,86.678,259.150,36913.200,8234.377,28506.471,147.544,999,0.210,7.000,99,9999,99999,9,999999999,0.000,0.999,0,0,999,0.000,0
7,2,2017,11,0,,16.350,9.810,65.000,89238.930,877.531,1320.498,308.048,410.540,161.973,302.942,49264.800,15387.426,33323.575,145.160,999,0.460,6.000,99,9999,99999,9,999999999,0.000,0.999,0,0,999,0.000,0
7,2,2017,12,0,,16.030,9.760,66.000,89238.930,944.006,1320.498,306.512,184.210,2.870,182.159,22105.200,272.608,20037.508,81.131,999,0.630,8.000,99,9999,99999,9,999999999,0.000,0.999,0,0,999,0.000,0
7,2,2017,13,0,,16.060,9.770,66.000,89238.930,933.618,1320.498,306.718,226.360,4.393,223.255,27163.200,417.370,24558.019,100.542,999,1.110,8.000,99,9999,99999,9,999999999,0.000,0.999,0,0,999,0.000,0
7,2,2017,14,0,,16.140,9.780,70.000,89238.930,847.075,1320.498,309.863,239.160,22.464,224.756,28699.200,2134.117,24723.112,111.573,999,1.530,8.000,99,9999,99999,9,999999999,0.110,0.999,0,0,999,0.110,99
7,2,2017,15,0,,17.550,10.000,61.000,89238.930,690.307,1320.498,313.567,565.930,594.760,255.254,67911.600,56502.234,28077.903,155.545,999,1.960,0.000,99,9999,99999,9,999999999,0.000,0.999,0,0,999,0.000,0
7,2,2017,16,0,,18.620,10.160,57.000,89238.930,474.117,1320.498,318.017,558.360,622.370,335.340,67003.200,59125.123,36887.402,297.879,999,2.050,0.000,99,9999,99999,9,999999999,0.000,0.999,0,0,999,0.000,0
7,2,2017,17,0,,18.690,10.170,57.000,89238.930,213.927,1320.498,318.511,321.310,398.648,257.390,38557.200,37871.556,28312.935,510.972,999,1.840,0.000,99,9999,99999,9,999999999,0.000,0.999,0,0,999,0.000,0
7,2,2017,18,0,,17.760,10.030,60.000,89238.930,0.000,1320.498,314.294,48.600,0.000,0.000,5832.000,0.000,0.000,-0.000,999,0.780,1.000,99,9999,99999,9,999999999,0.000,0.999,0,0,999,0.000,0
7,2,2017,19,0,,16.830,9.890,63.000,89238.930,0.000,1320.498,309.991,0.000,0.000,0.000,0.000,0.000,0.000,-0.000,999,0.300,1.000,99,9999,99999,9,999999999,0.000,0.999,0,0,999,0.000,0
7,2,2017,20,0,,15.900,9.740,66.000,89238.930,0.000,1320.498,305.618,0.000,0.000,0.000,0.000,0.000,0.000,-0.000,999,0.310,2.000,99,9999,99999,9,999999999,0.000,0.999,0,0,999,0.000,0
7,2,2017,21,0,,14.970,9.600,70.000,89238.930,0.000,1320.498,301.806,0.000,0.000,0.000,0.000,0.000,0.000,-0.000,999,0.210,2.000,99,9999,99999,9,999999999,0.000,0.999,0,0,999,0.000,0
7,2,2017,22,0,,14.040,9.450,73.000,89238.930,0.000,1320.498,297.294,0.000,0.000,0.000,0.000,0.000,0.000,-0.000,999,0.210,3.000,99,9999,99999,9,999999999,0.000,0.999,0,0,999,0.000,0
7,2,2017,23,0,,13.110,9.300,77.000,89238.930,0.000,1320.498,293.296,0.000,0.000,0.000,0.000,0.000,0.000,-0.000,999,0.210,3.000,99,9999,99999,9,999999999,0.000,0.999,0,0,999,0.000,0
7,2,2017,24,0,,12.180,8.620,78.000,89238.930,0.000,1320.498,287.655,0.000,0.000,0.000,0.000,0.000,0.000,-0.000,999,0.580,4.000,99,9999,99999,9,999999999,0.000,0.999,0,0,999,0.000,0
7,3,2017,1,0,,11.710,8.640,81.000,89238.930,0.000,1320.498,286.107,0.000,0.000,0.000,0.000,0.000,0.000,-0.000,999,0.580,4.000,99,9999,99999,9,999999999,0.000,0.999,0,0,999,0.000,0
7,3,2017,2,0,,11.250,8.660,84.000,89238.930,0.000,1320.498,284.570,0.000,0.000,0.000,0.000,0.000,0.000,-0.000,999,0.580,5.000,99,9999,99999,9,999999999,0.000,0.999,0,0,999,0.000,0
7,3,2017,3,0,,10.780,8.680,86.000,89238.930,0.000,1320.498,282.450,0.000,0.000,0.000,0.000,0.000,0.000,-0.000,999,0.580,5.000,99,9999,99999,9,999999999,0.000,0.999,0,0,999,0.000,0
7,3,2017,4,0,,10.320,8.710,89.000,89238.930,0.000,1320.472,280.834,0.000,0.000,0.000,0.000,0.000,0.000,-0.000,999,0.580,6.000,99,9999,99999,9,999999999,0.000,0.999,0,0,999,0.000,0
7,3,2017,5,0,,9.850,8.730,97.000,89238.930,0.000,1320.472,281.229,0.000,0.000,0.000,0.000,0.000,0.000,-0.000,999,0.580,6.000,99,9999,99999,9,999999999,0.020,0.999,0,0,999,0.020,99
7,3,2017,6,0,,9.490,8.750,95.000,89238.930,0.000,1320.472,278.058,0.000,0.000,0.000,0.000,0.000,0.000,-0.000,999,0.580,7.000,99,9999,99999,9,999999999,0.000,0.999,0,0,999,0.000,0
7,3,2017,7,0,,9.180,8.760,97.000,89238.930,12.865,1320.472,276.882,0.000,0.000,0.000,0.000,0.000,0.000,0.000,999,0.580,7.000,99,9999,99999,9,999999999,0.000,0.999,0,0,999,0.000,0
7,3,2017,8,0,,8.880,8.770,99.000,89238.930,287.045,1320.472,275.756,31.200,0.000,31.200,3744.000,0.000,3432.000,45.949,999,0.580,8.000,99,9999,99999,9,999999999,0.000,0.999,0,0,999,0.000,0
7,3,2017,9,0,,12.420,8.610,77.000,89238.930,537.498,1320.472,288.708,234.730,154.359,171.990,28167.600,14664.142,18918.919,134.693,999,0.580,5.000,99,9999,99999,9,999999999,0.000,0.999,0,0,999,0.000,0
7,3,2017,10,0,,15.000,8.480,65.000,89238.930,739.339,1320.472,298.830,423.770,329.016,239.670,50852.400,31256.533,26363.744,136.342,999,0.580,3.000,99,9999,99999,9,999999999,0.000,0.999,0,0,999,0.000,0
7,3,2017,11,0,,17.050,8.380,56.000,89238.930,878.416,1320.472,306.322,537.480,397.375,273.232,64497.600,37750.590,30055.570,130.789,999,0.580,3.000,99,9999,99999,9,999999999,0.000,0.999,0,0,999,0.000,0
7,3,2017,12,0,,18.700,8.300,50.000,89238.930,945.167,1320.472,312.674,616.190,481.251,271.816,73942.800,45718.883,29899.795,120.912,999,0.580,2.000,99,9999,99999,9,999999999,0.000,0.999,0,0,999,0.000,0
7,3,2017,13,0,,19.640,8.250,47.000,89238.930,935.015,1320.472,316.429,580.340,410.289,289.902,69640.800,38977.487,31889.262,130.358,999,0.580,4.000,99,9999,99999,9,999999999,0.000,0.999,0,0,999,0.000,0
7,3,2017,14,0,,20.090,8.230,46.000,89238.930,848.654,1320.472,318.601,522.630,419.499,253.135,62715.600,39852.414,27844.799,125.424,999,0.580,5.000,99,9999,99999,9,999999999,0.000,0.999,0,0,999,0.000,0
7,3,2017,15,0,,20.160,8.230,46.000,89238.930,692.001,1320.472,319.091,441.800,515.755,171.725,53016.000,48996.701,18889.725,104.386,999,0.580,5.000,99,9999,99999,9,999999999,0.000,0.999,0,0,999,0.000,0
7,3,2017,16,0,,19.660,8.250,47.000,89238.930,475.850,1320.472,316.569,324.020,658.601,87.146,38882.400,62567.069,9586.057,77.126,999,0.580,6.000,99,9999,99999,9,999999999,0.000,0.999,0,0,999,0.000,0
7,3,2017,17,0,,18.450,8.310,51.000,89238.930,215.611,1320.472,311.827,145.050,388.401,82.272,17406.000,36898.057,9049.932,162.023,999,0.580,8.000,99,9999,99999,9,999999999,0.000,0.999,0,0,999,0.000,0
7,3,2017,18,0,,17.530,8.360,54.000,89238.930,0.000,1320.472,308.017,9.620,0.000,0.000,1154.400,0.000,0.000,-0.000,999,0.580,8.000,99,9999,99999,9,999999999,0.000,0.999,0,0,999,0.000,0
7,3,2017,19,0,,16.610,8.400,58.000,89238.930,0.000,1320.472,304.846,0.000,0.000,0.000,0.000,0.000,0.000,-0.000,999,0.580,8.000,99,9999,99999,9,999999999,0.000,0.999,0,0,999,0.000,0
7,3,2017,20,0,,15.680,8.450,67.000,89238.930,0.000,1320.472,304.763,0.000,0.000,0.000,0.000,0.000,0.000,-0.000,999,0.580,8.000,99,9999,99999,9,999999999,0.010,0.999,0,0,999,0.010,99
7,3,2017,21,0,,14.760,8.490,71.000,89238.930,0.000,1320.472,300.986,0.000,0.000,0.000,0.000,0.000,0.000,-0.000,999,0.580,8.000,99,9999,99999,9,999999999,0.040,0.999,0,0,999,0.040,99
7,3,2017,22,0,,13.840,8.540,75.000,89238.930,0.000,1320.472,297.092,0.000,0.000,0.000,0.000,0.000,0.000,-0.000,999,0.580,8.000,99,9999,99999,9,999999999,0.110,0.999,0,0,999,0.110,99
7,3,2017,23,0,,12.920,8.580,84.000,89238.930,0.000,1320.472,295.679,0.000,0.000,0.000,0.000,0.000,0.000,-0.000,999,0.580,8.000,99,9999,99999,9,999999999,2.830,0.999,0,0,999,2.830,99
7,3,2017,24,0,,12.000,8.870,81.000,89238.930,0.000,1320.472,288.018,0.000,0.000,0.000,0.000,0.000,0.000,-0.000,999,0.490,8.000,99,9999,99999,9,999999999,0.000,0.999,0,0,999,0.000,0
7,4,2017,1,0,,11.540,8.830,83.000,89238.930,0.000,1320.472,285.986,0.000,0.000,0.000,0.000,0.000,0.000,-0.000,999,0.490,8.000,99,9999,99999,9,999999999,0.000,0.999,0,0,999,0.000,0
7,4,2017,2,0,,11.080,8.800,85.000,89238.930,0.000,1320.472,283.937,0.000,0.000,0.000,0.000,0.000,0.000,-0.000,999,0.490,8.000,99,9999,99999,9,999999999,0.000,0.999,0,0,999,0.000,0
7,4,2017,3,0,,10.610,8.760,88.000,89238.930,0.000,1320.472,282.268,0.000,0.000,0.000,0.000,0.000,0.000,-0.000,999,0.490,8.000,99,9999,99999,9,999999999,0.000,0.999,0,0,999,0.000,0
7,4,2017,4,0,,10.150,8.730,90.000,89238.930,0.000,1320.458,280.178,0.000,0.000,0.000,0.000,0.000,0.000,-0.000,999,0.490,8.000,99,9999,99999,9,999999999,0.000,0.999,0,0,999,0.000,0
7,4,2017,5,0,,9.690,8.700,93.000,89238.930,0.000,1320.458,278.505,0.000,0.000,0.000,0.000,0.000,0.000,-0.000,999,0.490,8.000,99,9999,99999,9,999999999,0.000,0.999,0,0,999,0.000,0
7,4,2017,6,0,,9.340,8.670,95.000,89238.930,0.000,1320.458,277.090,0.000,0.000,0.000,0.000,0.000,0.000,-0.000,999,0.490,8.000,99,9999,99999,9,999999999,0.000,0.999,0,0,999,0.000,0
7,4,2017,7,0,,9.030,8.650,97.000,89238.930,12.762,1320.458,275.916,0.000,0.000,0.000,0.000,0.000,0.000,0.000,999,0.490,8.000,99,9999,99999,9,999999999,0.000,0.999,0,0,999,0.000,0
7,4,2017,8,0,,8.730,8.630,99.000,89238.930,287.170,1320.458,274.792,30.370,0.000,30.370,3644.400,0.000,3340.700,44.706,999,0.490,8.000,99,9999,99999,9,999999999,0.000,0.999,0,0,999,0.000,0
7,4,2017,9,0,,12.310,8.890,79.000,89238.930,537.906,1320.458,289.038,205.100,87.787,169.391,24612.000,8339.794,18633.015,132.555,999,0.490,6.000,99,9999,99999,9,999999999,0.000,0.999,0,0,999,0.000,0
7,4,2017,10,0,,13.980,9.010,71.000,89238.930,740.046,1320.458,295.713,281.530,59.338,248.296,33783.600,5637.064,27312.534,141.112,999,0.490,7.000,99,9999,99999,9,999999999,0.000,0.999,0,0,999,0.000,0
7,4,2017,11,0,,15.910,9.150,64.000,89238.930,879.420,1320.458,304.345,426.070,157.246,321.383,51128.400,14938.394,35352.146,153.660,999,0.490,6.000,99,9999,99999,9,999999999,0.000,0.999,0,0,999,0.000,0
7,4,2017,12,0,,17.840,9.280,57.000,89238.930,946.442,1320.458,312.556,552.240,309.621,330.380,66268.800,29413.972,36341.807,146.763,999,0.490,5.000,99,9999,99999,9,999999999,0.000,0.999,0,0,999,0.000,0
7,4,2017,13,0,,19.070,9.370,53.000,89238.930,936.520,1320.458,317.880,541.060,302.706,326.431,64927.200,28757.078,35907.459,146.547,999,0.490,5.000,99,9999,99999,9,999999999,0.000,0.999,0,0,999,0.000,0
7,4,2017,14,0,,19.890,9.430,50.000,89238.930,850.329,1320.458,321.002,528.160,433.028,249.420,63379.200,41137.687,27436.217,123.339,999,1.320,5.000,99,9999,99999,9,999999999,0.000,0.999,0,0,999,0.000,0
7,4,2017,15,0,,20.140,9.440,50.000,89238.930,693.776,1320.458,322.773,431.110,465.389,186.780,51733.200,44211.938,20545.761,113.245,999,1.250,6.000,99,9999,99999,9,999999999,0.000,0.999,0,0,999,0.000,0
7,4,2017,16,0,,20.150,9.450,50.000,89238.930,477.648,1320.458,322.844,379.200,589.580,166.343,45504.000,56010.127,18297.752,146.660,999,0.670,3.000,99,9999,99999,9,999999999,0.000,0.999,0,0,999,0.000,0
7,4,2017,17,0,,19.120,9.370,53.000,89238.930,217.341,1320.458,318.232,174.970,417.838,106.880,20996.400,39694.656,11756.843,208.774,999,0.810,6.000,99,9999,99999,9,999999999,0.000,0.999,0,0,999,0.000,0
7,4,2017,18,0,,18.100,9.300,56.000,89238.930,0.000,1320.458,313.574,9.890,0.000,0.000,1186.800,0.000,0.000,-0.000,999,0.490,6.000,99,9999,99999,9,999999999,0.000,0.999,0,0,999,0.000,0
7,4,2017,19,0,,17.090,9.230,59.000,89238.930,0.000,1320.458,308.890,0.000,0.000,0.000,0.000,0.000,0.000,-0.000,999,0.490,6.000,99,9999,99999,9,999999999,0.000,0.999,0,0,999,0.000,0
7,4,2017,20,0,,16.070,9.160,63.000,89238.930,0.000,1320.458,304.755,0.000,0.000,0.000,0.000,0.000,0.000,-0.000,999,0.490,6.000,99,9999,99999,9,999999999,0.000,0.999,0,0,999,0.000,0
7,4,2017,21,0,,15.060,9.090,67.000,89238.930,0.000,1320.458,300.533,0.000,0.000,0.000,0.000,0.000,0.000,-0.000,999,0.490,7.000,99,9999,99999,9,999999999,0.000,0.999,0,0,999,0.000,0
7,4,2017,22,0,,14.050,9.010,71.000,89238.930,0.000,1320.458,296.184,0.000,0.000,0.000,0.000,0.000,0.000,-0.000,999,0.490,7.000,99,9999,99999,9,999999999,0.000,0.999,0,0,999,0.000,0
7,4,2017,23,0,,13.030,8.940,76.000,89238.930,0.000,1320.458,292.215,0.000,0.000,0.000,0.000,0.000,0.000,-0.000,999,0.490,7.000,99,9999,99999,9,999999999,0.000,0.999,0,0,999,0.000,0
7,4,2017,24,0,,12.020,6.980,71.000,89238.930,0.000,1320.458,282.777,0.000,0.000,0.000,0.000,0.000,0.000,-0.000,999,0.140,7.000,99,9999,99999,9,999999999,0.000,0.999,0,0,999,0.000,0
7,5,2017,1,0,,11.510,6.980,73.000,89238.930,0.000,1320.458,280.595,0.000,0.000,0.000,0.000,0.000,0.000,-0.000,999,0.140,7.000,99,9999,99999,9,999999999,0.000,0.999,0,0,999,0.000,0
7,5,2017,2,0,,11.000,6.980,76.000,89238.930,0.000,1320.458,278.918,0.000,0.000,0.000,0.000,0.000,0.000,-0.000,999,0.140,7.000,99,9999,99999,9,999999999,0.000,0.999,0,0,999,0.000,0
7,5,2017,3,0,,10.500,6.970,78.000,89238.930,0.000,1320.458,276.741,0.000,0.000,0.000,0.000,0.000,0.000,-0.000,999,0.140,7.000,99,9999,99999,9,999999999,0.000,0.999,0,0,999,0.000,0
7,5,2017,4,0,,9.990,6.970,81.000,89238.930,0.000,1320.457,274.971,0.000,0.000,0.000,0.000,0.000,0.000,-0.000,999,0.140,7.000,99,9999,99999,9,999999999,0.000,0.999,0,0,999,0.000,0
7,5,2017,5,0,,9.480,6.970,84.000,89238.930,0.000,1320.457,273.149,0.000,0.000,0.000,0.000,0.000,0.000,-0.000,999,0.140,8.000,99,9999,99999,9,999999999,0.000,0.999,0,0,999,0.000,0
7,5,2017,6,0,,9.090,6.970,86.000,89238.930,0.000,1320.457,271.592,0.000,0.000,0.000,0.000,0.000,0.000,-0.000,999,0.140,8.000,99,9999,99999,9,999999999,0.000,0.999,0,0,999,0.000,0
7,5,2017,7,0,,8.760,6.960,88.000,89238.930,12.732,1320.457,270.396,0.000,0.000,0.000,0.000,0.000,0.000,0.000,999,0.140,8.000,99,9999,99999,9,999999999,0.000,0.999,0,0,999,0.000,0
7,5,2017,8,0,,8.420,6.960,90.000,89238.930,287.395,1320.457,269.120,58.280,0.000,58.280,6993.600,0.000,6410.800,85.723,999,0.140,8.000,99,9999,99999,9,999999999,0.000,0.999,0,0,999,0.000,0
7,5,2017,9,0,,12.990,6.990,66.000,89238.930,538.423,1320.457,286.123,262.130,214.571,174.765,31455.600,20384.214,19224.197,136.628,999,0.210,3.000,99,9999,99999,9,999999999,0.000,0.999,0,0,999,0.000,0
7,5,2017,10,0,,15.010,7.000,58.000,89238.930,740.869,1320.457,294.071,372.410,151.149,287.659,44689.200,14359.138,31642.481,163.300,999,0.450,5.000,99,9999,99999,9,999999999,0.000,0.999,0,0,999,0.000,0
7,5,2017,11,0,,16.900,7.010,52.000,89238.930,880.541,1320.457,302.081,496.230,286.444,305.286,59547.600,27212.227,33581.433,145.778,999,0.830,4.000,99,9999,99999,9,999999999,0.000,0.999,0,0,999,0.000,0
7,5,2017,12,0,,18.670,7.020,46.000,89238.930,947.832,1320.457,308.766,606.420,452.235,281.892,72770.400,42962.352,31008.171,125.039,999,0.940,3.000,99,9999,99999,9,999999999,0.000,0.999,0,0,999,0.000,0
7,5,2017,13,0,,19.850,7.030,43.000,89238.930,938.131,1320.457,313.883,607.710,475.322,270.110,72925.200,45155.619,29712.105,121.053,999,1.170,3.000,99,9999,99999,9,999999999,0.000,0.999,0,0,999,0.000,0
7,5,2017,14,0,,20.560,7.030,41.000,89238.930,852.100,1320.457,316.660,574.100,569.255,206.907,68892.000,54079.256,22759.726,102.103,999,1.610,4.000,99,9999,99999,9,999999999,0.000,0.999,0,0,999,0.000,0
7,5,2017,15,0,,20.720,7.040,41.000,89238.930,695.632,1320.457,317.773,470.050,627.294,139.836,56406.000,59592.965,15381.919,84.556,999,2.250,4.000,99,9999,99999,9,999999999,0.000,0.999,0,0,999,0.000,0
7,5,2017,16,0,,20.170,7.030,42.000,89238.930,479.508,1320.457,315.041,329.290,668.185,87.110,39514.800,63477.528,9582.147,76.503,999,1.690,5.000,99,9999,99999,9,999999999,0.000,0.999,0,0,999,0.000,0
7,5,2017,17,0,,18.980,7.030,45.000,89238.930,219.117,1320.457,309.918,173.810,381.416,111.138,20857.200,36234.533,12225.149,215.296,999,1.210,6.000,99,9999,99999,9,999999999,0.000,0.999,0,0,999,0.000,0
7,5,2017,18,0,,18.010,7.020,48.000,89238.930,0.000,1320.457,306.131,13.700,0.000,0.000,1644.000,0.000,0.000,-0.000,999,1.190,6.000,99,9999,99999,9,999999999,0.000,0.999,0,0,999,0.000,0
7,5,2017,19,0,,17.040,7.010,51.000,89238.930,0.000,1320.457,302.189,0.000,0.000,0.000,0.000,0.000,0.000,-0.000,999,0.470,6.000,99,9999,99999,9,999999999,0.000,0.999,0,0,999,0.000,0
7,5,2017,20,0,,16.070,7.010,54.000,89238.930,0.000,1320.457,298.117,0.000,0.000,0.000,0.000,0.000,0.000,-0.000,999,0.240,6.000,99,9999,99999,9,999999999,0.000,0.999,0,0,999,0.000,0
7,5,2017,21,0,,15.100,7.000,58.000,89238.930,0.000,1320.457,294.670,0.000,0.000,0.000,0.000,0.000,0.000,-0.000,999,0.140,7.000,99,9999,99999,9,999999999,0.000,0.999,0,0,999,0.000,0
7,5,2017,22,0,,14.130,7.000,62.000,89238.930,0.000,1320.457,291.031,0.000,0.000,0.000,0.000,0.000,0.000,-0.000,999,0.140,7.000,99,9999,99999,9,999999999,0.000,0.999,0,0,999,0.000,0
7,5,2017,23,0,,13.160,6.990,66.000,89238.930,0.000,1320.457,287.235,0.000,0.000,0.000,0.000,0.000,0.000,-0.000,999,0.140,7.000,99,9999,99999,9,999999999,0.000,0.999,0,0,999,0.000,0
7,5,2017,24,0,,12.190,8.880,80.000,89238.930,0.000,1320.457,288.763,0.000,0.000,0.000,0.000,0.000,0.000,-0.000,999,0.150,7.000,99,9999,99999,9,999999999,0.000,0.999,0,0,999,0.000,0
7,6,2017,1,0,,11.710,8.850,82.000,89238.930,0.000,1320.457,286.609,0.000,0.000,0.000,0.000,0.000,0.000,-0.000,999,0.150,7.000,99,9999,99999,9,999999999,0.000,0.999,0,0,999,0.000,0
7,6,2017,2,0,,11.220,8.820,85.000,89238.930,0.000,1320.457,284.855,0.000,0.000,0.000,0.000,0.000,0.000,-0.000,999,0.150,7.000,99,9999,99999,9,999999999,0.000,0.999,0,0,999,0.000,0
7,6,2017,3,0,,10.740,8.780,87.000,89238.930,0.000,1320.457,282.656,0.000,0.000,0.000,0.000,0.000,0.000,-0.000,999,0.150,7.000,99,9999,99999,9,999999999,0.000,0.999,0,0,999,0.000,0
7,6,2017,4,0,,10.250,8.750,90.000,89238.930,0.000,1320.468,280.827,0.000,0.000,0.000,0.000,0.000,0.000,-0.000,999,0.150,7.000,99,9999,99999,9,999999999,0.000,0.999,0,0,999,0.000,0
7,6,2017,5,0,,9.770,8.720,93.000,89238.930,0.000,1320.468,279.023,0.000,0.000,0.000,0.000,0.000,0.000,-0.000,999,0.150,8.000,99,9999,99999,9,999999999,0.000,0.999,0,0,999,0.000,0
7,6,2017,6,0,,9.390,8.700,95.000,89238.930,0.000,1320.468,277.412,0.000,0.000,0.000,0.000,0.000,0.000,-0.000,999,0.150,8.000,99,9999,99999,9,999999999,0.000,0.999,0,0,999,0.000,0
7,6,2017,7,0,,9.070,8.670,97.000,89238.930,12.778,1320.468,276.174,0.000,0.000,0.000,0.000,0.000,0.000,0.000,999,0.150,8.000,99,9999,99999,9,999999999,0.000,0.999,0,0,999,0.000,0
7,6,2017,8,0,,8.750,8.650,99.000,89238.930,287.719,1320.468,274.921,48.150,0.000,48.150,5778.000,0.000,5296.500,70.743,999,0.150,8.000,99,9999,99999,9,999999999,0.000,0.999,0,0,999,0.000,0
7,6,2017,9,0,,12.700,8.910,77.000,89238.930,539.051,1320.468,290.563,233.780,149.875,172.686,28053.600,14238.141,18995.460,134.846,999,0.380,5.000,99,9999,99999,9,999999999,0.000,0.999,0,0,999,0.000,0
7,6,2017,10,0,,15.240,9.080,66.000,89238.930,741.809,1320.468,301.109,413.670,297.625,246.578,49640.400,28274.354,27123.525,139.803,999,0.710,3.000,99,9999,99999,9,999999999,0.000,0.999,0,0,999,0.000,0
7,6,2017,11,0,,17.550,9.220,58.000,89238.930,881.778,1320.468,311.316,561.030,464.997,250.629,67323.600,44174.724,27569.172,119.511,999,1.320,2.000,99,9999,99999,9,999999999,0.000,0.999,0,0,999,0.000,0
7,6,2017,12,0,,19.390,9.340,52.000,89238.930,949.335,1320.468,319.266,644.030,536.305,258.566,77283.600,50948.971,28442.243,114.511,999,1.180,1.000,99,9999,99999,9,999999999,0.000,0.999,0,0,999,0.000,0
7,6,2017,13,0,,20.700,9.420,48.000,89238.930,939.848,1320.468,324.868,661.520,629.830,213.364,79382.400,59833.866,23470.095,95.448,999,1.720,1.000,99,9999,99999,9,999999999,0.000,0.999,0,0,999,0.000,0
7,6,2017,14,0,,21.460,9.470,46.000,89238.930,853.964,1320.468,328.315,615.800,731.558,142.885,73896.000,69498.040,15717.335,70.356,999,1.880,2.000,99,9999,99999,9,999999999,0.000,0.999,0,0,999,0.000,0
7,6,2017,15,0,,21.620,9.480,45.000,89238.930,697.567,1320.468,328.431,498.990,777.851,88.383,59878.800,73895.884,9722.162,53.296,999,1.810,3.000,99,9999,99999,9,999999999,0.000,0.999,0,0,999,0.000,0
7,6,2017,16,0,,20.980,9.440,47.000,89238.930,481.431,1320.468,325.886,338.380,695.628,85.241,40605.600,66084.619,9376.488,74.562,999,1.320,5.000,99,9999,99999,9,999999999,0.000,0.999,0,0,999,0.000,0
7,6,2017,17,0,,19.620,9.360,51.000,89238.930,220.937,1320.468,320.002,161.300,383.453,97.760,19356.000,36428.075,10753.613,187.792,999,1.090,7.000,99,9999,99999,9,999999999,0.000,0.999,0,0,999,0.000,0
7,6,2017,18,0,,18.610,9.290,54.000,89238.930,0.000,1320.468,315.501,12.870,0.000,0.000,1544.400,0.000,0.000,-0.000,999,0.440,7.000,99,9999,99999,9,999999999,0.000,0.999,0,0,999,0.000,0
7,6,2017,19,0,,17.600,9.230,57.000,89238.930,0.000,1320.468,310.890,0.000,0.000,0.000,0.000,0.000,0.000,-0.000,999,0.150,7.000,99,9999,99999,9,999999999,0.000,0.999,0,0,999,0.000,0
7,6,2017,20,0,,16.600,9.160,61.000,89238.930,0.000,1320.468,306.981,0.000,0.000,0.000,0.000,0.000,0.000,-0.000,999,0.150,7.000,99,9999,99999,9,999999999,0.000,0.999,0,0,999,0.000,0
7,6,2017,21,0,,15.590,9.100,65.000,89238.930,0.000,1320.468,302.832,0.000,0.000,0.000,0.000,0.000,0.000,-0.000,999,0.150,7.000,99,9999,99999,9,999999999,0.000,0.999,0,0,999,0.000,0
7,6,2017,22,0,,14.580,9.030,69.000,89238.930,0.000,1320.468,298.542,0.000,0.000,0.000,0.000,0.000,0.000,-0.000,999,0.150,7.000,99,9999,99999,9,999999999,0.000,0.999,0,0,999,0.000,0
7,6,2017,23,0,,13.570,8.970,73.000,89238.930,0.000,1320.468,294.135,0.000,0.000,0.000,0.000,0.000,0.000,-0.000,999,0.150,7.000,99,9999,99999,9,999999999,0.000,0.999,0,0,999,0.000,0
7,6,2017,24,0,,12.570,6.690,67.000,89238.930,0.000,1320.468,284.000,0.000,0.000,0.000,0.000,0.000,0.000,-0.000,999,0.300,7.000,99,9999,99999,9,999999999,0.000,0.999,0,0,999,0.000,0
7,7,2017,1,0,,12.060,6.570,69.000,89238.930,0.000,1320.468,281.884,0.000,0.000,0.000,0.000,0.000,0.000,-0.000,999,0.300,8.000,99,9999,99999,9,999999999,0.000,0.999,0,0,999,0.000,0
7,7,2017,2,0,,11.560,6.450,70.000,89238.930,0.000,1320.468,279.239,0.000,0.000,0.000,0.000,0.000,0.000,-0.000,999,0.300,8.000,99,9999,99999,9,999999999,0.000,0.999,0,0,999,0.000,0
7,7,2017,3,0,,11.050,6.320,72.000,89238.930,0.000,1320.468,277.092,0.000,0.000,0.000,0.000,0.000,0.000,-0.000,999,0.300,8.000,99,9999,99999,9,999999999,0.000,0.999,0,0,999,0.000,0
7,7,2017,4,0,,10.550,6.200,74.000,89238.930,0.000,1320.493,274.985,0.000,0.000,0.000,0.000,0.000,0.000,-0.000,999,0.300,8.000,99,9999,99999,9,999999999,0.000,0.999,0,0,999,0.000,0
7,7,2017,5,0,,10.050,6.080,76.000,89238.930,0.000,1320.493,272.858,0.000,0.000,0.000,0.000,0.000,0.000,-0.000,999,0.300,8.000,99,9999,99999,9,999999999,0.000,0.999,0,0,999,0.000,0
7,7,2017,6,0,,9.660,5.980,77.000,89238.930,0.000,1320.493,270.906,0.000,0.000,0.000,0.000,0.000,0.000,-0.000,999,0.300,8.000,99,9999,99999,9,999999999,0.000,0.999,0,0,999,0.000,0
7,7,2017,7,0,,9.320,5.900,79.000,89238.930,12.900,1320.493,269.759,0.000,0.000,0.000,0.000,0.000,0.000,0.000,999,0.300,8.000,99,9999,99999,9,999999999,0.000,0.999,0,0,999,0.000,0
7,7,2017,8,0,,8.990,5.810,80.000,89238.930,288.144,1320.493,268.175,52.790,0.000,52.790,6334.800,0.000,5806.900,77.446,999,0.300,8.000,99,9999,99999,9,999999999,0.000,0.999,0,0,999,0.000,0
7,7,2017,9,0,,13.380,6.880,64.000,89238.930,539.789,1320.493,287.412,257.070,214.481,169.522,30848.400,20375.660,18647.446,132.196,999,0.300,4.000,99,9999,99999,9,999999999,0.000,0.999,0,0,999,0.000,0
7,7,2017,10,0,,16.100,7.510,56.000,89238.930,742.863,1320.493,299.872,442.490,388.998,223.792,53098.800,36954.793,24617.099,126.706,999,0.300,1.000,99,9999,99999,9,999999999,0.000,0.999,0,0,999,0.000,0
7,7,2017,11,0,,18.340,8.010,50.000,89238.930,883.132,1320.493,310.188,567.970,480.879,246.480,68156.400,45683.497,27112.752,117.354,999,0.350,1.000,99,9999,99999,9,999999999,0.000,0.999,0,0,999,0.000,0
7,7,2017,12,0,,20.200,8.410,46.000,89238.930,950.950,1320.493,319.372,657.530,585.221,236.199,78903.600,55595.956,25981.940,104.430,999,0.710,0.000,99,9999,99999,9,999999999,0.000,0.999,0,0,999,0.000,0
7,7,2017,13,0,,21.490,8.690,43.000,89238.930,941.668,1320.493,325.380,668.900,650.606,205.072,80268.000,61807.555,22557.950,91.563,999,1.470,1.000,99,9999,99999,9,999999999,0.000,0.999,0,0,999,0.000,0
7,7,2017,14,0,,22.200,8.840,42.000,89238.930,855.920,1320.493,329.348,617.390,731.357,143.529,74086.800,69478.933,15788.216,70.513,999,2.400,2.000,99,9999,99999,9,999999999,0.000,0.999,0,0,999,0.000,0
7,7,2017,15,0,,22.350,8.870,42.000,89238.930,699.578,1320.493,330.425,508.430,761.802,105.141,61011.600,72371.158,11565.511,63.219,999,1.750,3.000,99,9999,99999,9,999999999,0.000,0.999,0,0,999,0.000,0
7,7,2017,16,0,,21.780,8.750,43.000,89238.930,483.413,1320.493,327.447,365.600,730.543,98.661,43872.000,69401.603,10852.659,85.946,999,1.510,4.000,99,9999,99999,9,999999999,0.000,0.999,0,0,999,0.000,0
7,7,2017,17,0,,20.430,8.460,46.000,89238.930,222.799,1320.493,320.991,179.610,422.282,109.037,21553.200,40116.758,11994.018,207.674,999,0.660,6.000,99,9999,99999,9,999999999,0.000,0.999,0,0,999,0.000,0
7,7,2017,18,0,,19.250,8.210,48.000,89238.930,0.000,1320.493,314.662,14.230,0.000,0.000,1707.600,0.000,0.000,-0.000,999,0.300,6.000,99,9999,99999,9,999999999,0.000,0.999,0,0,999,0.000,0
7,7,2017,19,0,,18.070,7.950,51.000,89238.930,0.000,1320.493,309.206,0.000,0.000,0.000,0.000,0.000,0.000,-0.000,999,0.300,6.000,99,9999,99999,9,999999999,0.000,0.999,0,0,999,0.000,0
7,7,2017,20,0,,16.880,7.690,54.000,89238.930,0.000,1320.493,303.579,0.000,0.000,0.000,0.000,0.000,0.000,-0.000,999,0.300,6.000,99,9999,99999,9,999999999,0.000,0.999,0,0,999,0.000,0
7,7,2017,21,0,,15.700,7.420,57.000,89238.930,0.000,1320.493,297.940,0.000,0.000,0.000,0.000,0.000,0.000,-0.000,999,0.300,7.000,99,9999,99999,9,999999999,0.000,0.999,0,0,999,0.000,0
7,7,2017,22,0,,14.520,7.150,61.000,89238.930,0.000,1320.493,292.934,0.000,0.000,0.000,0.000,0.000,0.000,-0.000,999,0.300,7.000,99,9999,99999,9,999999999,0.000,0.999,0,0,999,0.000,0
7,7,2017,23,0,,13.340,6.870,64.000,89238.930,0.000,1320.493,287.151,0.000,0.000,0.000,0.000,0.000,0.000,-0.000,999,0.300,7.000,99,9999,99999,9,999999999,0.000,0.999,0,0,999,0.000,0
7,7,2017,24,0,,12.150,5.890,65.000,89238.930,0.000,1320.493,280.067,0.000,0.000,0.000,0.000,0.000,0.000,-0.000,999,0.420,7.000,99,9999,99999,9,999999999,0.000,0.999,0,0,999,0.000,0
7,8,2017,1,0,,11.560,5.800,67.000,89238.930,0.000,1320.493,277.497,0.000,0.000,0.000,0.000,0.000,0.000,-0.000,999,0.420,7.000,99,9999,99999,9,999999999,0.000,0.999,0,0,999,0.000,0
7,8,2017,2,0,,10.970,5.710,69.000,89238.930,0.000,1320.493,274.904,0.000,0.000,0.000,0.000,0.000,0.000,-0.000,999,0.420,7.000,99,9999,99999,9,999999999,0.000,0.999,0,0,999,0.000,0
7,8,2017,3,0,,10.380,5.610,72.000,89238.930,0.000,1320.493,272.836,0.000,0.000,0.000,0.000,0.000,0.000,-0.000,999,0.420,7.000,99,9999,99999,9,999999999,0.000,0.999,0,0,999,0.000,0
7,8,2017,4,0,,9.790,5.520,74.000,89238.930,0.000,1320.529,270.186,0.000,0.000,0.000,0.000,0.000,0.000,-0.000,999,0.420,7.000,99,9999,99999,9,999999999,0.000,0.999,0,0,999,0.000,0
7,8,2017,5,0,,9.200,5.430,77.000,89238.930,0.000,1320.529,268.023,0.000,0.000,0.000,0.000,0.000,0.000,-0.000,999,0.420,8.000,99,9999,99999,9,999999999,0.000,0.999,0,0,999,0.000,0
7,8,2017,6,0,,8.740,5.350,79.000,89238.930,0.000,1320.529,266.137,0.000,0.000,0.000,0.000,0.000,0.000,-0.000,999,0.420,8.000,99,9999,99999,9,999999999,0.000,0.999,0,0,999,0.000,0
7,8,2017,7,0,,8.350,5.290,81.000,89238.930,13.098,1320.529,264.666,0.000,0.000,0.000,0.000,0.000,0.000,0.000,999,0.420,8.000,99,9999,99999,9,999999999,0.000,0.999,0,0,999,0.000,0
7,8,2017,8,0,,7.960,5.230,82.000,89238.930,288.670,1320.529,262.720,50.100,0.000,50.100,6012.000,0.000,5511.000,73.366,999,0.420,8.000,99,9999,99999,9,999999999,0.000,0.999,0,0,999,0.000,0
7,8,2017,9,0,,11.560,5.800,67.000,89238.930,540.637,1320.529,277.497,246.200,180.947,172.226,29544.000,17189.975,18944.830,134.097,999,0.420,4.000,99,9999,99999,9,999999999,0.000,0.999,0,0,999,0.000,0
7,8,2017,10,0,,13.890,6.160,59.000,89238.930,744.033,1320.529,287.407,435.690,353.442,236.674,52282.800,33576.958,26034.125,133.792,999,0.420,2.000,99,9999,99999,9,999999999,0.000,0.999,0,0,999,0.000,0
7,8,2017,11,0,,15.870,6.450,53.000,89238.930,884.602,1320.529,295.989,571.060,485.913,245.672,68527.200,46161.700,27023.935,116.778,999,0.420,1.000,99,9999,99999,9,999999999,0.000,0.999,0,0,999,0.000,0
7,8,2017,12,0,,17.140,6.640,50.000,89238.930,952.677,1320.529,302.009,585.720,384.518,308.390,70286.400,36529.256,33922.883,136.104,999,0.500,4.000,99,9999,99999,9,999999999,0.000,0.999,0,0,999,0.000,0
7,8,2017,13,0,,17.770,6.730,48.000,89238.930,943.592,1320.529,304.501,534.660,278.093,336.003,64159.200,26418.875,36960.303,149.720,999,1.010,5.000,99,9999,99999,9,999999999,0.000,0.999,0,0,999,0.000,0
7,8,2017,14,0,,18.250,6.800,47.000,89238.930,857.966,1320.529,306.844,541.880,439.493,256.450,65025.600,41751.869,28209.488,125.691,999,1.510,5.000,99,9999,99999,9,999999999,0.000,0.999,0,0,999,0.000,0
7,8,2017,15,0,,18.530,6.850,46.000,89238.930,701.665,1320.529,307.809,514.750,721.793,131.510,61770.000,68570.341,14466.085,78.841,999,1.570,3.000,99,9999,99999,9,999999999,0.000,0.999,0,0,999,0.000,0
7,8,2017,16,0,,18.080,6.780,47.000,89238.930,485.454,1320.529,305.687,337.290,680.543,87.573,40474.800,64651.594,9633.078,75.968,999,1.140,5.000,99,9999,99999,9,999999999,0.000,0.999,0,0,999,0.000,0
7,8,2017,17,0,,17.030,6.630,50.000,89238.930,224.702,1320.529,301.268,169.540,385.216,104.603,20344.800,36595.486,11506.334,197.518,999,0.580,7.000,99,9999,99999,9,999999999,0.000,0.999,0,0,999,0.000,0
7,8,2017,18,0,,16.140,6.490,52.000,89238.930,0.000,1320.529,296.981,9.570,0.000,0.000,1148.400,0.000,0.000,-0.000,999,0.420,7.000,99,9999,99999,9,999999999,0.000,0.999,0,0,999,0.000,0
7,8,2017,19,0,,15.260,6.360,55.000,89238.930,0.000,1320.529,293.500,0.000,0.000,0.000,0.000,0.000,0.000,-0.000,999,0.420,7.000,99,9999,99999,9,999999999,0.000,0.999,0,0,999,0.000,0
7,8,2017,20,0,,14.370,6.230,58.000,89238.930,0.000,1320.529,289.845,0.000,0.000,0.000,0.000,0.000,0.000,-0.000,999,0.420,7.000,99,9999,99999,9,999999999,0.000,0.999,0,0,999,0.000,0
7,8,2017,21,0,,13.480,6.090,60.000,89238.930,0.000,1320.529,285.424,0.000,0.000,0.000,0.000,0.000,0.000,-0.000,999,0.420,7.000,99,9999,99999,9,999999999,0.000,0.999,0,0,999,0.000,0
7,8,2017,22,0,,12.600,5.960,63.000,89238.930,0.000,1320.529,281.707,0.000,0.000,0.000,0.000,0.000,0.000,-0.000,999,0.420,7.000,99,9999,99999,9,999999999,0.000,0.999,0,0,999,0.000,0
7,8,2017,23,0,,11.710,5.820,67.000,89238.930,0.000,1320.529,278.455,0.000,0.000,0.000,0.000,0.000,0.000,-0.000,999,0.420,7.000,99,9999,99999,9,999999999,0.000,0.999,0,0,999,0.000,0
7,8,2017,24,0,,10.830,4.450,64.000,89238.930,0.000,1320.529,271.089,0.000,0.000,0.000,0.000,0.000,0.000,-0.000,999,0.290,7.000,99,9999,99999,9,999999999,0.000,0.999,0,0,999,0.000,0
7,9,2017,1,0,,10.380,4.450,66.000,89238.930,0.000,1320.529,269.466,0.000,0.000,0.000,0.000,0.000,0.000,-0.000,999,0.290,8.000,99,9999,99999,9,999999999,0.000,0.999,0,0,999,0.000,0
7,9,2017,2,0,,9.940,4.440,68.000,89238.930,0.000,1320.529,267.873,0.000,0.000,0.000,0.000,0.000,0.000,-0.000,999,0.290,8.000,99,9999,99999,9,999999999,0.000,0.999,0,0,999,0.000,0
7,9,2017,3,0,,9.500,4.440,70.000,89238.930,0.000,1320.529,266.250,0.000,0.000,0.000,0.000,0.000,0.000,-0.000,999,0.290,8.000,99,9999,99999,9,999999999,0.000,0.999,0,0,999,0.000,0
7,9,2017,4,0,,9.050,4.440,72.000,89238.930,0.000,1320.579,264.538,0.000,0.000,0.000,0.000,0.000,0.000,-0.000,999,0.290,8.000,99,9999,99999,9,999999999,0.000,0.999,0,0,999,0.000,0
7,9,2017,5,0,,8.610,4.430,74.000,89238.930,0.000,1320.579,262.863,0.000,0.000,0.000,0.000,0.000,0.000,-0.000,999,0.290,8.000,99,9999,99999,9,999999999,0.000,0.999,0,0,999,0.000,0
7,9,2017,6,0,,8.270,4.430,76.000,89238.930,0.000,1320.579,261.777,0.000,0.000,0.000,0.000,0.000,0.000,-0.000,999,0.290,8.000,99,9999,99999,9,999999999,0.000,0.999,0,0,999,0.000,0
7,9,2017,7,0,,7.980,4.420,78.000,89238.930,13.373,1320.579,260.972,0.000,0.000,0.000,0.000,0.000,0.000,0.000,999,0.290,8.000,99,9999,99999,9,999999999,0.000,0.999,0,0,999,0.000,0
7,9,2017,8,0,,7.680,4.420,79.000,89238.930,289.297,1320.579,259.614,50.980,0.000,50.980,6117.600,0.000,5607.800,74.494,999,0.290,8.000,99,9999,99999,9,999999999,0.000,0.999,0,0,999,0.000,0
7,9,2017,9,0,,10.660,4.450,65.000,89238.930,541.596,1320.579,270.625,248.140,184.991,172.381,29776.800,17574.191,18961.866,133.984,999,0.290,4.000,99,9999,99999,9,999999999,0.000,0.999,0,0,999,0.000,0
7,9,2017,10,0,,12.390,4.470,58.000,89238.930,745.318,1320.579,277.064,410.060,292.761,244.933,49207.200,27812.314,26942.616,138.227,999,0.290,4.000,99,9999,99999,9,999999999,0.000,0.999,0,0,999,0.000,0
7,9,2017,11,0,,13.800,4.480,53.000,89238.930,886.186,1320.579,282.459,520.060,331.116,297.941,62407.200,31456.019,32773.542,141.376,999,0.290,4.000,99,9999,99999,9,999999999,0.000,0.999,0,0,999,0.000,0
7,9,2017,12,0,,15.020,4.500,49.000,89238.930,954.513,1320.579,287.137,613.400,456.172,283.768,73608.000,43336.327,31214.474,125.001,999,1.040,3.000,99,9999,99999,9,999999999,0.000,0.999,0,0,999,0.000,0
7,9,2017,13,0,,15.930,4.500,46.000,89238.930,945.616,1320.579,290.451,643.980,540.949,256.736,77277.600,51390.119,28240.908,114.158,999,1.700,2.000,99,9999,99999,9,999999999,0.000,0.999,0,0,999,0.000,0
7,9,2017,14,0,,16.470,4.510,45.000,89238.930,860.101,1320.579,293.071,604.810,634.997,191.398,72577.200,60324.699,21053.743,93.578,999,1.970,3.000,99,9999,99999,9,999999999,0.000,0.999,0,0,999,0.000,0
7,9,2017,15,0,,16.670,4.510,44.000,89238.930,703.825,1320.579,293.443,518.650,782.101,102.124,62238.000,74299.584,11233.633,61.038,999,1.800,3.000,99,9999,99999,9,999999999,0.000,0.999,0,0,999,0.000,0
7,9,2017,16,0,,16.350,4.510,45.000,89238.930,487.551,1320.579,292.284,368.150,731.690,98.512,44178.000,69510.512,10836.271,85.091,999,1.040,4.000,99,9999,99999,9,999999999,0.000,0.999,0,0,999,0.000,0
7,9,2017,17,0,,15.470,4.500,47.000,89238.930,226.643,1320.579,288.345,181.210,425.287,108.890,21745.200,40402.294,11977.911,203.828,999,1.010,6.000,99,9999,99999,9,999999999,0.000,0.999,0,0,999,0.000,0
7,9,2017,18,0,,14.930,4.490,49.000,89238.930,0.000,1320.579,286.554,13.250,0.000,0.000,1590.000,0.000,0.000,-0.000,999,0.370,6.000,99,9999,99999,9,999999999,0.000,0.999,0,0,999,0.000,0
7,9,2017,19,0,,14.380,4.490,51.000,89238.930,0.000,1320.579,284.632,0.000,0.000,0.000,0.000,0.000,0.000,-0.000,999,0.290,6.000,99,9999,99999,9,999999999,0.000,0.999,0,0,999,0.000,0
7,9,2017,20,0,,13.840,4.480,53.000,89238.930,0.000,1320.579,282.715,0.000,0.000,0.000,0.000,0.000,0.000,-0.000,999,0.290,6.000,99,9999,99999,9,999999999,0.000,0.999,0,0,999,0.000,0
7,9,2017,21,0,,13.300,4.480,55.000,89238.930,0.000,1320.579,280.745,0.000,0.000,0.000,0.000,0.000,0.000,-0.000,999,0.290,7.000,99,9999,99999,9,999999999,0.000,0.999,0,0,999,0.000,0
7,9,2017,22,0,,12.750,4.470,57.000,89238.930,0.000,1320.579,278.662,0.000,0.000,0.000,0.000,0.000,0.000,-0.000,999,0.300,7.000,99,9999,99999,9,999999999,0.000,0.999,0,0,999,0.000,0
7,9,2017,23,0,,12.210,4.470,59.000,89238.930,0.000,1320.579,276.598,0.000,0.000,0.000,0.000,0.000,0.000,-0.000,999,0.290,7.000,99,9999,99999,9,999999999,0.000,0.999,0,0,999,0.000,0
7,9,2017,24,0,,11.660,7.090,73.000,89238.930,0.000,1320.579,281.564,0.000,0.000,0.000,0.000,0.000,0.000,-0.000,999,0.470,7.000,99,9999,99999,9,999999999,0.000,0.999,0,0,999,0.000,0
7,10,2017,1,0,,11.390,7.080,74.000,89238.930,0.000,1320.579,280.366,0.000,0.000,0.000,0.000,0.000,0.000,-0.000,999,0.470,7.000,99,9999,99999,9,999999999,0.000,0.999,0,0,999,0.000,0
7,10,2017,2,0,,11.120,7.070,76.000,89238.930,0.000,1320.579,279.691,0.000,0.000,0.000,0.000,0.000,0.000,-0.000,999,0.470,7.000,99,9999,99999,9,999999999,0.000,0.999,0,0,999,0.000,0
7,10,2017,3,0,,10.850,7.070,77.000,89238.930,0.000,1320.579,278.474,0.000,0.000,0.000,0.000,0.000,0.000,-0.000,999,0.470,7.000,99,9999,99999,9,999999999,0.000,0.999,0,0,999,0.000,0
7,10,2017,4,0,,10.580,7.060,78.000,89238.930,0.000,1320.641,277.253,0.000,0.000,0.000,0.000,0.000,0.000,-0.000,999,0.470,7.000,99,9999,99999,9,999999999,0.000,0.999,0,0,999,0.000,0
7,10,2017,5,0,,10.310,7.050,80.000,89238.930,0.000,1320.641,276.526,0.000,0.000,0.000,0.000,0.000,0.000,-0.000,999,0.470,8.000,99,9999,99999,9,999999999,0.000,0.999,0,0,999,0.000,0
7,10,2017,6,0,,10.100,7.050,81.000,89238.930,0.000,1320.641,275.673,0.000,0.000,0.000,0.000,0.000,0.000,-0.000,999,0.470,8.000,99,9999,99999,9,999999999,0.000,0.999,0,0,999,0.000,0
7,10,2017,7,0,,9.920,7.040,82.000,89238.930,13.726,1320.641,275.006,0.000,0.000,0.000,0.000,0.000,0.000,0.000,999,0.470,8.000,99,9999,99999,9,999999999,0.000,0.999,0,0,999,0.000,0
7,10,2017,8,0,,9.740,7.040,83.000,89238.930,290.026,1320.641,274.334,58.690,0.000,58.690,7042.800,0.000,6455.900,85.546,999,0.470,8.000,99,9999,99999,9,999999999,0.000,0.999,0,0,999,0.000,0
7,10,2017,9,0,,12.910,7.120,67.000,89238.930,542.665,1320.641,286.215,304.420,321.547,172.482,36530.400,30546.989,18973.069,133.805,999,0.470,0.000,99,9999,99999,9,999999999,0.000,0.999,0,0,999,0.000,0
7,10,2017,10,0,,14.850,7.170,59.000,89238.930,746.718,1320.641,293.727,514.250,642.466,151.213,61710.000,61034.245,16633.463,85.180,999,0.470,0.000,99,9999,99999,9,999999999,0.000,0.999,0,0,999,0.000,0
7,10,2017,11,0,,16.290,7.200,54.000,89238.930,887.885,1320.641,299.593,623.310,651.314,185.579,74797.200,61874.804,20413.690,87.895,999,0.470,0.000,99,9999,99999,9,999999999,0.000,0.999,0,0,999,0.000,0
7,10,2017,12,0,,17.210,7.220,51.000,89238.930,956.459,1320.641,303.339,638.360,481.640,289.631,76603.200,45755.823,31859.368,127.329,999,0.470,2.000,99,9999,99999,9,999999999,0.000,0.999,0,0,999,0.000,0
7,10,2017,13,0,,17.460,7.230,50.000,89238.930,947.740,1320.641,304.174,513.590,228.887,349.378,61630.800,21744.299,38431.529,155.010,999,1.050,6.000,99,9999,99999,9,999999999,0.000,0.999,0,0,999,0.000,0
7,10,2017,14,0,,17.100,7.220,52.000,89238.930,862.323,1320.641,303.435,356.870,84.910,301.449,42824.400,8066.457,33159.416,147.011,999,1.500,8.000,99,9999,99999,9,999999999,0.000,0.999,0,0,999,0.000,0
7,10,2017,15,0,,16.630,7.210,53.000,89238.930,706.056,1320.641,301.080,303.340,84.844,258.013,36400.800,8060.187,28381.420,153.729,999,1.270,8.000,99,9999,99999,9,999999999,0.000,0.999,0,0,999,0.000,0
7,10,2017,16,0,,15.930,7.190,56.000,89238.930,489.702,1320.641,298.729,199.790,125.191,153.453,23974.800,11893.174,16879.822,131.969,999,0.720,8.000,99,9999,99999,9,999999999,0.000,0.999,0,0,999,0.000,0
7,10,2017,17,0,,15.170,7.170,58.000,89238.930,228.621,1320.641,295.136,135.190,336.144,77.524,16222.800,31933.710,8527.600,143.843,999,0.470,8.000,99,9999,99999,9,999999999,0.000,0.999,0,0,999,0.000,0
7,10,2017,18,0,,14.700,7.160,60.000,89238.930,0.000,1320.641,293.436,12.920,0.000,0.000,1550.400,0.000,0.000,-0.000,999,0.470,8.000,99,9999,99999,9,999999999,0.000,0.999,0,0,999,0.000,0
7,10,2017,19,0,,14.240,7.150,62.000,89238.930,0.000,1320.641,291.758,0.000,0.000,0.000,0.000,0.000,0.000,-0.000,999,0.470,8.000,99,9999,99999,9,999999999,0.000,0.999,0,0,999,0.000,0
7,10,2017,20,0,,13.780,7.140,64.000,89238.930,0.000,1320.641,290.040,0.000,0.000,0.000,0.000,0.000,0.000,-0.000,999,0.470,8.000,99,9999,99999,9,999999999,0.000,0.999,0,0,999,0.000,0
7,10,2017,21,0,,13.320,7.130,66.000,89238.930,0.000,1320.641,288.284,0.000,0.000,0.000,0.000,0.000,0.000,-0.000,999,0.470,8.000,99,9999,99999,9,999999999,0.000,0.999,0,0,999,0.000,0
7,10,2017,22,0,,12.850,7.120,68.000,89238.930,0.000,1320.641,286.429,0.000,0.000,0.000,0.000,0.000,0.000,-0.000,999,0.470,8.000,99,9999,99999,9,999999999,0.000,0.999,0,0,999,0.000,0
7,10,2017,23,0,,12.390,7.100,70.000,89238.930,0.000,1320.641,284.608,0.000,0.000,0.000,0.000,0.000,0.000,-0.000,999,0.470,8.000,99,9999,99999,9,999999999,0.000,0.999,0,0,999,0.000,0
7,10,2017,24,0,,11.930,8.470,79.000,89238.930,0.000,1320.641,286.531,0.000,0.000,0.000,0.000,0.000,0.000,-0.000,999,0.090,8.000,99,9999,99999,9,999999999,0.000,0.999,0,0,999,0.000,0
7,11,2017,1,0,,11.700,8.460,80.000,89238.930,0.000,1320.641,285.534,0.000,0.000,0.000,0.000,0.000,0.000,-0.000,999,0.090,8.000,99,9999,99999,9,999999999,0.000,0.999,0,0,999,0.000,0
7,11,2017,2,0,,11.470,8.440,81.000,89238.930,0.000,1320.641,284.533,0.000,0.000,0.000,0.000,0.000,0.000,-0.000,999,0.090,8.000,99,9999,99999,9,999999999,0.000,0.999,0,0,999,0.000,0
7,11,2017,3,0,,11.240,8.420,82.000,89238.930,0.000,1320.641,283.527,0.000,0.000,0.000,0.000,0.000,0.000,-0.000,999,0.090,8.000,99,9999,99999,9,999999999,0.000,0.999,0,0,999,0.000,0
7,11,2017,4,0,,11.000,8.410,84.000,89238.930,0.000,1320.716,282.935,0.000,0.000,0.000,0.000,0.000,0.000,-0.000,999,0.110,8.000,99,9999,99999,9,999999999,0.000,0.999,0,0,999,0.000,0
7,11,2017,5,0,,10.770,8.390,85.000,89238.930,0.000,1320.716,281.913,0.000,0.000,0.000,0.000,0.000,0.000,-0.000,999,0.260,8.000,99,9999,99999,9,999999999,0.000,0.999,0,0,999,0.000,0
7,11,2017,6,0,,10.590,8.380,86.000,89238.930,0.000,1320.716,281.213,0.000,0.000,0.000,0.000,0.000,0.000,-0.000,999,0.230,8.000,99,9999,99999,9,999999999,0.000,0.999,0,0,999,0.000,0
7,11,2017,7,0,,10.440,8.370,86.000,89238.930,14.158,1320.716,280.239,0.000,0.000,0.000,0.000,0.000,0.000,0.000,999,0.140,8.000,99,9999,99999,9,999999999,0.000,0.999,0,0,999,0.000,0
7,11,2017,8,0,,10.290,8.360,87.000,89238.930,290.857,1320.716,279.730,38.610,0.000,38.610,4633.200,0.000,4247.100,56.118,999,0.300,8.000,99,9999,99999,9,999999999,0.000,0.999,0,0,999,0.000,0
7,11,2017,9,0,,12.570,8.520,76.000,89238.930,543.844,1320.716,289.160,197.070,69.331,168.562,23648.400,6586.404,18541.798,130.486,999,0.530,7.000,99,9999,99999,9,999999999,0.000,0.999,0,0,999,0.000,0
7,11,2017,10,0,,14.040,8.620,69.000,89238.930,748.231,1320.716,294.910,347.450,132.998,272.149,41694.000,12634.794,29936.379,153.003,999,0.500,6.000,99,9999,99999,9,999999999,0.000,0.999,0,0,999,0.000,0
7,11,2017,11,0,,15.340,8.710,64.000,89238.930,889.696,1320.716,300.465,463.310,166.095,351.460,55597.200,15779.015,38660.628,166.130,999,0.790,5.000,99,9999,99999,9,999999999,0.000,0.999,0,0,999,0.000,0
7,11,2017,12,0,,16.400,8.780,60.000,89238.930,958.512,1320.716,304.888,534.190,260.038,345.516,64102.800,24703.650,38006.810,151.581,999,0.880,5.000,99,9999,99999,9,999999999,0.000,0.999,0,0,999,0.000,0
7,11,2017,13,0,,17.160,8.830,57.000,89238.930,949.963,1320.716,307.853,554.550,311.553,330.518,66546.000,29597.581,36356.947,146.308,999,1.120,5.000,99,9999,99999,9,999999999,0.000,0.999,0,0,999,0.000,0
7,11,2017,14,0,,17.620,8.860,56.000,89238.930,864.630,1320.716,310.243,522.850,375.536,277.095,62742.000,35675.917,30480.466,134.781,999,1.750,5.000,99,9999,99999,9,999999999,0.000,0.999,0,0,999,0.000,0
7,11,2017,15,0,,17.770,8.870,55.000,89238.930,708.357,1320.716,310.481,441.480,482.993,182.618,52977.600,45884.365,20087.951,108.459,999,1.570,6.000,99,9999,99999,9,999999999,0.000,0.999,0,0,999,0.000,0
7,11,2017,16,0,,17.520,8.860,56.000,89238.930,491.906,1320.716,309.552,316.920,517.641,124.471,38030.400,49175.871,13691.770,106.569,999,1.930,6.000,99,9999,99999,9,999999999,0.000,0.999,0,0,999,0.000,0
7,11,2017,17,0,,16.800,8.810,59.000,89238.930,230.634,1320.716,306.894,161.230,394.238,92.995,19347.600,37452.652,10229.457,171.026,999,1.430,7.000,99,9999,99999,9,999999999,0.000,0.999,0,0,999,0.000,0
7,11,2017,18,0,,16.180,8.760,61.000,89238.930,0.000,1320.716,304.104,13.410,0.000,0.000,1609.200,0.000,0.000,-0.000,999,0.780,7.000,99,9999,99999,9,999999999,0.000,0.999,0,0,999,0.000,0
7,11,2017,19,0,,15.560,8.720,63.000,89238.930,0.000,1320.716,301.280,0.000,0.000,0.000,0.000,0.000,0.000,-0.000,999,0.390,7.000,99,9999,99999,9,999999999,0.000,0.999,0,0,999,0.000,0
7,11,2017,20,0,,14.950,8.680,66.000,89238.930,0.000,1320.716,299.144,0.000,0.000,0.000,0.000,0.000,0.000,-0.000,999,0.410,7.000,99,9999,99999,9,999999999,0.000,0.999,0,0,999,0.000,0
7,11,2017,21,0,,14.330,8.640,68.000,89238.930,0.000,1320.716,296.238,0.000,0.000,0.000,0.000,0.000,0.000,-0.000,999,0.270,7.000,99,9999,99999,9,999999999,0.000,0.999,0,0,999,0.000,0
7,11,2017,22,0,,13.710,8.600,71.000,89238.930,0.000,1320.716,293.905,0.000,0.000,0.000,0.000,0.000,0.000,-0.000,999,0.110,7.000,99,9999,99999,9,999999999,0.000,0.999,0,0,999,0.000,0
7,11,2017,23,0,,13.090,8.550,73.000,89238.930,0.000,1320.716,290.936,0.000,0.000,0.000,0.000,0.000,0.000,-0.000,999,0.090,7.000,99,9999,99999,9,999999999,0.000,0.999,0,0,999,0.000,0
7,11,2017,24,0,,12.480,8.220,75.000,89238.930,0.000,1320.716,288.020,0.000,0.000,0.000,0.000,0.000,0.000,-0.000,999,0.200,7.000,99,9999,99999,9,999999999,0.000,0.999,0,0,999,0.000,0
7,12,2017,1,0,,12.170,8.200,76.000,89238.930,0.000,1320.716,286.524,0.000,0.000,0.000,0.000,0.000,0.000,-0.000,999,0.200,8.000,99,9999,99999,9,999999999,0.000,0.999,0,0,999,0.000,0
7,12,2017,2,0,,11.860,8.180,78.000,89238.930,0.000,1320.716,285.551,0.000,0.000,0.000,0.000,0.000,0.000,-0.000,999,0.200,8.000,99,9999,99999,9,999999999,0.000,0.999,0,0,999,0.000,0
7,12,2017,3,0,,11.550,8.160,79.000,89238.930,0.000,1320.716,284.040,0.000,0.000,0.000,0.000,0.000,0.000,-0.000,999,0.200,8.000,99,9999,99999,9,999999999,0.000,0.999,0,0,999,0.000,0
7,12,2017,4,0,,11.240,8.140,81.000,89238.930,0.000,1320.804,283.030,0.000,0.000,0.000,0.000,0.000,0.000,-0.000,999,0.200,8.000,99,9999,99999,9,999999999,0.000,0.999,0,0,999,0.000,0
7,12,2017,5,0,,10.930,8.120,82.000,89238.930,0.000,1320.804,281.508,0.000,0.000,0.000,0.000,0.000,0.000,-0.000,999,0.200,8.000,99,9999,99999,9,999999999,0.000,0.999,0,0,999,0.000,0
7,12,2017,6,0,,10.700,8.100,83.000,89238.930,0.000,1320.804,280.502,0.000,0.000,0.000,0.000,0.000,0.000,-0.000,999,0.200,8.000,99,9999,99999,9,999999999,0.000,0.999,0,0,999,0.000,0
7,12,2017,7,0,,10.490,8.090,85.000,89238.930,14.671,1320.804,280.095,0.000,0.000,0.000,0.000,0.000,0.000,0.000,999,0.200,8.000,99,9999,99999,9,999999999,0.000,0.999,0,0,999,0.000,0
7,12,2017,8,0,,10.290,8.080,86.000,89238.930,291.790,1320.804,279.268,22.570,0.000,22.570,2708.400,0.000,2482.700,32.701,999,0.200,8.000,99,9999,99999,9,999999999,0.000,0.999,0,0,999,0.000,0
7,12,2017,9,0,,12.360,8.210,75.000,89238.930,545.134,1320.804,287.230,185.580,79.536,152.800,22269.600,7555.918,16807.976,118.012,999,0.200,7.000,99,9999,99999,9,999999999,0.000,0.999,0,0,999,0.000,0
7,12,2017,10,0,,13.910,8.310,68.000,89238.930,749.858,1320.804,293.428,337.060,124.433,266.459,40447.200,11821.137,29310.531,149.489,999,0.470,6.000,99,9999,99999,9,999999999,0.000,0.999,0,0,999,0.000,0
7,12,2017,11,0,,15.400,8.410,63.000,89238.930,891.620,1320.804,300.196,480.620,234.987,322.046,57674.400,22323.784,35425.009,151.907,999,0.730,5.000,99,9999,99999,9,999999999,0.000,0.999,0,0,999,0.000,0
7,12,2017,12,0,,16.860,8.510,57.000,89238.930,960.672,1320.804,305.796,624.310,447.111,299.194,74917.200,42475.538,32911.325,130.972,999,0.790,3.000,99,9999,99999,9,999999999,0.000,0.999,0,0,999,0.000,0
7,12,2017,13,0,,17.570,8.550,55.000,89238.930,952.282,1320.804,309.101,544.910,286.724,338.242,65389.200,27238.738,37206.647,149.372,999,1.460,5.000,99,9999,99999,9,999999999,0.000,0.999,0,0,999,0.000,0
7,12,2017,14,0,,17.910,8.580,54.000,89238.930,867.020,1320.804,310.634,483.570,265.982,309.038,58028.400,25268.251,33994.224,149.913,999,2.140,6.000,99,9999,99999,9,999999999,0.000,0.999,0,0,999,0.000,0
7,12,2017,15,0,,18.220,8.600,53.000,89238.930,710.726,1320.804,311.948,507.730,678.199,143.053,60927.600,64428.890,15735.788,84.683,999,2.020,3.000,99,9999,99999,9,999999999,0.000,0.999,0,0,999,0.000,0
7,12,2017,16,0,,18.100,8.590,53.000,89238.930,494.161,1320.804,311.117,365.830,728.458,93.774,43899.600,69203.519,10315.142,79.924,999,1.720,4.000,99,9999,99999,9,999999999,0.000,0.999,0,0,999,0.000,0
7,12,2017,17,0,,17.370,8.540,56.000,89238.930,232.682,1320.804,308.518,179.700,525.937,87.854,21564.000,49963.997,9663.993,160.136,999,0.940,7.000,99,9999,99999,9,999999999,0.000,0.999,0,0,999,0.000,0
7,12,2017,18,0,,16.670,8.500,58.000,89238.930,0.000,1320.804,305.256,12.100,0.000,0.000,1452.000,0.000,0.000,-0.000,999,0.410,7.000,99,9999,99999,9,999999999,0.000,0.999,0,0,999,0.000,0
7,12,2017,19,0,,15.970,8.450,60.000,89238.930,0.000,1320.804,301.959,0.000,0.000,0.000,0.000,0.000,0.000,-0.000,999,0.390,7.000,99,9999,99999,9,999999999,0.000,0.999,0,0,999,0.000,0
7,12,2017,20,0,,15.260,8.400,63.000,89238.930,0.000,1320.804,299.250,0.000,0.000,0.000,0.000,0.000,0.000,-0.000,999,0.210,7.000,99,9999,99999,9,999999999,0.000,0.999,0,0,999,0.000,0
7,12,2017,21,0,,14.560,8.360,66.000,89238.930,0.000,1320.804,296.518,0.000,0.000,0.000,0.000,0.000,0.000,-0.000,999,0.200,7.000,99,9999,99999,9,999999999,0.000,0.999,0,0,999,0.000,0
7,12,2017,22,0,,13.860,8.310,69.000,89238.930,0.000,1320.804,293.707,0.000,0.000,0.000,0.000,0.000,0.000,-0.000,999,0.200,7.000,99,9999,99999,9,999999999,0.000,0.999,0,0,999,0.000,0
7,12,2017,23,0,,13.160,8.270,72.000,89238.930,0.000,1320.804,290.828,0.000,0.000,0.000,0.000,0.000,0.000,-0.000,999,0.200,7.000,99,9999,99999,9,999999999,0.000,0.999,0,0,999,0.000,0
7,12,2017,24,0,,12.460,9.050,79.000,89238.930,0.000,1320.804,290.033,0.000,0.000,0.000,0.000,0.000,0.000,-0.000,999,0.060,7.000,99,9999,99999,9,999999999,0.000,0.999,0,0,999,0.000,0
7,13,2017,1,0,,12.110,8.990,81.000,89238.930,0.000,1320.804,288.746,0.000,0.000,0.000,0.000,0.000,0.000,-0.000,999,0.060,8.000,99,9999,99999,9,999999999,0.000,0.999,0,0,999,0.000,0
7,13,2017,2,0,,11.760,8.940,82.000,89238.930,0.000,1320.804,286.938,0.000,0.000,0.000,0.000,0.000,0.000,-0.000,999,0.060,8.000,99,9999,99999,9,999999999,0.000,0.999,0,0,999,0.000,0
7,13,2017,3,0,,11.410,8.880,84.000,89238.930,0.000,1320.804,285.620,0.000,0.000,0.000,0.000,0.000,0.000,-0.000,999,0.060,8.000,99,9999,99999,9,999999999,0.000,0.999,0,0,999,0.000,0
7,13,2017,4,0,,11.050,8.830,86.000,89238.930,0.000,1320.904,284.215,0.000,0.000,0.000,0.000,0.000,0.000,-0.000,999,0.060,8.000,99,9999,99999,9,999999999,0.000,0.999,0,0,999,0.000,0
7,13,2017,5,0,,10.700,8.770,87.000,89238.930,0.000,1320.904,282.394,0.000,0.000,0.000,0.000,0.000,0.000,-0.000,999,0.060,8.000,99,9999,99999,9,999999999,0.000,0.999,0,0,999,0.000,0
7,13,2017,6,0,,10.430,8.730,89.000,89238.930,0.000,1320.904,281.550,0.000,0.000,0.000,0.000,0.000,0.000,-0.000,999,0.090,8.000,99,9999,99999,9,999999999,0.000,0.999,0,0,999,0.000,0
7,13,2017,7,0,,10.200,8.690,90.000,89238.930,15.264,1320.904,280.502,0.000,0.000,0.000,0.000,0.000,0.000,0.000,999,0.070,8.000,99,9999,99999,9,999999999,0.000,0.999,0,0,999,0.000,0
7,13,2017,8,0,,9.970,8.650,91.000,89238.930,292.826,1320.904,279.452,37.930,0.000,37.930,4551.600,0.000,4172.300,54.763,999,0.070,8.000,99,9999,99999,9,999999999,0.000,0.999,0,0,999,0.000,0
7,13,2017,9,0,,12.570,9.060,79.000,89238.930,546.534,1320.904,290.764,190.730,89.556,153.728,22887.600,8507.776,16910.083,118.432,999,0.110,7.000,99,9999,99999,9,999999999,0.000,0.999,0,0,999,0.000,0
7,13,2017,10,0,,14.250,9.320,72.000,89238.930,751.597,1320.904,298.126,335.460,113.318,271.022,40255.200,10765.165,29812.369,151.707,999,0.120,6.000,99,9999,99999,9,999999999,0.000,0.999,0,0,999,0.000,0
7,13,2017,11,0,,15.730,9.540,66.000,89238.930,893.655,1320.904,304.451,447.010,141.685,351.187,53641.200,13460.101,38630.515,165.288,999,0.420,6.000,99,9999,99999,9,999999999,0.000,0.999,0,0,999,0.000,0
7,13,2017,12,0,,16.920,9.720,62.000,89238.930,962.937,1320.904,309.907,515.340,238.135,341.785,61840.800,22622.824,37596.343,149.276,999,0.730,6.000,99,9999,99999,9,999999999,0.000,0.999,0,0,999,0.000,0
7,13,2017,13,0,,17.790,9.850,59.000,89238.930,954.696,1320.904,313.750,535.110,266.583,342.486,64213.200,25325.412,37673.473,150.875,999,1.100,6.000,99,9999,99999,9,999999999,0.000,0.999,0,0,999,0.000,0
7,13,2017,14,0,,18.320,9.930,58.000,89238.930,869.493,1320.904,316.694,504.840,324.949,291.023,60580.800,30870.133,32012.500,140.783,999,1.590,6.000,99,9999,99999,9,999999999,0.000,0.999,0,0,999,0.000,0
7,13,2017,15,0,,18.490,9.950,57.000,89238.930,713.161,1320.904,317.102,426.820,405.508,208.041,51218.400,38523.244,22884.457,122.741,999,1.920,6.000,99,9999,99999,9,999999999,0.000,0.999,0,0,999,0.000,0
7,13,2017,16,0,,18.200,9.910,58.000,89238.930,496.465,1320.904,315.851,307.230,503.508,118.319,36867.600,47833.299,13015.142,100.382,999,1.540,6.000,99,9999,99999,9,999999999,0.000,0.999,0,0,999,0.000,0
7,13,2017,17,0,,17.390,9.790,60.000,89238.930,234.762,1320.904,311.713,157.540,539.703,62.441,18904.800,51271.802,6868.473,112.796,999,1.610,7.000,99,9999,99999,9,999999999,0.000,0.999,0,0,999,0.000,0
7,13,2017,18,0,,16.620,9.680,63.000,89238.930,0.000,1320.904,308.537,14.150,0.000,0.000,1698.000,0.000,0.000,-0.000,999,1.340,7.000,99,9999,99999,9,999999999,0.000,0.999,0,0,999,0.000,0
7,13,2017,19,0,,15.860,9.560,66.000,89238.930,0.000,1320.904,305.343,0.000,0.000,0.000,0.000,0.000,0.000,-0.000,999,0.820,7.000,99,9999,99999,9,999999999,0.000,0.999,0,0,999,0.000,0
7,13,2017,20,0,,15.090,9.450,68.000,89238.930,0.000,1320.904,301.374,0.000,0.000,0.000,0.000,0.000,0.000,-0.000,999,0.610,7.000,99,9999,99999,9,999999999,0.000,0.999,0,0,999,0.000,0
7,13,2017,21,0,,14.320,9.330,71.000,89238.930,0.000,1320.904,298.003,0.000,0.000,0.000,0.000,0.000,0.000,-0.000,999,0.530,6.000,99,9999,99999,9,999999999,0.000,0.999,0,0,999,0.000,0
7,13,2017,22,0,,13.550,9.210,75.000,89238.930,0.000,1320.904,295.139,0.000,0.000,0.000,0.000,0.000,0.000,-0.000,999,0.480,6.000,99,9999,99999,9,999999999,0.000,0.999,0,0,999,0.000,0
7,13,2017,23,0,,12.780,9.090,78.000,89238.930,0.000,1320.904,291.632,0.000,0.000,0.000,0.000,0.000,0.000,-0.000,999,0.390,6.000,99,9999,99999,9,999999999,0.000,0.999,0,0,999,0.000,0
7,13,2017,24,0,,12.020,8.380,78.000,89238.930,0.000,1320.904,286.601,0.000,0.000,0.000,0.000,0.000,0.000,-0.000,999,1.700,6.000,99,9999,99999,9,999999999,0.000,0.999,0,0,999,0.000,0
7,14,2017,1,0,,11.630,8.360,80.000,89238.930,0.000,1320.904,285.075,0.000,0.000,0.000,0.000,0.000,0.000,-0.000,999,1.280,6.000,99,9999,99999,9,999999999,0.000,0.999,0,0,999,0.000,0
7,14,2017,2,0,,11.250,8.330,82.000,89238.930,0.000,1320.904,283.592,0.000,0.000,0.000,0.000,0.000,0.000,-0.000,999,0.700,6.000,99,9999,99999,9,999999999,0.000,0.999,0,0,999,0.000,0
7,14,2017,3,0,,10.870,8.300,84.000,89238.930,0.000,1320.904,282.088,0.000,0.000,0.000,0.000,0.000,0.000,-0.000,999,1.160,6.000,99,9999,99999,9,999999999,0.000,0.999,0,0,999,0.000,0
7,14,2017,4,0,,10.480,8.280,86.000,89238.930,0.000,1321.017,280.498,0.000,0.000,0.000,0.000,0.000,0.000,-0.000,999,1.460,6.000,99,9999,99999,9,999999999,0.000,0.999,0,0,999,0.000,0
7,14,2017,5,0,,10.100,8.250,88.000,89238.930,0.000,1321.017,278.956,0.000,0.000,0.000,0.000,0.000,0.000,-0.000,999,2.050,5.000,99,9999,99999,9,999999999,0.000,0.999,0,0,999,0.000,0
7,14,2017,6,0,,9.800,8.230,89.000,89238.930,0.000,1321.017,277.470,0.000,0.000,0.000,0.000,0.000,0.000,-0.000,999,1.330,5.000,99,9999,99999,9,999999999,0.000,0.999,0,0,999,0.000,0
7,14,2017,7,0,,9.550,8.220,91.000,89238.930,15.938,1321.017,276.740,0.000,0.000,0.000,0.000,0.000,0.000,0.000,999,0.880,5.000,99,9999,99999,9,999999999,0.000,0.999,0,0,999,0.000,0
7,14,2017,8,0,,9.290,8.200,92.000,89238.930,293.964,1321.017,275.501,82.030,15.537,78.591,9843.600,1476.058,8645.046,113.035,999,0.540,5.000,99,9999,99999,9,999999999,0.000,0.999,0,0,999,0.000,0
7,14,2017,9,0,,12.570,8.420,75.000,89238.930,548.043,1321.017,288.613,192.240,12.274,187.155,23068.800,1165.995,20587.077,143.799,999,0.990,7.000,99,9999,99999,9,999999999,0.000,0.999,0,0,999,0.000,0
7,14,2017,10,0,,13.290,8.470,72.000,89238.930,753.449,1321.017,291.691,228.420,18.474,217.890,27410.400,1755.021,23967.868,121.676,999,0.810,8.000,99,9999,99999,9,999999999,0.000,0.999,0,0,999,0.000,0
7,14,2017,11,0,,14.870,8.570,65.000,89238.930,895.799,1321.017,297.954,432.400,152.777,328.836,51888.000,14513.811,36171.917,154.410,999,1.770,6.000,99,9999,99999,9,999999999,0.000,0.999,0,0,999,0.000,0
7,14,2017,12,0,,16.140,8.660,61.000,89238.930,965.306,1321.017,303.831,498.450,206.914,347.291,59814.000,19656.828,38201.976,151.321,999,3.290,6.000,99,9999,99999,9,999999999,0.000,0.999,0,0,999,0.000,0
7,14,2017,13,0,,17.050,8.720,57.000,89238.930,957.204,1321.017,307.097,517.630,249.041,337.223,62115.600,23658.938,37094.581,148.179,999,5.040,6.000,99,9999,99999,9,999999999,0.000,0.999,0,0,999,0.000,0
7,14,2017,14,0,,17.610,8.750,56.000,89238.930,872.045,1321.017,310.174,488.510,284.230,300.952,58621.200,27001.857,33104.722,145.172,999,6.200,6.000,99,9999,99999,9,999999999,0.000,0.999,0,0,999,0.000,0
7,14,2017,15,0,,17.800,8.770,55.000,89238.930,715.661,1321.017,310.688,413.270,357.456,219.755,49592.400,33958.344,24172.995,129.210,999,7.650,6.000,99,9999,99999,9,999999999,0.000,0.999,0,0,999,0.000,0
7,14,2017,16,0,,17.540,8.750,56.000,89238.930,498.817,1321.017,309.690,297.870,468.893,121.125,35744.400,44544.841,13323.758,102.285,999,7.480,7.000,99,9999,99999,9,999999999,0.000,0.999,0,0,999,0.000,0
7,14,2017,17,0,,16.740,8.700,58.000,89238.930,236.873,1321.017,305.734,153.340,539.999,57.327,18400.800,51299.928,6305.937,102.629,999,7.150,8.000,99,9999,99999,9,999999999,0.000,0.999,0,0,999,0.000,0
7,14,2017,18,0,,16.070,8.650,61.000,89238.930,0.000,1321.017,303.354,14.290,0.000,0.000,1714.800,0.000,0.000,-0.000,999,5.410,8.000,99,9999,99999,9,999999999,0.000,0.999,0,0,999,0.000,0
7,14,2017,19,0,,15.400,8.610,63.000,89238.930,0.000,1321.017,300.196,0.000,0.000,0.000,0.000,0.000,0.000,-0.000,999,2.990,8.000,99,9999,99999,9,999999999,0.000,0.999,0,0,999,0.000,0
7,14,2017,20,0,,14.730,8.560,66.000,89238.930,0.000,1321.017,297.661,0.000,0.000,0.000,0.000,0.000,0.000,-0.000,999,1.820,8.000,99,9999,99999,9,999999999,0.000,0.999,0,0,999,0.000,0
7,14,2017,21,0,,14.050,8.520,69.000,89238.930,0.000,1321.017,294.977,0.000,0.000,0.000,0.000,0.000,0.000,-0.000,999,2.240,8.000,99,9999,99999,9,999999999,0.000,0.999,0,0,999,0.000,0
7,14,2017,22,0,,13.380,8.470,72.000,89238.930,0.000,1321.017,292.289,0.000,0.000,0.000,0.000,0.000,0.000,-0.000,999,1.990,8.000,99,9999,99999,9,999999999,0.000,0.999,0,0,999,0.000,0
7,14,2017,23,0,,12.710,8.430,75.000,89238.930,0.000,1321.017,289.539,0.000,0.000,0.000,0.000,0.000,0.000,-0.000,999,2.220,8.000,99,9999,99999,9,999999999,0.000,0.999,0,0,999,0.000,0
7,14,2017,24,0,,12.040,9.240,87.000,89238.930,0.000,1321.017,291.241,0.000,0.000,0.000,0.000,0.000,0.000,-0.000,999,2.300,8.000,99,9999,99999,9,999999999,0.020,0.999,0,0,999,0.020,99
7,15,2017,1,0,,11.700,9.160,89.000,89238.930,0.000,1321.017,289.916,0.000,0.000,0.000,0.000,0.000,0.000,-0.000,999,1.970,8.000,99,9999,99999,9,999999999,0.040,0.999,0,0,999,0.040,99
7,15,2017,2,0,,11.370,9.080,85.000,89238.930,0.000,1321.017,285.840,0.000,0.000,0.000,0.000,0.000,0.000,-0.000,999,0.610,8.000,99,9999,99999,9,999999999,0.000,0.999,0,0,999,0.000,0
7,15,2017,3,0,,11.030,9.000,87.000,89238.930,0.000,1321.017,284.554,0.000,0.000,0.000,0.000,0.000,0.000,-0.000,999,0.450,8.000,99,9999,99999,9,999999999,0.000,0.999,0,0,999,0.000,0
7,15,2017,4,0,,10.690,8.930,88.000,89238.930,0.000,1321.142,282.791,0.000,0.000,0.000,0.000,0.000,0.000,-0.000,999,0.450,8.000,99,9999,99999,9,999999999,0.000,0.999,0,0,999,0.000,0
7,15,2017,5,0,,10.360,8.850,90.000,89238.930,0.000,1321.142,281.543,0.000,0.000,0.000,0.000,0.000,0.000,-0.000,999,0.450,8.000,99,9999,99999,9,999999999,0.000,0.999,0,0,999,0.000,0
7,15,2017,6,0,,10.100,8.790,91.000,89238.930,0.000,1321.142,280.295,0.000,0.000,0.000,0.000,0.000,0.000,-0.000,999,0.650,8.000,99,9999,99999,9,999999999,0.000,0.999,0,0,999,0.000,0
7,15,2017,7,0,,9.880,8.740,92.000,89238.930,16.695,1321.142,279.305,0.000,0.000,0.000,0.000,0.000,0.000,0.000,999,1.050,8.000,99,9999,99999,9,999999999,0.000,0.999,0,0,999,0.000,0
7,15,2017,8,0,,9.650,8.680,93.000,89238.930,295.205,1321.142,278.247,37.330,0.000,37.330,4479.600,0.000,4106.300,53.467,999,1.340,8.000,99,9999,99999,9,999999999,0.000,0.999,0,0,999,0.000,0
7,15,2017,9,0,,11.700,9.160,84.000,89238.930,549.661,1321.142,287.531,109.130,0.000,109.130,13095.600,0.000,12004.300,83.609,999,3.470,8.000,99,9999,99999,9,999999999,0.000,0.999,0,0,999,0.000,0
7,15,2017,10,0,,13.110,9.480,78.000,89238.930,755.412,1321.142,293.837,224.300,4.720,221.603,26916.000,448.393,24376.312,123.439,999,3.570,8.000,99,9999,99999,9,999999999,0.000,0.999,0,0,999,0.000,0
7,15,2017,11,0,,14.330,9.750,73.000,89238.930,898.053,1321.142,299.256,298.610,9.577,292.102,35833.200,909.848,32131.217,136.830,999,5.640,8.000,99,9999,99999,9,999999999,0.000,0.999,0,0,999,0.000,0
7,15,2017,12,0,,15.310,9.960,70.000,89238.930,967.776,1321.142,304.131,344.180,11.903,335.463,41301.600,1130.790,36900.916,145.807,999,6.320,8.000,99,9999,99999,9,999999999,0.000,0.999,0,0,999,0.000,0
7,15,2017,13,0,,16.030,10.120,67.000,89238.930,959.803,1321.142,307.171,357.460,14.359,347.031,42895.200,1364.113,38173.403,152.090,999,7.790,8.000,99,9999,99999,9,999999999,0.000,0.999,0,0,999,0.000,0
7,15,2017,14,0,,16.470,10.220,66.000,89238.930,874.676,1321.142,309.553,337.440,17.800,325.660,40492.800,1690.953,35822.609,156.632,999,8.470,8.000,99,9999,99999,9,999999999,0.000,0.999,0,0,999,0.000,0
7,15,2017,15,0,,16.610,10.250,66.000,89238.930,718.224,1321.142,310.525,285.650,60.950,252.539,34278.000,5790.216,27779.242,147.969,999,7.670,8.000,99,9999,99999,9,999999999,0.000,0.999,0,0,999,0.000,0
7,15,2017,16,0,,16.390,10.200,66.000,89238.930,501.215,1321.142,308.998,206.160,117.390,161.702,24739.200,11152.015,17787.190,135.907,999,5.130,8.000,99,9999,99999,9,999999999,0.000,0.999,0,0,999,0.000,0
7,15,2017,17,0,,15.730,10.060,68.000,89238.930,239.013,1321.142,305.752,106.550,261.449,59.641,12786.000,24837.700,6560.517,105.810,999,3.820,8.000,99,9999,99999,9,999999999,0.000,0.999,0,0,999,0.000,0
7,15,2017,18,0,,15.430,9.990,69.000,89238.930,0.000,1321.142,304.328,10.300,0.000,0.000,1236.000,0.000,0.000,-0.000,999,2.290,8.000,99,9999,99999,9,999999999,0.000,0.999,0,0,999,0.000,0
7,15,2017,19,0,,15.130,9.930,71.000,89238.930,0.000,1321.142,303.513,0.000,0.000,0.000,0.000,0.000,0.000,-0.000,999,2.460,8.000,99,9999,99999,9,999999999,0.000,0.999,0,0,999,0.000,0
7,15,2017,20,0,,14.830,9.860,72.000,89238.930,0.000,1321.142,302.066,0.000,0.000,0.000,0.000,0.000,0.000,-0.000,999,1.980,8.000,99,9999,99999,9,999999999,0.000,0.999,0,0,999,0.000,0
7,15,2017,21,0,,14.530,9.790,78.000,89238.930,0.000,1321.142,303.473,0.000,0.000,0.000,0.000,0.000,0.000,-0.000,999,1.360,8.000,99,9999,99999,9,999999999,0.010,0.999,0,0,999,0.010,99
7,15,2017,22,0,,14.230,9.730,79.000,89238.930,0.000,1321.142,301.966,0.000,0.000,0.000,0.000,0.000,0.000,-0.000,999,1.140,8.000,99,9999,99999,9,999999999,0.110,0.999,0,0,999,0.110,99
7,15,2017,23,0,,13.930,9.660,85.000,89238.930,0.000,1321.142,303.070,0.000,0.000,0.000,0.000,0.000,0.000,-0.000,999,0.450,8.000,99,9999,99999,9,999999999,2.830,0.999,0,0,999,2.830,99
7,15,2017,24,0,,13.630,12.500,94.000,89238.930,0.000,1321.142,305.370,0.000,0.000,0.000,0.000,0.000,0.000,-0.000,999,0.360,8.000,99,9999,99999,9,999999999,0.090,0.999,0,0,999,0.090,99
7,16,2017,1,0,,13.480,12.500,95.000,89238.930,0.000,1321.142,304.790,0.000,0.000,0.000,0.000,0.000,0.000,-0.000,999,0.480,8.000,99,9999,99999,9,999999999,0.400,0.999,0,0,999,0.400,99
7,16,2017,2,0,,13.330,12.490,95.000,89238.930,0.000,1321.142,303.751,0.000,0.000,0.000,0.000,0.000,0.000,-0.000,999,1.130,8.000,99,9999,99999,9,999999999,0.940,0.999,0,0,999,0.940,99
7,16,2017,3,0,,13.180,12.480,96.000,89238.930,0.000,1321.142,303.167,0.000,0.000,0.000,0.000,0.000,0.000,-0.000,999,1.710,8.000,99,9999,99999,9,999999999,0.240,0.999,0,0,999,0.240,99
7,16,2017,4,0,,13.030,12.480,97.000,89238.930,0.000,1321.280,302.579,0.000,0.000,0.000,0.000,0.000,0.000,-0.000,999,1.920,8.000,99,9999,99999,9,999999999,0.120,0.999,0,0,999,0.120,99
7,16,2017,5,0,,12.880,12.470,98.000,89238.930,0.000,1321.280,301.987,0.000,0.000,0.000,0.000,0.000,0.000,-0.000,999,2.390,8.000,99,9999,99999,9,999999999,0.030,0.999,0,0,999,0.030,99
7,16,2017,6,0,,12.760,12.470,98.000,89238.930,0.000,1321.280,301.160,0.000,0.000,0.000,0.000,0.000,0.000,-0.000,999,1.840,8.000,99,9999,99999,9,999999999,0.010,0.999,0,0,999,0.010,99
7,16,2017,7,0,,12.660,12.460,99.000,89238.930,17.535,1321.280,300.909,0.000,0.000,0.000,0.000,0.000,0.000,0.000,999,1.580,8.000,99,9999,99999,9,999999999,0.010,0.999,0,0,999,0.010,99
7,16,2017,8,0,,12.560,12.460,95.000,89238.930,296.549,1321.280,298.458,23.630,0.000,23.630,2835.600,0.000,2599.300,33.693,999,1.310,8.000,99,9999,99999,9,999999999,0.000,0.999,0,0,999,0.000,0
7,16,2017,9,0,,13.890,12.510,88.000,89238.930,551.389,1321.280,304.299,115.600,0.000,115.600,13872.000,0.000,12716.000,88.297,999,1.470,8.000,99,9999,99999,9,999999999,0.000,0.999,0,0,999,0.000,0
7,16,2017,10,0,,14.740,12.540,89.000,89238.930,757.486,1321.280,310.720,202.440,7.032,198.411,24292.800,668.018,21825.223,110.229,999,1.270,8.000,99,9999,99999,9,999999999,0.030,0.999,0,0,999,0.030,99
7,16,2017,11,0,,15.480,12.570,81.000,89238.930,900.415,1321.280,311.731,269.370,9.884,262.636,32324.400,939.022,28889.995,122.717,999,1.560,8.000,99,9999,99999,9,999999999,0.000,0.999,0,0,999,0.000,0
7,16,2017,12,0,,16.090,12.600,83.000,89238.930,970.348,1321.280,317.140,310.430,12.354,301.359,37251.600,1173.656,33149.523,130.651,999,0.970,8.000,99,9999,99999,9,999999999,0.020,0.999,0,0,999,0.020,99
7,16,2017,13,0,,16.530,12.610,81.000,89238.930,962.493,1321.280,319.172,322.430,14.682,311.738,38691.600,1394.750,34291.171,136.254,999,0.950,8.000,99,9999,99999,9,999999999,0.070,0.999,0,0,999,0.070,99
7,16,2017,14,0,,16.790,12.620,80.000,89238.930,877.383,1321.280,320.466,304.460,17.793,292.649,36535.200,1690.368,32191.379,140.334,999,0.920,8.000,99,9999,99999,9,999999999,0.190,0.999,0,0,999,0.190,99
7,16,2017,15,0,,16.880,12.630,75.000,89238.930,720.847,1321.280,318.165,257.880,27.024,243.147,30945.600,2567.309,26746.129,141.962,999,1.230,8.000,99,9999,99999,9,999999999,0.000,0.999,0,0,999,0.000,0
7,16,2017,16,0,,16.560,12.610,81.000,89238.930,503.657,1321.280,319.386,137.530,6.681,134.988,16503.600,634.695,14848.640,112.914,999,0.610,8.000,99,9999,99999,9,999999999,0.060,0.999,0,0,999,0.060,99
7,16,2017,17,0,,16.000,12.590,83.000,89238.930,241.181,1321.280,316.500,43.410,0.000,43.410,5209.200,0.000,4775.100,76.319,999,0.700,8.000,99,9999,99999,9,999999999,0.300,0.999,0,0,999,0.300,99
7,16,2017,18,0,,15.640,12.580,93.000,89238.930,0.000,1321.280,319.092,9.680,0.000,0.000,1161.600,0.000,0.000,-0.000,999,0.860,8.000,99,9999,99999,9,999999999,10.710,0.999,0,0,999,10.710,99
7,16,2017,19,0,,15.290,12.570,86.000,89238.930,0.000,1321.280,313.066,0.000,0.000,0.000,0.000,0.000,0.000,-0.000,999,0.700,8.000,99,9999,99999,9,999999999,0.150,0.999,0,0,999,0.150,99
7,16,2017,20,0,,14.930,12.550,88.000,89238.930,0.000,1321.280,311.554,0.000,0.000,0.000,0.000,0.000,0.000,-0.000,999,0.420,8.000,99,9999,99999,9,999999999,0.570,0.999,0,0,999,0.570,99
7,16,2017,21,0,,14.570,12.540,85.000,89238.930,0.000,1321.280,307.500,0.000,0.000,0.000,0.000,0.000,0.000,-0.000,999,0.230,7.000,99,9999,99999,9,999999999,0.000,0.999,0,0,999,0.000,0
7,16,2017,22,0,,14.210,12.520,91.000,89238.930,0.000,1321.280,307.989,0.000,0.000,0.000,0.000,0.000,0.000,-0.000,999,0.280,7.000,99,9999,99999,9,999999999,0.050,0.999,0,0,999,0.050,99
7,16,2017,23,0,,13.860,12.510,89.000,89238.930,0.000,1321.280,304.583,0.000,0.000,0.000,0.000,0.000,0.000,-0.000,999,0.530,7.000,99,9999,99999,9,999999999,0.000,0.999,0,0,999,0.000,0
7,16,2017,24,0,,13.500,11.090,85.000,89238.930,0.000,1321.280,300.122,0.000,0.000,0.000,0.000,0.000,0.000,-0.000,999,0.240,7.000,99,9999,99999,9,999999999,0.000,0.999,0,0,999,0.000,0
7,17,2017,1,0,,13.320,11.100,86.000,89238.930,0.000,1321.280,299.394,0.000,0.000,0.000,0.000,0.000,0.000,-0.000,999,0.240,7.000,99,9999,99999,9,999999999,0.000,0.999,0,0,999,0.000,0
7,17,2017,2,0,,13.140,11.100,87.000,89238.930,0.000,1321.280,298.661,0.000,0.000,0.000,0.000,0.000,0.000,-0.000,999,0.240,7.000,99,9999,99999,9,999999999,0.000,0.999,0,0,999,0.000,0
7,17,2017,3,0,,12.960,11.110,88.000,89238.930,0.000,1321.280,297.923,0.000,0.000,0.000,0.000,0.000,0.000,-0.000,999,0.240,7.000,99,9999,99999,9,999999999,0.000,0.999,0,0,999,0.000,0
7,17,2017,4,0,,12.790,11.110,89.000,89238.930,0.000,1321.431,297.248,0.000,0.000,0.000,0.000,0.000,0.000,-0.000,999,0.240,7.000,99,9999,99999,9,999999999,0.000,0.999,0,0,999,0.000,0
7,17,2017,5,0,,12.610,11.120,90.000,89238.930,0.000,1321.431,296.500,0.000,0.000,0.000,0.000,0.000,0.000,-0.000,999,0.240,6.000,99,9999,99999,9,999999999,0.000,0.999,0,0,999,0.000,0
7,17,2017,6,0,,12.470,11.120,91.000,89238.930,0.000,1321.431,296.019,0.000,0.000,0.000,0.000,0.000,0.000,-0.000,999,0.240,6.000,99,9999,99999,9,999999999,0.000,0.999,0,0,999,0.000,0
7,17,2017,7,0,,12.350,11.130,92.000,89238.930,18.460,1321.431,295.668,0.000,0.000,0.000,0.000,0.000,0.000,0.000,999,0.240,6.000,99,9999,99999,9,999999999,0.000,0.999,0,0,999,0.000,0
7,17,2017,8,0,,12.230,11.130,92.000,89238.930,297.996,1321.431,294.857,78.340,21.361,73.548,9400.800,2029.342,8090.315,104.368,999,0.240,6.000,99,9999,99999,9,999999999,0.000,0.999,0,0,999,0.000,0
7,17,2017,9,0,,16.060,11.000,71.000,89238.930,553.225,1321.431,309.935,377.190,572.197,137.965,45262.800,54358.762,15176.100,105.040,999,0.280,0.000,99,9999,99999,9,999999999,0.000,0.999,0,0,999,0.000,0
7,17,2017,10,0,,17.700,10.950,64.000,89238.930,759.670,1321.431,316.782,521.490,666.279,138.684,62578.800,63296.506,15255.252,76.834,999,0.340,0.000,99,9999,99999,9,999999999,0.000,0.999,0,0,999,0.000,0
7,17,2017,11,0,,19.060,10.900,59.000,89238.930,902.883,1321.431,322.717,648.470,639.173,211.894,77816.400,60721.445,23308.337,98.748,999,0.910,0.000,99,9999,99999,9,999999999,0.000,0.999,0,0,999,0.000,0
7,17,2017,12,0,,19.150,10.900,58.000,89238.930,973.019,1321.431,322.571,434.960,123.872,343.771,52195.200,11767.846,37814.809,148.645,999,1.110,7.000,99,9999,99999,9,999999999,0.000,0.999,0,0,999,0.000,0
7,17,2017,13,0,,18.130,10.930,62.000,89238.930,965.270,1321.431,318.379,197.670,3.422,195.171,23720.400,325.076,21468.818,85.069,999,1.580,8.000,99,9999,99999,9,999999999,0.000,0.999,0,0,999,0.000,0
7,17,2017,14,0,,17.100,10.970,67.000,89238.930,880.165,1321.431,314.623,123.160,0.000,123.160,14779.200,0.000,13547.600,58.879,999,1.590,8.000,99,9999,99999,9,999999999,0.000,0.999,0,0,999,0.000,0
7,17,2017,15,0,,17.350,10.960,66.000,89238.930,723.528,1321.431,315.705,409.290,279.077,256.590,49114.800,26512.352,28224.916,149.271,999,1.600,6.000,99,9999,99999,9,999999999,0.000,0.999,0,0,999,0.000,0
7,17,2017,16,0,,17.180,10.960,66.000,89238.930,506.141,1321.431,314.509,296.150,436.987,129.056,35538.000,41513.765,14196.175,107.433,999,1.440,7.000,99,9999,99999,9,999999999,0.000,0.999,0,0,999,0.000,0
7,17,2017,17,0,,16.640,10.980,69.000,89238.930,243.375,1321.431,312.713,154.210,547.227,54.228,18505.200,51986.531,5965.106,94.476,999,1.190,8.000,99,9999,99999,9,999999999,0.000,0.999,0,0,999,0.000,0
7,17,2017,18,0,,16.260,11.000,70.000,89238.930,0.000,1321.431,310.699,15.970,0.000,0.000,1916.400,0.000,0.000,-0.000,999,0.500,8.000,99,9999,99999,9,999999999,0.000,0.999,0,0,999,0.000,0
7,17,2017,19,0,,15.870,11.010,72.000,89238.930,0.000,1321.431,309.231,0.000,0.000,0.000,0.000,0.000,0.000,-0.000,999,0.240,8.000,99,9999,99999,9,999999999,0.000,0.999,0,0,999,0.000,0
7,17,2017,20,0,,15.490,11.020,79.000,89238.930,0.000,1321.431,310.689,0.000,0.000,0.000,0.000,0.000,0.000,-0.000,999,0.240,8.000,99,9999,99999,9,999999999,0.020,0.999,0,0,999,0.020,99
7,17,2017,21,0,,15.100,11.040,81.000,89238.930,0.000,1321.431,309.071,0.000,0.000,0.000,0.000,0.000,0.000,-0.000,999,0.240,8.000,99,9999,99999,9,999999999,0.980,0.999,0,0,999,0.980,99
7,17,2017,22,0,,14.720,11.050,78.000,89238.930,0.000,1321.431,304.781,0.000,0.000,0.000,0.000,0.000,0.000,-0.000,999,0.240,8.000,99,9999,99999,9,999999999,0.000,0.999,0,0,999,0.000,0
7,17,2017,23,0,,14.330,11.060,80.000,89238.930,0.000,1321.431,303.196,0.000,0.000,0.000,0.000,0.000,0.000,-0.000,999,0.240,8.000,99,9999,99999,9,999999999,0.000,0.999,0,0,999,0.000,0
7,17,2017,24,0,,13.950,11.680,83.000,89238.930,0.000,1321.431,302.179,0.000,0.000,0.000,0.000,0.000,0.000,-0.000,999,0.300,8.000,99,9999,99999,9,999999999,0.000,0.999,0,0,999,0.000,0
7,18,2017,1,0,,13.760,11.660,83.000,89238.930,0.000,1321.431,300.877,0.000,0.000,0.000,0.000,0.000,0.000,-0.000,999,0.300,8.000,99,9999,99999,9,999999999,0.000,0.999,0,0,999,0.000,0
7,18,2017,2,0,,13.570,11.640,84.000,89238.930,0.000,1321.431,300.093,0.000,0.000,0.000,0.000,0.000,0.000,-0.000,999,0.300,8.000,99,9999,99999,9,999999999,0.000,0.999,0,0,999,0.000,0
7,18,2017,3,0,,13.370,11.630,85.000,89238.930,0.000,1321.431,299.235,0.000,0.000,0.000,0.000,0.000,0.000,-0.000,999,0.300,8.000,99,9999,99999,9,999999999,0.000,0.999,0,0,999,0.000,0
7,18,2017,4,0,,13.180,11.610,86.000,89238.930,0.000,1321.593,298.440,0.000,0.000,0.000,0.000,0.000,0.000,-0.000,999,0.300,8.000,99,9999,99999,9,999999999,0.000,0.999,0,0,999,0.000,0
7,18,2017,5,0,,12.990,11.590,87.000,89238.930,0.000,1321.593,297.641,0.000,0.000,0.000,0.000,0.000,0.000,-0.000,999,0.300,8.000,99,9999,99999,9,999999999,0.000,0.999,0,0,999,0.000,0
7,18,2017,6,0,,12.840,11.570,88.000,89238.930,0.000,1321.593,297.108,0.000,0.000,0.000,0.000,0.000,0.000,-0.000,999,0.300,8.000,99,9999,99999,9,999999999,0.000,0.999,0,0,999,0.000,0
7,18,2017,7,0,,12.710,11.560,88.000,89238.930,19.470,1321.593,296.227,0.000,0.000,0.000,0.000,0.000,0.000,0.000,999,0.300,8.000,99,9999,99999,9,999999999,0.000,0.999,0,0,999,0.000,0
7,18,2017,8,0,,12.590,11.550,93.000,89238.930,299.546,1321.593,297.756,28.020,0.000,28.020,3362.400,0.000,3082.200,39.558,999,0.300,8.000,99,9999,99999,9,999999999,0.030,0.999,0,0,999,0.030,99
7,18,2017,9,0,,14.370,11.720,85.000,89238.930,555.169,1321.593,306.111,134.340,2.231,133.404,16120.800,211.905,14674.469,101.224,999,0.300,8.000,99,9999,99999,9,999999999,0.020,0.999,0,0,999,0.020,99
7,18,2017,10,0,,15.490,11.830,76.000,89238.930,761.962,1321.593,308.976,234.470,32.275,215.873,28136.400,3066.117,23746.021,119.253,999,0.300,8.000,99,9999,99999,9,999999999,0.000,0.999,0,0,999,0.000,0
7,18,2017,11,0,,16.480,11.920,73.000,89238.930,905.456,1321.593,314.113,311.660,16.894,300.089,37399.200,1604.914,33009.841,139.468,999,0.300,8.000,99,9999,99999,9,999999999,0.000,0.999,0,0,999,0.000,0
7,18,2017,12,0,,17.280,12.000,70.000,89238.930,975.787,1321.593,317.873,359.050,20.900,343.622,43086.000,1985.536,37798.438,148.177,999,0.300,8.000,99,9999,99999,9,999999999,0.000,0.999,0,0,999,0.000,0
7,18,2017,13,0,,17.860,12.050,68.000,89238.930,968.134,1321.593,320.677,372.970,25.239,354.486,44756.400,2397.687,38993.457,154.071,999,1.020,8.000,99,9999,99999,9,999999999,0.000,0.999,0,0,999,0.000,0
7,18,2017,14,0,,18.210,12.090,67.000,89238.930,883.018,1321.593,322.499,352.370,66.261,308.114,42284.400,6294.801,33892.539,146.841,999,1.070,8.000,99,9999,99999,9,999999999,0.000,0.999,0,0,999,0.000,0
7,18,2017,15,0,,18.330,12.100,66.000,89238.930,726.266,1321.593,322.666,298.800,86.075,251.531,35856.000,8177.122,27668.356,145.793,999,1.840,8.000,99,9999,99999,9,999999999,0.000,0.999,0,0,999,0.000,0
7,18,2017,16,0,,18.140,12.080,67.000,89238.930,508.665,1321.593,321.998,216.480,138.957,163.087,25977.600,13200.933,17939.517,135.102,999,1.440,8.000,99,9999,99999,9,999999999,0.000,0.999,0,0,999,0.000,0
7,18,2017,17,0,,17.610,12.030,69.000,89238.930,245.594,1321.593,319.563,113.130,275.092,62.410,13575.600,26133.753,6865.086,107.746,999,1.280,8.000,99,9999,99999,9,999999999,0.000,0.999,0,0,999,0.000,0
7,18,2017,18,0,,17.150,11.990,70.000,89238.930,0.000,1321.593,316.951,12.100,0.000,0.000,1452.000,0.000,0.000,-0.000,999,0.970,8.000,99,9999,99999,9,999999999,0.000,0.999,0,0,999,0.000,0
7,18,2017,19,0,,16.700,11.940,72.000,89238.930,0.000,1321.593,315.043,0.000,0.000,0.000,0.000,0.000,0.000,-0.000,999,0.720,8.000,99,9999,99999,9,999999999,0.000,0.999,0,0,999,0.000,0
7,18,2017,20,0,,16.240,11.900,78.000,89238.930,0.000,1321.593,315.398,0.000,0.000,0.000,0.000,0.000,0.000,-0.000,999,0.660,8.000,99,9999,99999,9,999999999,0.070,0.999,0,0,999,0.070,99
7,18,2017,21,0,,15.790,11.860,84.000,89238.930,0.000,1321.593,315.549,0.000,0.000,0.000,0.000,0.000,0.000,-0.000,999,0.450,8.000,99,9999,99999,9,999999999,3.720,0.999,0,0,999,3.720,99
7,18,2017,22,0,,15.330,11.810,81.000,89238.930,0.000,1321.593,310.679,0.000,0.000,0.000,0.000,0.000,0.000,-0.000,999,0.300,8.000,99,9999,99999,9,999999999,0.160,0.999,0,0,999,0.160,99
7,18,2017,23,0,,14.880,11.770,83.000,89238.930,0.000,1321.593,308.612,0.000,0.000,0.000,0.000,0.000,0.000,-0.000,999,0.300,8.000,99,9999,99999,9,999999999,0.010,0.999,0,0,999,0.010,99
7,18,2017,24,0,,14.430,12.540,88.000,89238.930,0.000,1321.593,308.050,0.000,0.000,0.000,0.000,0.000,0.000,-0.000,999,0.320,8.000,99,9999,99999,9,999999999,0.170,0.999,0,0,999,0.170,99
7,19,2017,1,0,,14.200,12.560,99.000,89238.930,0.000,1321.593,311.648,0.000,0.000,0.000,0.000,0.000,0.000,-0.000,999,0.320,8.000,99,9999,99999,9,999999999,9.550,0.999,0,0,999,9.550,99
7,19,2017,2,0,,13.970,12.590,90.000,89238.930,0.000,1321.593,305.833,0.000,0.000,0.000,0.000,0.000,0.000,-0.000,999,0.320,8.000,99,9999,99999,9,999999999,0.770,0.999,0,0,999,0.770,99
7,19,2017,3,0,,13.740,12.610,92.000,89238.930,0.000,1321.593,305.196,0.000,0.000,0.000,0.000,0.000,0.000,-0.000,999,0.320,8.000,99,9999,99999,9,999999999,0.030,0.999,0,0,999,0.030,99
7,19,2017,4,0,,13.520,12.640,89.000,89238.930,0.000,1321.769,302.238,0.000,0.000,0.000,0.000,0.000,0.000,-0.000,999,0.320,8.000,99,9999,99999,9,999999999,0.000,0.999,0,0,999,0.000,0
7,19,2017,5,0,,13.290,12.660,95.000,89238.930,0.000,1321.769,303.474,0.000,0.000,0.000,0.000,0.000,0.000,-0.000,999,0.340,8.000,99,9999,99999,9,999999999,0.020,0.999,0,0,999,0.020,99
7,19,2017,6,0,,13.110,12.680,91.000,89238.930,0.000,1321.769,300.379,0.000,0.000,0.000,0.000,0.000,0.000,-0.000,999,0.500,8.000,99,9999,99999,9,999999999,0.000,0.999,0,0,999,0.000,0
7,19,2017,7,0,,12.960,12.690,92.000,89238.930,20.566,1321.769,299.821,0.000,0.000,0.000,0.000,0.000,0.000,0.000,999,0.320,8.000,99,9999,99999,9,999999999,0.000,0.999,0,0,999,0.000,0
7,19,2017,8,0,,12.810,12.710,93.000,89238.930,301.200,1321.769,299.257,27.280,0.000,27.280,3273.600,0.000,3000.800,38.305,999,0.610,8.000,99,9999,99999,9,999999999,0.000,0.999,0,0,999,0.000,0
7,19,2017,9,0,,14.420,12.540,83.000,89238.930,557.221,1321.769,305.417,129.320,0.425,129.141,15518.400,40.421,14205.496,97.640,999,0.560,8.000,99,9999,99999,9,999999999,0.000,0.999,0,0,999,0.000,0
7,19,2017,10,0,,15.420,12.430,77.000,89238.930,764.362,1321.769,309.065,225.300,26.600,209.927,27036.000,2526.961,23091.944,115.619,999,0.370,8.000,99,9999,99999,9,999999999,0.000,0.999,0,0,999,0.000,0
7,19,2017,11,0,,16.300,12.340,72.000,89238.930,908.133,1321.769,312.232,299.290,14.220,289.523,35914.800,1350.893,31847.560,134.178,999,0.990,8.000,99,9999,99999,9,999999999,0.000,0.999,0,0,999,0.000,0
7,19,2017,12,0,,17.020,12.260,68.000,89238.930,978.651,1321.769,314.726,344.730,17.603,331.700,41367.600,1672.274,36486.978,142.636,999,1.240,8.000,99,9999,99999,9,999999999,0.000,0.999,0,0,999,0.000,0
7,19,2017,13,0,,17.540,12.210,71.000,89238.930,971.083,1321.769,320.370,358.110,21.164,342.565,42973.200,2010.576,37682.157,148.457,999,1.270,8.000,99,9999,99999,9,999999999,0.020,0.999,0,0,999,0.020,99
7,19,2017,14,0,,17.860,12.170,69.000,89238.930,885.942,1321.769,321.347,338.410,26.160,320.882,40609.200,2485.192,35297.030,152.441,999,1.300,8.000,99,9999,99999,9,999999999,0.230,0.999,0,0,999,0.230,99
7,19,2017,15,0,,17.960,12.160,69.000,89238.930,729.059,1321.769,322.062,287.130,46.071,261.735,34455.600,4376.739,28790.881,151.146,999,0.720,8.000,99,9999,99999,9,999999999,0.310,0.999,0,0,999,0.310,99
7,19,2017,16,0,,17.800,12.180,69.000,89238.930,511.228,1321.769,320.918,208.270,115.924,163.508,24992.400,11012.787,17985.833,134.787,999,0.830,8.000,99,9999,99999,9,999999999,0.100,0.999,0,0,999,0.100,99
7,19,2017,17,0,,17.320,12.230,72.000,89238.930,247.834,1321.769,319.439,109.240,271.304,58.762,13108.800,25773.874,6463.777,100.530,999,0.910,8.000,99,9999,99999,9,999999999,0.060,0.999,0,0,999,0.060,99
7,19,2017,18,0,,16.540,12.310,76.000,89238.930,0.000,1321.769,316.351,12.070,0.000,0.000,1448.400,0.000,0.000,-0.000,999,0.440,8.000,99,9999,99999,9,999999999,0.010,0.999,0,0,999,0.010,99
7,19,2017,19,0,,15.760,12.400,80.000,89238.930,0.000,1321.769,313.145,0.000,0.000,0.000,0.000,0.000,0.000,-0.000,999,0.440,8.000,99,9999,99999,9,999999999,0.010,0.999,0,0,999,0.010,99
7,19,2017,20,0,,14.970,12.480,84.000,89238.930,0.000,1321.769,309.770,0.000,0.000,0.000,0.000,0.000,0.000,-0.000,999,0.400,8.000,99,9999,99999,9,999999999,0.040,0.999,0,0,999,0.040,99
7,19,2017,21,0,,14.190,12.560,89.000,89238.930,0.000,1321.769,306.873,0.000,0.000,0.000,0.000,0.000,0.000,-0.000,999,0.360,8.000,99,9999,99999,9,999999999,0.130,0.999,0,0,999,0.130,99
7,19,2017,22,0,,13.410,12.650,94.000,89238.930,0.000,1321.769,303.845,0.000,0.000,0.000,0.000,0.000,0.000,-0.000,999,0.320,8.000,99,9999,99999,9,999999999,0.450,0.999,0,0,999,0.450,99
7,19,2017,23,0,,12.630,12.630,99.000,89238.930,0.000,1321.769,300.703,0.000,0.000,0.000,0.000,0.000,0.000,-0.000,999,0.380,8.000,99,9999,99999,9,999999999,0.080,0.999,0,0,999,0.080,99
7,19,2017,24,0,,11.850,9.500,93.000,89238.930,0.000,1321.769,292.750,0.000,0.000,0.000,0.000,0.000,0.000,-0.000,999,1.950,8.000,99,9999,99999,9,999999999,1.910,0.999,0,0,999,1.910,99
7,20,2017,1,0,,11.460,9.430,85.000,89238.930,0.000,1321.769,286.433,0.000,0.000,0.000,0.000,0.000,0.000,-0.000,999,2.510,8.000,99,9999,99999,9,999999999,0.000,0.999,0,0,999,0.000,0
7,20,2017,2,0,,11.060,9.360,87.000,89238.930,0.000,1321.769,284.751,0.000,0.000,0.000,0.000,0.000,0.000,-0.000,999,2.550,8.000,99,9999,99999,9,999999999,0.000,0.999,0,0,999,0.000,0
7,20,2017,3,0,,10.670,9.280,94.000,89238.930,0.000,1321.769,285.336,0.000,0.000,0.000,0.000,0.000,0.000,-0.000,999,3.550,8.000,99,9999,99999,9,999999999,0.060,0.999,0,0,999,0.060,99
7,20,2017,4,0,,10.280,9.210,91.000,89238.930,0.000,1321.956,281.466,0.000,0.000,0.000,0.000,0.000,0.000,-0.000,999,2.360,8.000,99,9999,99999,9,999999999,0.000,0.999,0,0,999,0.000,0
7,20,2017,5,0,,9.890,9.130,93.000,89238.930,0.000,1321.956,279.801,0.000,0.000,0.000,0.000,0.000,0.000,-0.000,999,4.890,8.000,99,9999,99999,9,999999999,0.000,0.999,0,0,999,0.000,0
7,20,2017,6,0,,9.590,9.070,99.000,89238.930,0.000,1321.956,280.352,0.000,0.000,0.000,0.000,0.000,0.000,-0.000,999,3.000,8.000,99,9999,99999,9,999999999,0.020,0.999,0,0,999,0.020,99
7,20,2017,7,0,,9.330,9.020,95.000,89238.930,21.751,1321.956,277.025,0.000,0.000,0.000,0.000,0.000,0.000,0.000,999,2.590,8.000,99,9999,99999,9,999999999,0.000,0.999,0,0,999,0.000,0
7,20,2017,8,0,,9.070,8.970,97.000,89238.930,302.956,1321.956,276.174,44.490,0.000,44.490,5338.800,0.000,4893.900,62.113,999,1.500,8.000,99,9999,99999,9,999999999,0.000,0.999,0,0,999,0.000,0
7,20,2017,9,0,,14.850,10.060,72.000,89238.930,559.381,1321.956,302.202,326.370,360.816,173.896,39164.400,34277.522,19128.575,130.988,999,1.250,0.000,99,9999,99999,9,999999999,0.000,0.999,0,0,999,0.000,0
7,20,2017,10,0,,17.020,10.450,65.000,89238.930,766.870,1321.956,312.704,394.740,261.114,243.355,47368.800,24805.839,26769.015,133.609,999,1.180,5.000,99,9999,99999,9,999999999,0.000,0.999,0,0,999,0.000,0
7,20,2017,11,0,,16.660,10.390,66.000,89238.930,910.913,1321.956,310.873,208.290,3.901,205.603,24994.800,370.566,22616.335,95.008,999,1.520,8.000,99,9999,99999,9,999999999,0.000,0.999,0,0,999,0.000,0
7,20,2017,12,0,,16.550,10.370,66.000,89238.930,981.609,1321.956,310.108,226.360,9.160,219.560,27163.200,870.240,24151.558,94.142,999,1.880,8.000,99,9999,99999,9,999999999,0.000,0.999,0,0,999,0.000,0
7,20,2017,13,0,,17.180,10.480,64.000,89238.930,974.113,1321.956,313.129,360.860,19.287,346.651,43303.200,1832.294,38131.635,149.781,999,1.200,8.000,99,9999,99999,9,999999999,0.000,0.999,0,0,999,0.000,0
7,20,2017,14,0,,17.920,10.610,62.000,89238.930,888.934,1321.956,316.896,427.190,178.593,307.140,51262.800,16966.380,33785.353,145.441,999,1.720,7.000,99,9999,99999,9,999999999,0.000,0.999,0,0,999,0.000,0
7,20,2017,15,0,,16.730,10.400,65.000,89238.930,731.904,1321.956,310.682,104.370,0.000,104.370,12524.400,0.000,11480.700,60.045,999,3.440,8.000,99,9999,99999,9,999999999,0.000,0.999,0,0,999,0.000,0
7,20,2017,16,0,,15.690,10.210,69.000,89238.930,513.826,1321.956,306.115,84.520,0.000,84.520,10142.400,0.000,9297.200,69.330,999,2.120,8.000,99,9999,99999,9,999999999,0.000,0.999,0,0,999,0.000,0
7,20,2017,17,0,,15.000,10.090,71.000,89238.930,250.095,1321.956,302.623,110.690,201.358,72.884,13282.800,19129.001,8017.245,123.564,999,2.070,8.000,99,9999,99999,9,999999999,0.000,0.999,0,0,999,0.000,0
7,20,2017,18,0,,14.390,9.980,74.000,89238.930,0.000,1321.956,300.246,12.620,0.000,0.000,1514.400,0.000,0.000,-0.000,999,1.640,8.000,99,9999,99999,9,999999999,0.000,0.999,0,0,999,0.000,0
7,20,2017,19,0,,13.790,9.870,76.000,89238.930,0.000,1321.956,297.316,0.000,0.000,0.000,0.000,0.000,0.000,-0.000,999,0.590,8.000,99,9999,99999,9,999999999,0.000,0.999,0,0,999,0.000,0
7,20,2017,20,0,,13.190,9.760,78.000,89238.930,0.000,1321.956,294.373,0.000,0.000,0.000,0.000,0.000,0.000,-0.000,999,0.880,8.000,99,9999,99999,9,999999999,0.000,0.999,0,0,999,0.000,0
7,20,2017,21,0,,12.590,9.640,81.000,89238.930,0.000,1321.956,291.937,0.000,0.000,0.000,0.000,0.000,0.000,-0.000,999,0.590,8.000,99,9999,99999,9,999999999,0.000,0.999,0,0,999,0.000,0
7,20,2017,22,0,,11.980,9.530,88.000,89238.930,0.000,1321.956,291.315,0.000,0.000,0.000,0.000,0.000,0.000,-0.000,999,0.590,8.000,99,9999,99999,9,999999999,0.010,0.999,0,0,999,0.010,99
7,20,2017,23,0,,11.380,9.420,86.000,89238.930,0.000,1321.956,286.384,0.000,0.000,0.000,0.000,0.000,0.000,-0.000,999,0.590,8.000,99,9999,99999,9,999999999,0.000,0.999,0,0,999,0.000,0
7,20,2017,24,0,,10.780,8.640,86.000,89238.930,0.000,1321.956,282.450,0.000,0.000,0.000,0.000,0.000,0.000,-0.000,999,0.490,8.000,99,9999,99999,9,999999999,0.000,0.999,0,0,999,0.000,0
7,21,2017,1,0,,10.480,8.620,88.000,89238.930,0.000,1321.956,281.421,0.000,0.000,0.000,0.000,0.000,0.000,-0.000,999,0.490,8.000,99,9999,99999,9,999999999,0.000,0.999,0,0,999,0.000,0
7,21,2017,2,0,,10.170,8.610,90.000,89238.930,0.000,1321.956,280.308,0.000,0.000,0.000,0.000,0.000,0.000,-0.000,999,0.490,8.000,99,9999,99999,9,999999999,0.000,0.999,0,0,999,0.000,0
7,21,2017,3,0,,9.870,8.590,91.000,89238.930,0.000,1321.956,278.804,0.000,0.000,0.000,0.000,0.000,0.000,-0.000,999,0.490,8.000,99,9999,99999,9,999999999,0.000,0.999,0,0,999,0.000,0
7,21,2017,4,0,,9.570,8.580,93.000,89238.930,0.000,1322.156,277.730,0.000,0.000,0.000,0.000,0.000,0.000,-0.000,999,0.490,8.000,99,9999,99999,9,999999999,0.000,0.999,0,0,999,0.000,0
7,21,2017,5,0,,9.270,8.570,95.000,89238.930,0.000,1322.156,276.638,0.000,0.000,0.000,0.000,0.000,0.000,-0.000,999,0.490,8.000,99,9999,99999,9,999999999,0.000,0.999,0,0,999,0.000,0
7,21,2017,6,0,,9.040,8.560,96.000,89238.930,0.000,1322.156,275.572,0.000,0.000,0.000,0.000,0.000,0.000,-0.000,999,0.490,8.000,99,9999,99999,9,999999999,0.000,0.999,0,0,999,0.000,0
7,21,2017,7,0,,8.840,8.550,98.000,89238.930,23.024,1322.156,275.099,0.000,0.000,0.000,0.000,0.000,0.000,0.000,999,0.490,8.000,99,9999,99999,9,999999999,0.000,0.999,0,0,999,0.000,0
7,21,2017,8,0,,8.640,8.540,99.000,89238.930,304.816,1322.156,274.215,45.360,0.000,45.360,5443.200,0.000,4989.600,62.947,999,0.490,8.000,99,9999,99999,9,999999999,0.000,0.999,0,0,999,0.000,0
7,21,2017,9,0,,12.340,8.710,78.000,89238.930,561.647,1322.156,288.711,234.270,124.677,181.378,28112.400,11844.298,19951.565,136.091,999,0.490,6.000,99,9999,99999,9,999999999,0.000,0.999,0,0,999,0.000,0
7,21,2017,10,0,,14.640,8.810,68.000,89238.930,769.483,1322.156,298.325,399.010,226.862,267.054,47881.200,21551.933,29375.898,146.144,999,0.490,5.000,99,9999,99999,9,999999999,0.000,0.999,0,0,999,0.000,0
7,21,2017,11,0,,16.830,8.910,59.000,89238.930,913.794,1322.156,307.100,557.580,379.787,295.179,66909.600,36079.762,32469.656,135.991,999,0.490,3.000,99,9999,99999,9,999999999,0.000,0.999,0,0,999,0.000,0
7,21,2017,12,0,,18.210,8.970,54.000,89238.930,984.660,1322.156,312.713,570.110,293.018,351.940,68413.200,27836.721,38713.385,150.459,999,0.780,5.000,99,9999,99999,9,999999999,0.000,0.999,0,0,999,0.000,0
7,21,2017,13,0,,19.490,9.020,50.000,89238.930,977.224,1322.156,318.184,649.170,468.472,303.000,77900.400,44504.856,33330.025,130.523,999,1.170,3.000,99,9999,99999,9,999999999,0.000,0.999,0,0,999,0.000,0
7,21,2017,14,0,,20.410,9.060,48.000,89238.930,891.992,1322.156,322.806,654.060,716.624,170.760,78487.200,68079.255,18783.612,80.596,999,1.310,2.000,99,9999,99999,9,999999999,0.000,0.999,0,0,999,0.000,0
7,21,2017,15,0,,20.740,9.080,47.000,89238.930,734.798,1322.156,324.176,544.040,729.669,138.787,65284.800,69318.541,15266.548,79.542,999,0.780,3.000,99,9999,99999,9,999999999,0.000,0.999,0,0,999,0.000,0
7,21,2017,16,0,,20.540,9.070,47.000,89238.930,516.457,1322.156,322.757,415.650,749.838,123.224,49878.000,71234.595,13554.595,100.576,999,0.490,3.000,99,9999,99999,9,999999999,0.000,0.999,0,0,999,0.000,0
7,21,2017,17,0,,19.580,9.030,50.000,89238.930,252.375,1322.156,318.816,239.920,521.402,141.134,28790.400,49533.149,15524.701,237.113,999,0.490,4.000,99,9999,99999,9,999999999,0.000,0.999,0,0,999,0.000,0
7,21,2017,18,0,,18.820,8.990,52.000,89238.930,0.000,1322.156,315.268,34.240,0.000,0.000,4108.800,0.000,0.000,-0.000,999,0.490,4.000,99,9999,99999,9,999999999,0.000,0.999,0,0,999,0.000,0
7,21,2017,19,0,,18.050,8.960,55.000,89238.930,0.000,1322.156,312.421,0.000,0.000,0.000,0.000,0.000,0.000,-0.000,999,0.490,5.000,99,9999,99999,9,999999999,0.000,0.999,0,0,999,0.000,0
7,21,2017,20,0,,17.290,8.930,57.000,89238.930,0.000,1322.156,308.748,0.000,0.000,0.000,0.000,0.000,0.000,-0.000,999,0.490,5.000,99,9999,99999,9,999999999,0.000,0.999,0,0,999,0.000,0
7,21,2017,21,0,,16.530,8.890,60.000,89238.930,0.000,1322.156,305.777,0.000,0.000,0.000,0.000,0.000,0.000,-0.000,999,0.490,5.000,99,9999,99999,9,999999999,0.000,0.999,0,0,999,0.000,0
7,21,2017,22,0,,15.760,8.860,63.000,89238.930,0.000,1322.156,302.639,0.000,0.000,0.000,0.000,0.000,0.000,-0.000,999,0.490,5.000,99,9999,99999,9,999999999,0.000,0.999,0,0,999,0.000,0
7,21,2017,23,0,,15.000,8.820,66.000,89238.930,0.000,1322.156,299.482,0.000,0.000,0.000,0.000,0.000,0.000,-0.000,999,0.490,6.000,99,9999,99999,9,999999999,0.000,0.999,0,0,999,0.000,0
7,21,2017,24,0,,14.240,11.860,85.000,89238.930,0.000,1322.156,305.210,0.000,0.000,0.000,0.000,0.000,0.000,-0.000,999,0.210,6.000,99,9999,99999,9,999999999,0.000,0.999,0,0,999,0.000,0
7,22,2017,1,0,,13.850,11.790,87.000,89238.930,0.000,1322.156,303.527,0.000,0.000,0.000,0.000,0.000,0.000,-0.000,999,0.210,6.000,99,9999,99999,9,999999999,0.000,0.999,0,0,999,0.000,0
7,22,2017,2,0,,13.470,11.730,89.000,89238.930,0.000,1322.156,301.894,0.000,0.000,0.000,0.000,0.000,0.000,-0.000,999,0.210,6.000,99,9999,99999,9,999999999,0.000,0.999,0,0,999,0.000,0
7,22,2017,3,0,,13.090,11.670,90.000,89238.930,0.000,1322.156,299.769,0.000,0.000,0.000,0.000,0.000,0.000,-0.000,999,0.210,7.000,99,9999,99999,9,999999999,0.000,0.999,0,0,999,0.000,0
7,22,2017,4,0,,12.710,11.610,92.000,89238.930,0.000,1322.369,298.114,0.000,0.000,0.000,0.000,0.000,0.000,-0.000,999,0.210,7.000,99,9999,99999,9,999999999,0.000,0.999,0,0,999,0.000,0
7,22,2017,5,0,,12.330,11.550,94.000,89238.930,0.000,1322.369,296.442,0.000,0.000,0.000,0.000,0.000,0.000,-0.000,999,0.210,7.000,99,9999,99999,9,999999999,0.000,0.999,0,0,999,0.000,0
7,22,2017,6,0,,12.030,11.510,96.000,89238.930,0.000,1322.369,295.298,0.000,0.000,0.000,0.000,0.000,0.000,-0.000,999,0.210,7.000,99,9999,99999,9,999999999,0.000,0.999,0,0,999,0.000,0
7,22,2017,7,0,,11.780,11.470,97.000,89238.930,24.388,1322.369,294.043,0.000,0.000,0.000,0.000,0.000,0.000,0.000,999,0.210,8.000,99,9999,99999,9,999999999,0.000,0.999,0,0,999,0.000,0
7,22,2017,8,0,,11.530,11.430,99.000,89238.930,306.779,1322.369,293.212,28.890,0.000,28.890,3466.800,0.000,3177.900,39.839,999,0.210,8.000,99,9999,99999,9,999999999,0.000,0.999,0,0,999,0.000,0
7,22,2017,9,0,,13.820,11.790,87.000,89238.930,564.020,1322.369,303.320,131.940,0.914,131.551,15832.800,86.814,14470.581,98.304,999,0.210,8.000,99,9999,99999,9,999999999,0.000,0.999,0,0,999,0.000,0
7,22,2017,10,0,,15.230,12.010,80.000,89238.930,772.202,1322.369,309.429,228.460,27.033,212.683,27415.200,2568.129,23395.125,115.998,999,0.210,8.000,99,9999,99999,9,999999999,0.000,0.999,0,0,999,0.000,0
7,22,2017,11,0,,16.460,12.200,75.000,89238.930,916.774,1322.369,315.187,302.870,14.296,292.962,36344.400,1358.135,32225.806,134.552,999,0.350,8.000,99,9999,99999,9,999999999,0.000,0.999,0,0,999,0.000,0
7,22,2017,12,0,,17.470,12.350,71.000,89238.930,987.800,1322.369,319.870,348.590,17.632,335.422,41830.800,1675.015,36896.450,142.964,999,0.460,8.000,99,9999,99999,9,999999999,0.000,0.999,0,0,999,0.000,0
7,22,2017,13,0,,18.200,12.470,68.000,89238.930,980.413,1322.369,323.111,362.110,21.159,346.426,43453.200,2010.118,38106.889,148.768,999,1.290,8.000,99,9999,99999,9,999999999,0.000,0.999,0,0,999,0.000,0
7,22,2017,14,0,,18.640,12.530,67.000,89238.930,895.113,1322.369,325.591,342.420,26.129,324.740,41090.400,2482.226,35721.356,152.760,999,2.970,8.000,99,9999,99999,9,999999999,0.000,0.999,0,0,999,0.000,0
7,22,2017,15,0,,18.790,12.550,71.000,89238.930,737.740,1322.369,329.392,290.990,45.977,265.356,34918.800,4367.852,29189.178,151.499,999,2.860,8.000,99,9999,99999,9,999999999,0.020,0.999,0,0,999,0.020,99
7,22,2017,16,0,,18.560,12.520,82.000,89238.930,519.120,1322.369,334.531,211.830,115.544,166.543,25419.600,10976.701,18319.778,135.256,999,1.490,8.000,99,9999,99999,9,999999999,5.340,0.999,0,0,999,5.340,99
7,22,2017,17,0,,17.890,12.420,74.000,89238.930,254.671,1322.369,324.791,112.300,268.873,60.897,13476.000,25542.971,6698.616,101.391,999,0.760,8.000,99,9999,99999,9,999999999,0.090,0.999,0,0,999,0.090,99
7,22,2017,18,0,,17.130,12.300,77.000,89238.930,0.000,1322.369,321.153,13.600,0.000,0.000,1632.000,0.000,0.000,-0.000,999,0.330,8.000,99,9999,99999,9,999999999,0.050,0.999,0,0,999,0.050,99
7,22,2017,19,0,,16.370,12.190,80.000,89238.930,0.000,1322.369,317.465,0.000,0.000,0.000,0.000,0.000,0.000,-0.000,999,0.210,8.000,99,9999,99999,9,999999999,0.150,0.999,0,0,999,0.150,99
7,22,2017,20,0,,15.610,12.070,84.000,89238.930,0.000,1322.369,314.273,0.000,0.000,0.000,0.000,0.000,0.000,-0.000,999,0.210,8.000,99,9999,99999,9,999999999,0.300,0.999,0,0,999,0.300,99
7,22,2017,21,0,,14.850,11.950,87.000,89238.930,0.000,1322.369,310.484,0.000,0.000,0.000,0.000,0.000,0.000,-0.000,999,0.210,8.000,99,9999,99999,9,999999999,0.030,0.999,0,0,999,0.030,99
7,22,2017,22,0,,14.090,11.830,91.000,89238.930,0.000,1322.369,307.152,0.000,0.000,0.000,0.000,0.000,0.000,-0.000,999,0.210,8.000,99,9999,99999,9,999999999,0.010,0.999,0,0,999,0.010,99
7,22,2017,23,0,,13.330,11.710,89.000,89238.930,0.000,1322.369,300.933,0.000,0.000,0.000,0.000,0.000,0.000,-0.000,999,0.210,8.000,99,9999,99999,9,999999999,0.000,0.999,0,0,999,0.000,0
7,22,2017,24,0,,12.560,9.400,81.000,89238.930,0.000,1322.369,291.737,0.000,0.000,0.000,0.000,0.000,0.000,-0.000,999,0.210,8.000,99,9999,99999,9,999999999,0.000,0.999,0,0,999,0.000,0
7,23,2017,1,0,,12.180,9.330,82.000,89238.930,0.000,1322.369,289.717,0.000,0.000,0.000,0.000,0.000,0.000,-0.000,999,0.210,8.000,99,9999,99999,9,999999999,0.000,0.999,0,0,999,0.000,0
7,23,2017,2,0,,11.800,9.260,84.000,89238.930,0.000,1322.369,288.193,0.000,0.000,0.000,0.000,0.000,0.000,-0.000,999,0.210,8.000,99,9999,99999,9,999999999,0.000,0.999,0,0,999,0.000,0
7,23,2017,3,0,,11.420,9.190,86.000,89238.930,0.000,1322.369,286.648,0.000,0.000,0.000,0.000,0.000,0.000,-0.000,999,0.210,8.000,99,9999,99999,9,999999999,0.000,0.999,0,0,999,0.000,0
7,23,2017,4,0,,11.040,9.120,87.000,89238.930,0.000,1322.593,284.619,0.000,0.000,0.000,0.000,0.000,0.000,-0.000,999,0.210,8.000,99,9999,99999,9,999999999,0.000,0.999,0,0,999,0.000,0
7,23,2017,5,0,,10.660,9.050,89.000,89238.930,0.000,1322.593,283.051,0.000,0.000,0.000,0.000,0.000,0.000,-0.000,999,0.210,8.000,99,9999,99999,9,999999999,0.000,0.999,0,0,999,0.000,0
7,23,2017,6,0,,10.370,8.990,91.000,89238.930,0.000,1322.593,282.053,0.000,0.000,0.000,0.000,0.000,0.000,-0.000,999,0.210,8.000,99,9999,99999,9,999999999,0.000,0.999,0,0,999,0.000,0
7,23,2017,7,0,,10.120,8.950,92.000,89238.930,25.844,1322.593,280.863,0.000,0.000,0.000,0.000,0.000,0.000,0.000,999,0.210,8.000,99,9999,99999,9,999999999,0.000,0.999,0,0,999,0.000,0
7,23,2017,8,0,,9.860,8.900,93.000,89238.930,308.845,1322.593,279.607,44.500,0.000,44.500,5340.000,0.000,4895.000,60.960,999,0.210,8.000,99,9999,99999,9,999999999,0.000,0.999,0,0,999,0.000,0
7,23,2017,9,0,,13.030,9.480,79.000,89238.930,566.499,1322.593,293.835,200.550,44.701,181.428,24066.000,4246.615,19957.104,135.004,999,0.210,7.000,99,9999,99999,9,999999999,0.000,0.999,0,0,999,0.000,0
7,23,2017,10,0,,14.950,9.830,71.000,89238.930,775.025,1322.593,302.282,346.500,102.270,286.605,41580.000,9715.641,31526.502,155.771,999,0.210,6.000,99,9999,99999,9,999999999,0.000,0.999,0,0,999,0.000,0
7,23,2017,11,0,,16.640,10.120,65.000,89238.930,919.853,1322.593,310.057,458.970,137.410,363.432,55076.400,13053.960,39977.557,166.386,999,0.250,6.000,99,9999,99999,9,999999999,0.000,0.999,0,0,999,0.000,0
7,23,2017,12,0,,18.010,10.360,60.000,89238.930,991.029,1322.593,316.047,528.110,229.526,356.164,63373.200,21805.001,39177.996,151.335,999,0.540,6.000,99,9999,99999,9,999999999,0.000,0.999,0,0,999,0.000,0
7,23,2017,13,0,,19.010,10.530,57.000,89238.930,983.677,1322.593,320.776,548.570,256.289,358.001,65828.400,24347.411,39380.109,153.254,999,0.860,6.000,99,9999,99999,9,999999999,0.000,0.999,0,0,999,0.000,0
7,23,2017,14,0,,19.620,10.640,56.000,89238.930,898.294,1322.593,324.306,518.840,312.314,306.792,62260.800,29669.844,33747.069,143.830,999,1.350,6.000,99,9999,99999,9,999999999,0.000,0.999,0,0,999,0.000,0
7,23,2017,15,0,,19.820,10.670,55.000,89238.930,740.727,1322.593,324.901,441.130,390.416,222.615,52935.600,37089.482,24487.696,126.605,999,1.740,6.000,99,9999,99999,9,999999999,0.000,0.999,0,0,999,0.000,0
7,23,2017,16,0,,19.510,10.620,56.000,89238.930,521.812,1322.593,323.520,321.510,513.342,119.297,38581.200,48767.453,13122.725,96.401,999,2.130,6.000,99,9999,99999,9,999999999,0.000,0.999,0,0,999,0.000,0
7,23,2017,17,0,,18.600,10.460,59.000,89238.930,256.980,1322.593,319.446,171.020,556.183,63.728,20522.400,52837.338,7010.126,105.156,999,1.650,7.000,99,9999,99999,9,999999999,0.000,0.999,0,0,999,0.000,0
7,23,2017,18,0,,17.810,10.330,61.000,89238.930,0.000,1322.593,315.388,21.330,0.000,0.000,2559.600,0.000,0.000,-0.000,999,1.390,7.000,99,9999,99999,9,999999999,0.000,0.999,0,0,999,0.000,0
7,23,2017,19,0,,17.010,10.190,64.000,89238.930,0.000,1322.593,311.942,0.000,0.000,0.000,0.000,0.000,0.000,-0.000,999,0.560,7.000,99,9999,99999,9,999999999,0.000,0.999,0,0,999,0.000,0
7,23,2017,20,0,,16.220,10.050,66.000,89238.930,0.000,1322.593,307.822,0.000,0.000,0.000,0.000,0.000,0.000,-0.000,999,0.470,7.000,99,9999,99999,9,999999999,0.000,0.999,0,0,999,0.000,0
7,23,2017,21,0,,15.430,9.910,69.000,89238.930,0.000,1322.593,304.328,0.000,0.000,0.000,0.000,0.000,0.000,-0.000,999,0.210,7.000,99,9999,99999,9,999999999,0.000,0.999,0,0,999,0.000,0
7,23,2017,22,0,,14.640,9.770,72.000,89238.930,0.000,1322.593,300.771,0.000,0.000,0.000,0.000,0.000,0.000,-0.000,999,0.210,7.000,99,9999,99999,9,999999999,0.000,0.999,0,0,999,0.000,0
7,23,2017,23,0,,13.840,9.630,75.000,89238.930,0.000,1322.593,297.092,0.000,0.000,0.000,0.000,0.000,0.000,-0.000,999,0.210,7.000,99,9999,99999,9,999999999,0.000,0.999,0,0,999,0.000,0
7,23,2017,24,0,,13.050,10.140,80.000,89238.930,0.000,1322.593,294.498,0.000,0.000,0.000,0.000,0.000,0.000,-0.000,999,0.100,7.000,99,9999,99999,9,999999999,0.000,0.999,0,0,999,0.000,0
7,24,2017,1,0,,12.650,10.140,82.000,89238.930,0.000,1322.593,292.851,0.000,0.000,0.000,0.000,0.000,0.000,-0.000,999,0.100,8.000,99,9999,99999,9,999999999,0.000,0.999,0,0,999,0.000,0
7,24,2017,2,0,,12.260,10.140,84.000,89238.930,0.000,1322.593,291.250,0.000,0.000,0.000,0.000,0.000,0.000,-0.000,999,0.150,8.000,99,9999,99999,9,999999999,0.000,0.999,0,0,999,0.000,0
7,24,2017,3,0,,11.860,10.140,86.000,89238.930,0.000,1322.593,289.562,0.000,0.000,0.000,0.000,0.000,0.000,-0.000,999,0.260,8.000,99,9999,99999,9,999999999,0.000,0.999,0,0,999,0.000,0
7,24,2017,4,0,,11.470,10.140,88.000,89238.930,0.000,1322.830,287.922,0.000,0.000,0.000,0.000,0.000,0.000,-0.000,999,0.200,8.000,99,9999,99999,9,999999999,0.000,0.999,0,0,999,0.000,0
7,24,2017,5,0,,11.070,10.140,95.000,89238.930,0.000,1322.830,288.418,0.000,0.000,0.000,0.000,0.000,0.000,-0.000,999,0.250,8.000,99,9999,99999,9,999999999,0.020,0.999,0,0,999,0.020,99
7,24,2017,6,0,,10.760,10.140,93.000,89238.930,0.000,1322.830,285.493,0.000,0.000,0.000,0.000,0.000,0.000,-0.000,999,0.400,8.000,99,9999,99999,9,999999999,0.000,0.999,0,0,999,0.000,0
7,24,2017,7,0,,10.500,10.140,99.000,89238.930,27.393,1322.830,286.329,0.000,0.000,0.000,0.000,0.000,0.000,0.000,999,0.270,8.000,99,9999,99999,9,999999999,0.010,0.999,0,0,999,0.010,99
7,24,2017,8,0,,10.240,10.140,96.000,89238.930,311.016,1322.830,283.363,38.470,0.000,38.470,4616.400,0.000,4231.700,52.338,999,0.170,8.000,99,9999,99999,9,999999999,0.000,0.999,0,0,999,0.000,0
7,24,2017,9,0,,13.250,10.140,79.000,89238.930,569.084,1322.830,295.313,170.970,19.082,162.772,20516.400,1812.756,17904.874,120.591,999,0.280,8.000,99,9999,99999,9,999999999,0.000,0.999,0,0,999,0.000,0
7,24,2017,10,0,,15.060,10.140,71.000,89238.930,777.951,1322.830,303.033,294.700,23.729,280.753,35364.000,2254.302,30882.777,152.043,999,0.300,7.000,99,9999,99999,9,999999999,0.000,0.999,0,0,999,0.000,0
7,24,2017,11,0,,16.660,10.140,64.000,89238.930,923.028,1322.830,309.510,390.040,96.758,322.546,46804.800,9192.029,35480.075,147.186,999,0.690,7.000,99,9999,99999,9,999999999,0.000,0.999,0,0,999,0.000,0
7,24,2017,12,0,,17.950,10.140,59.000,89238.930,994.345,1322.830,314.869,448.650,118.341,359.716,53838.000,11242.390,39568.714,152.361,999,0.790,7.000,99,9999,99999,9,999999999,0.000,0.999,0,0,999,0.000,0
7,24,2017,13,0,,18.890,10.140,56.000,89238.930,987.015,1322.830,319.117,466.010,142.909,359.405,55921.200,13576.311,39534.590,153.362,999,1.100,7.000,99,9999,99999,9,999999999,0.000,0.999,0,0,999,0.000,0
7,24,2017,14,0,,19.470,10.140,54.000,89238.930,901.534,1322.830,321.559,440.830,177.100,320.174,52899.600,16824.464,35219.143,149.591,999,1.540,7.000,99,9999,99999,9,999999999,0.000,0.999,0,0,999,0.000,0
7,24,2017,15,0,,19.660,10.150,54.000,89238.930,743.756,1322.830,322.910,374.990,183.972,271.618,44998.800,17477.298,29878.014,153.872,999,1.810,7.000,99,9999,99999,9,999999999,0.000,0.999,0,0,999,0.000,0
7,24,2017,16,0,,19.360,10.140,55.000,89238.930,524.530,1322.830,321.622,273.620,293.142,157.564,32834.400,27848.505,17332.071,126.683,999,1.750,8.000,99,9999,99999,9,999999999,0.000,0.999,0,0,999,0.000,0
7,24,2017,17,0,,18.500,10.140,57.000,89238.930,259.302,1322.830,317.172,146.050,464.109,55.716,17526.000,44090.327,6128.756,91.117,999,1.130,8.000,99,9999,99999,9,999999999,0.000,0.999,0,0,999,0.000,0
7,24,2017,18,0,,17.240,10.140,62.000,89238.930,0.000,1322.830,312.130,18.740,0.000,0.000,2248.800,0.000,0.000,-0.000,999,0.910,8.000,99,9999,99999,9,999999999,0.000,0.999,0,0,999,0.000,0
7,24,2017,19,0,,16.490,10.140,65.000,89238.930,0.000,1322.830,309.017,0.000,0.000,0.000,0.000,0.000,0.000,-0.000,999,0.470,8.000,99,9999,99999,9,999999999,0.000,0.999,0,0,999,0.000,0
7,24,2017,20,0,,15.750,10.140,68.000,89238.930,0.000,1322.830,305.890,0.000,0.000,0.000,0.000,0.000,0.000,-0.000,999,0.410,8.000,99,9999,99999,9,999999999,0.000,0.999,0,0,999,0.000,0
7,24,2017,21,0,,15.000,10.140,76.000,89238.930,0.000,1322.830,305.580,0.000,0.000,0.000,0.000,0.000,0.000,-0.000,999,0.350,8.000,99,9999,99999,9,999999999,0.060,0.999,0,0,999,0.060,99
7,24,2017,22,0,,14.260,10.140,84.000,89238.930,0.000,1322.830,304.833,0.000,0.000,0.000,0.000,0.000,0.000,-0.000,999,0.290,8.000,99,9999,99999,9,999999999,1.910,0.999,0,0,999,1.910,99
7,24,2017,23,0,,13.510,10.140,78.000,89238.930,0.000,1322.830,296.527,0.000,0.000,0.000,0.000,0.000,0.000,-0.000,999,0.200,8.000,99,9999,99999,9,999999999,0.000,0.999,0,0,999,0.000,0
7,24,2017,24,0,,12.770,10.270,84.000,89238.930,0.000,1322.830,294.668,0.000,0.000,0.000,0.000,0.000,0.000,-0.000,999,0.260,8.000,99,9999,99999,9,999999999,0.000,0.999,0,0,999,0.000,0
7,25,2017,1,0,,12.400,10.240,86.000,89238.930,0.000,1322.830,293.169,0.000,0.000,0.000,0.000,0.000,0.000,-0.000,999,0.140,8.000,99,9999,99999,9,999999999,0.000,0.999,0,0,999,0.000,0
7,25,2017,2,0,,12.020,10.200,88.000,89238.930,0.000,1322.830,291.583,0.000,0.000,0.000,0.000,0.000,0.000,-0.000,999,0.130,8.000,99,9999,99999,9,999999999,0.000,0.999,0,0,999,0.000,0
7,25,2017,3,0,,11.650,10.170,90.000,89238.930,0.000,1322.830,290.046,0.000,0.000,0.000,0.000,0.000,0.000,-0.000,999,0.290,8.000,99,9999,99999,9,999999999,0.000,0.999,0,0,999,0.000,0
7,25,2017,4,0,,11.280,10.130,92.000,89238.930,0.000,1323.079,288.492,0.000,0.000,0.000,0.000,0.000,0.000,-0.000,999,0.270,8.000,99,9999,99999,9,999999999,0.000,0.999,0,0,999,0.000,0
7,25,2017,5,0,,10.910,10.100,94.000,89238.930,0.000,1323.079,286.922,0.000,0.000,0.000,0.000,0.000,0.000,-0.000,999,0.230,8.000,99,9999,99999,9,999999999,0.000,0.999,0,0,999,0.000,0
7,25,2017,6,0,,10.620,10.070,96.000,89238.930,0.000,1323.079,285.865,0.000,0.000,0.000,0.000,0.000,0.000,-0.000,999,0.320,8.000,99,9999,99999,9,999999999,0.000,0.999,0,0,999,0.000,0
7,25,2017,7,0,,10.370,10.050,97.000,89238.930,29.036,1323.079,284.638,0.000,0.000,0.000,0.000,0.000,0.000,0.000,999,0.460,8.000,99,9999,99999,9,999999999,0.000,0.999,0,0,999,0.000,0
7,25,2017,8,0,,10.130,10.030,99.000,89238.930,313.290,1323.079,283.887,63.580,0.000,63.580,7629.600,0.000,6993.800,85.882,999,0.700,8.000,99,9999,99999,9,999999999,0.000,0.999,0,0,999,0.000,0
7,25,2017,9,0,,14.500,10.430,76.000,89238.930,571.774,1323.079,302.144,286.000,248.170,178.889,34320.000,23576.137,19677.746,131.931,999,0.880,3.000,99,9999,99999,9,999999999,0.000,0.999,0,0,999,0.000,0
7,25,2017,10,0,,16.450,10.610,68.000,89238.930,780.979,1323.079,310.736,407.610,254.333,257.566,48913.200,24161.622,28332.279,138.971,999,1.690,5.000,99,9999,99999,9,999999999,0.000,0.999,0,0,999,0.000,0
7,25,2017,11,0,,18.080,10.760,62.000,89238.930,926.298,1323.079,318.026,512.670,260.653,330.240,61520.400,24762.048,36326.438,150.192,999,2.930,5.000,99,9999,99999,9,999999999,0.000,0.999,0,0,999,0.000,0
7,25,2017,12,0,,19.180,10.850,58.000,89238.930,997.745,1323.079,322.785,538.570,174.998,406.632,64628.400,16624.806,44729.515,171.678,999,3.270,6.000,99,9999,99999,9,999999999,0.000,0.999,0,0,999,0.000,0
7,25,2017,13,0,,19.520,10.880,57.000,89238.930,990.423,1323.079,324.411,441.100,102.030,364.741,52932.000,9692.805,40121.498,155.131,999,3.220,7.000,99,9999,99999,9,999999999,0.000,0.999,0,0,999,0.000,0
7,25,2017,14,0,,19.870,10.920,56.000,89238.930,904.830,1323.079,326.098,472.830,207.021,331.299,56739.600,19666.985,36442.933,154.253,999,3.110,7.000,99,9999,99999,9,999999999,0.000,0.999,0,0,999,0.000,0
7,25,2017,15,0,,20.260,10.950,55.000,89238.930,746.825,1323.079,328.062,515.730,544.758,208.429,61887.600,51751.991,22927.182,117.611,999,3.400,4.000,99,9999,99999,9,999999999,0.000,0.999,0,0,999,0.000,0
7,25,2017,16,0,,20.420,10.960,54.000,89238.930,527.273,1323.079,328.356,460.810,749.778,162.470,55297.200,71228.946,17871.652,129.970,999,2.730,0.000,99,9999,99999,9,999999999,0.000,0.999,0,0,999,0.000,0
7,25,2017,17,0,,19.490,10.880,57.000,89238.930,261.634,1323.079,324.196,193.190,628.255,69.815,23182.800,59684.215,7679.637,113.164,999,2.030,7.000,99,9999,99999,9,999999999,0.000,0.999,0,0,999,0.000,0
7,25,2017,18,0,,18.100,10.760,62.000,89238.930,0.000,1323.079,318.167,30.820,0.000,0.000,3698.400,0.000,0.000,-0.000,999,0.980,8.000,99,9999,99999,9,999999999,0.000,0.999,0,0,999,0.000,0
7,25,2017,19,0,,17.290,10.680,65.000,89238.930,0.000,1323.079,314.595,0.000,0.000,0.000,0.000,0.000,0.000,-0.000,999,0.450,8.000,99,9999,99999,9,999999999,0.000,0.999,0,0,999,0.000,0
7,25,2017,20,0,,16.470,10.610,68.000,89238.930,0.000,1323.079,310.876,0.000,0.000,0.000,0.000,0.000,0.000,-0.000,999,0.150,8.000,99,9999,99999,9,999999999,0.000,0.999,0,0,999,0.000,0
7,25,2017,21,0,,15.660,10.540,71.000,89238.930,0.000,1323.079,307.160,0.000,0.000,0.000,0.000,0.000,0.000,-0.000,999,0.130,8.000,99,9999,99999,9,999999999,0.000,0.999,0,0,999,0.000,0
7,25,2017,22,0,,14.840,10.460,75.000,89238.930,0.000,1323.079,303.901,0.000,0.000,0.000,0.000,0.000,0.000,-0.000,999,0.200,8.000,99,9999,99999,9,999999999,0.000,0.999,0,0,999,0.000,0
7,25,2017,23,0,,14.030,10.390,78.000,89238.930,0.000,1323.079,300.053,0.000,0.000,0.000,0.000,0.000,0.000,-0.000,999,0.130,8.000,99,9999,99999,9,999999999,0.000,0.999,0,0,999,0.000,0
7,25,2017,24,0,,13.210,9.370,77.000,89238.930,0.000,1323.079,293.965,0.000,0.000,0.000,0.000,0.000,0.000,-0.000,999,0.140,8.000,99,9999,99999,9,999999999,0.000,0.999,0,0,999,0.000,0
7,26,2017,1,0,,12.810,9.290,79.000,89238.930,0.000,1323.079,292.363,0.000,0.000,0.000,0.000,0.000,0.000,-0.000,999,0.150,8.000,99,9999,99999,9,999999999,0.000,0.999,0,0,999,0.000,0
7,26,2017,2,0,,12.400,9.210,80.000,89238.930,0.000,1323.079,290.156,0.000,0.000,0.000,0.000,0.000,0.000,-0.000,999,0.140,8.000,99,9999,99999,9,999999999,0.000,0.999,0,0,999,0.000,0
7,26,2017,3,0,,11.990,9.130,82.000,89238.930,0.000,1323.079,288.458,0.000,0.000,0.000,0.000,0.000,0.000,-0.000,999,0.140,8.000,99,9999,99999,9,999999999,0.000,0.999,0,0,999,0.000,0
7,26,2017,4,0,,11.580,9.050,84.000,89238.930,0.000,1323.340,286.739,0.000,0.000,0.000,0.000,0.000,0.000,-0.000,999,0.150,8.000,99,9999,99999,9,999999999,0.000,0.999,0,0,999,0.000,0
7,26,2017,5,0,,11.180,8.980,86.000,89238.930,0.000,1323.340,285.068,0.000,0.000,0.000,0.000,0.000,0.000,-0.000,999,0.140,8.000,99,9999,99999,9,999999999,0.000,0.999,0,0,999,0.000,0
7,26,2017,6,0,,10.860,8.910,87.000,89238.930,0.000,1323.340,283.440,0.000,0.000,0.000,0.000,0.000,0.000,-0.000,999,0.140,8.000,99,9999,99999,9,999999999,0.000,0.999,0,0,999,0.000,0
7,26,2017,7,0,,10.590,8.860,89.000,89238.930,30.775,1323.340,282.594,0.000,0.000,0.000,0.000,0.000,0.000,0.000,999,0.170,8.000,99,9999,99999,9,999999999,0.000,0.999,0,0,999,0.000,0
7,26,2017,8,0,,10.320,8.810,90.000,89238.930,315.668,1323.340,281.283,45.240,0.000,45.240,5428.800,0.000,4976.400,60.656,999,0.210,8.000,99,9999,99999,9,999999999,0.000,0.999,0,0,999,0.000,0
7,26,2017,9,0,,13.450,9.420,76.000,89238.930,574.568,1323.340,295.026,195.270,36.488,179.448,23432.400,3466.358,19739.228,131.723,999,0.180,7.000,99,9999,99999,9,999999999,0.000,0.999,0,0,999,0.000,0
7,26,2017,10,0,,15.310,9.770,69.000,89238.930,784.109,1323.340,303.506,334.900,84.349,284.949,40188.000,8013.137,31344.338,153.161,999,0.390,7.000,99,9999,99999,9,999999999,0.000,0.999,0,0,999,0.000,0
7,26,2017,11,0,,16.930,10.070,63.000,89238.930,929.662,1323.340,310.685,442.450,155.277,333.399,53094.000,14751.320,36673.878,151.109,999,1.140,6.000,99,9999,99999,9,999999999,0.000,0.999,0,0,999,0.000,0
7,26,2017,12,0,,18.250,10.310,59.000,89238.930,1001.228,1323.340,316.975,508.550,188.891,365.668,61026.000,17944.662,40223.471,153.876,999,1.380,6.000,99,9999,99999,9,999999999,0.000,0.999,0,0,999,0.000,0
7,26,2017,13,0,,19.220,10.490,56.000,89238.930,993.901,1323.340,321.455,528.150,226.740,357.894,63378.000,21540.309,39368.382,151.716,999,1.540,6.000,99,9999,99999,9,999999999,0.000,0.999,0,0,999,0.000,0
7,26,2017,14,0,,19.800,10.590,55.000,89238.930,908.180,1323.340,324.758,499.770,258.932,322.129,59972.400,24598.542,35434.206,149.459,999,1.240,6.000,99,9999,99999,9,999999999,0.000,0.999,0,0,999,0.000,0
7,26,2017,15,0,,20.000,10.630,54.000,89238.930,749.931,1323.340,325.338,425.530,326.956,240.360,51063.600,31060.799,26439.639,135.093,999,1.540,6.000,99,9999,99999,9,999999999,0.000,0.999,0,0,999,0.000,0
7,26,2017,16,0,,19.700,10.580,55.000,89238.930,530.037,1323.340,324.043,311.200,432.994,138.037,37344.000,41134.469,15184.088,109.869,999,1.920,7.000,99,9999,99999,9,999999999,0.000,0.999,0,0,999,0.000,0
7,26,2017,17,0,,18.820,10.420,58.000,89238.930,263.974,1323.340,320.224,167.230,542.498,59.751,20067.600,51537.276,6572.623,96.000,999,1.000,8.000,99,9999,99999,9,999999999,0.000,0.999,0,0,999,0.000,0
7,26,2017,18,0,,17.530,10.180,62.000,89238.930,0.000,1323.340,314.156,22.660,0.000,0.000,2719.200,0.000,0.000,-0.000,999,1.050,8.000,99,9999,99999,9,999999999,0.000,0.999,0,0,999,0.000,0
7,26,2017,19,0,,16.780,10.050,64.000,89238.930,0.000,1323.340,310.342,0.000,0.000,0.000,0.000,0.000,0.000,-0.000,999,0.250,8.000,99,9999,99999,9,999999999,0.000,0.999,0,0,999,0.000,0
7,26,2017,20,0,,16.040,9.910,66.000,89238.930,0.000,1323.340,306.580,0.000,0.000,0.000,0.000,0.000,0.000,-0.000,999,0.350,8.000,99,9999,99999,9,999999999,0.000,0.999,0,0,999,0.000,0
7,26,2017,21,0,,15.290,9.770,69.000,89238.930,0.000,1323.340,303.369,0.000,0.000,0.000,0.000,0.000,0.000,-0.000,999,0.170,8.000,99,9999,99999,9,999999999,0.000,0.999,0,0,999,0.000,0
7,26,2017,22,0,,14.540,9.630,72.000,89238.930,0.000,1323.340,300.091,0.000,0.000,0.000,0.000,0.000,0.000,-0.000,999,0.210,8.000,99,9999,99999,9,999999999,0.000,0.999,0,0,999,0.000,0
7,26,2017,23,0,,13.800,9.480,75.000,89238.930,0.000,1323.340,296.822,0.000,0.000,0.000,0.000,0.000,0.000,-0.000,999,0.140,8.000,99,9999,99999,9,999999999,0.000,0.999,0,0,999,0.000,0
7,26,2017,24,0,,13.050,9.430,78.000,89238.930,0.000,1323.340,293.435,0.000,0.000,0.000,0.000,0.000,0.000,-0.000,999,0.220,8.000,99,9999,99999,9,999999999,0.000,0.999,0,0,999,0.000,0
7,27,2017,1,0,,12.680,9.380,80.000,89238.930,0.000,1323.340,292.020,0.000,0.000,0.000,0.000,0.000,0.000,-0.000,999,0.220,8.000,99,9999,99999,9,999999999,0.000,0.999,0,0,999,0.000,0
7,27,2017,2,0,,12.310,9.330,81.000,89238.930,0.000,1323.340,290.073,0.000,0.000,0.000,0.000,0.000,0.000,-0.000,999,0.220,8.000,99,9999,99999,9,999999999,0.000,0.999,0,0,999,0.000,0
7,27,2017,3,0,,11.940,9.270,83.000,89238.930,0.000,1323.340,288.626,0.000,0.000,0.000,0.000,0.000,0.000,-0.000,999,0.220,8.000,99,9999,99999,9,999999999,0.000,0.999,0,0,999,0.000,0
7,27,2017,4,0,,11.560,9.220,85.000,89238.930,0.000,1323.613,287.092,0.000,0.000,0.000,0.000,0.000,0.000,-0.000,999,0.220,8.000,99,9999,99999,9,999999999,0.000,0.999,0,0,999,0.000,0
7,27,2017,5,0,,11.190,9.170,87.000,89238.930,0.000,1323.613,285.605,0.000,0.000,0.000,0.000,0.000,0.000,-0.000,999,0.220,8.000,99,9999,99999,9,999999999,0.000,0.999,0,0,999,0.000,0
7,27,2017,6,0,,10.900,9.130,88.000,89238.930,0.000,1323.613,284.165,0.000,0.000,0.000,0.000,0.000,0.000,-0.000,999,0.220,8.000,99,9999,99999,9,999999999,0.000,0.999,0,0,999,0.000,0
7,27,2017,7,0,,10.660,9.090,90.000,89238.930,32.611,1323.613,283.503,0.000,0.000,0.000,0.000,0.000,0.000,0.000,999,0.220,8.000,99,9999,99999,9,999999999,0.000,0.999,0,0,999,0.000,0
7,27,2017,8,0,,10.410,9.050,91.000,89238.930,318.149,1323.613,282.315,65.050,0.000,65.050,7806.000,0.000,7155.500,86.547,999,0.220,8.000,99,9999,99999,9,999999999,0.000,0.999,0,0,999,0.000,0
7,27,2017,9,0,,14.330,9.610,73.000,89238.930,577.466,1323.613,299.256,269.200,189.842,186.478,32304.000,18035.008,20512.622,136.224,999,0.220,4.000,99,9999,99999,9,999999999,0.000,0.999,0,0,999,0.000,0
7,27,2017,10,0,,16.370,9.890,65.000,89238.930,787.337,1323.613,308.187,427.250,270.779,266.266,51270.000,25724.006,29289.279,142.560,999,0.220,4.000,99,9999,99999,9,999999999,0.000,0.999,0,0,999,0.000,0
7,27,2017,11,0,,17.740,10.070,60.000,89238.930,933.118,1323.613,314.154,487.970,163.290,372.888,58556.400,15512.538,41017.735,168.416,999,0.220,5.000,99,9999,99999,9,999999999,0.000,0.999,0,0,999,0.000,0
7,27,2017,12,0,,19.060,10.250,56.000,89238.930,1004.791,1323.613,320.320,593.160,311.176,356.989,71179.200,29561.702,39268.789,149.722,999,0.260,4.000,99,9999,99999,9,999999999,0.000,0.999,0,0,999,0.000,0
7,27,2017,13,0,,19.690,10.340,54.000,89238.930,997.446,1323.613,323.124,528.280,162.729,405.678,63393.600,15459.296,44624.594,171.396,999,1.100,6.000,99,9999,99999,9,999999999,0.000,0.999,0,0,999,0.000,0
7,27,2017,14,0,,20.050,10.380,53.000,89238.930,911.580,1323.613,324.827,502.080,257.404,324.862,60249.600,24453.365,35734.832,150.195,999,1.490,6.000,99,9999,99999,9,999999999,0.000,0.999,0,0,999,0.000,0
7,27,2017,15,0,,20.150,10.400,53.000,89238.930,753.073,1323.613,325.543,445.870,365.990,237.767,53504.400,34769.036,26154.342,133.104,999,2.080,6.000,99,9999,99999,9,999999999,0.000,0.999,0,0,999,0.000,0
7,27,2017,16,0,,20.000,10.380,53.000,89238.930,532.821,1323.613,324.470,381.800,575.734,150.387,45816.000,54694.707,16542.577,119.095,999,1.870,5.000,99,9999,99999,9,999999999,0.000,0.999,0,0,999,0.000,0
7,27,2017,17,0,,19.140,10.260,56.000,89238.930,266.320,1323.613,320.887,194.900,557.708,83.435,23388.000,52982.261,9177.902,132.883,999,1.370,7.000,99,9999,99999,9,999999999,0.000,0.999,0,0,999,0.000,0
7,27,2017,18,0,,17.860,10.090,60.000,89238.930,0.000,1323.613,314.994,35.660,0.000,0.000,4279.200,0.000,0.000,-0.000,999,0.720,8.000,99,9999,99999,9,999999999,0.000,0.999,0,0,999,0.000,0
7,27,2017,19,0,,17.300,10.020,62.000,89238.930,0.000,1323.613,312.549,0.000,0.000,0.000,0.000,0.000,0.000,-0.000,999,0.880,8.000,99,9999,99999,9,999999999,0.000,0.999,0,0,999,0.000,0
7,27,2017,20,0,,16.740,9.940,64.000,89238.930,0.000,1323.613,310.064,0.000,0.000,0.000,0.000,0.000,0.000,-0.000,999,0.660,8.000,99,9999,99999,9,999999999,0.000,0.999,0,0,999,0.000,0
7,27,2017,21,0,,16.190,9.860,66.000,89238.930,0.000,1323.613,307.615,0.000,0.000,0.000,0.000,0.000,0.000,-0.000,999,0.440,8.000,99,9999,99999,9,999999999,0.000,0.999,0,0,999,0.000,0
7,27,2017,22,0,,15.630,9.790,68.000,89238.930,0.000,1323.613,305.065,0.000,0.000,0.000,0.000,0.000,0.000,-0.000,999,0.220,8.000,99,9999,99999,9,999999999,0.000,0.999,0,0,999,0.000,0
7,27,2017,23,0,,15.080,9.710,70.000,89238.930,0.000,1323.613,302.557,0.000,0.000,0.000,0.000,0.000,0.000,-0.000,999,0.220,8.000,99,9999,99999,9,999999999,0.000,0.999,0,0,999,0.000,0
7,27,2017,24,0,,14.520,11.620,79.000,89238.930,0.000,1323.613,303.957,0.000,0.000,0.000,0.000,0.000,0.000,-0.000,999,0.390,8.000,99,9999,99999,9,999999999,0.000,0.999,0,0,999,0.000,0
7,28,2017,1,0,,14.240,11.590,80.000,89238.930,0.000,1323.613,302.578,0.000,0.000,0.000,0.000,0.000,0.000,-0.000,999,0.390,8.000,99,9999,99999,9,999999999,0.000,0.999,0,0,999,0.000,0
7,28,2017,2,0,,13.960,11.570,82.000,89238.930,0.000,1323.613,301.724,0.000,0.000,0.000,0.000,0.000,0.000,-0.000,999,0.390,8.000,99,9999,99999,9,999999999,0.000,0.999,0,0,999,0.000,0
7,28,2017,3,0,,13.690,11.540,83.000,89238.930,0.000,1323.613,300.398,0.000,0.000,0.000,0.000,0.000,0.000,-0.000,999,0.390,8.000,99,9999,99999,9,999999999,0.000,0.999,0,0,999,0.000,0
7,28,2017,4,0,,13.410,11.510,92.000,89238.930,0.000,1323.898,302.913,0.000,0.000,0.000,0.000,0.000,0.000,-0.000,999,0.390,8.000,99,9999,99999,9,999999999,1.910,0.999,0,0,999,1.910,99
7,28,2017,5,0,,13.130,11.490,89.000,89238.930,0.000,1323.898,299.564,0.000,0.000,0.000,0.000,0.000,0.000,-0.000,999,0.390,8.000,99,9999,99999,9,999999999,0.010,0.999,0,0,999,0.010,99
7,28,2017,6,0,,12.910,11.460,90.000,89238.930,0.000,1323.898,298.540,0.000,0.000,0.000,0.000,0.000,0.000,-0.000,999,0.390,8.000,99,9999,99999,9,999999999,0.020,0.999,0,0,999,0.020,99
7,28,2017,7,0,,12.730,11.450,91.000,89238.930,34.544,1323.898,297.785,0.000,0.000,0.000,0.000,0.000,0.000,0.000,999,0.390,8.000,99,9999,99999,9,999999999,0.060,0.999,0,0,999,0.060,99
7,28,2017,8,0,,12.550,11.430,88.000,89238.930,320.733,1323.898,295.145,39.160,0.000,39.160,4699.200,0.000,4307.600,51.689,999,0.390,8.000,99,9999,99999,9,999999999,0.000,0.999,0,0,999,0.000,0
7,28,2017,9,0,,14.800,11.650,78.000,89238.930,580.467,1323.898,305.333,163.910,12.190,158.572,19669.200,1158.065,17442.891,115.262,999,0.390,8.000,99,9999,99999,9,999999999,0.000,0.999,0,0,999,0.000,0
7,28,2017,10,0,,16.110,11.780,73.000,89238.930,790.665,1323.898,311.517,279.610,58.141,244.905,33553.200,5523.374,26939.579,130.599,999,0.390,8.000,99,9999,99999,9,999999999,0.000,0.999,0,0,999,0.000,0
7,28,2017,11,0,,17.270,11.890,69.000,89238.930,936.663,1323.898,317.149,368.680,59.903,326.311,44241.600,5690.809,35894.170,146.852,999,0.390,8.000,99,9999,99999,9,999999999,0.000,0.999,0,0,999,0.000,0
7,28,2017,12,0,,18.200,11.980,66.000,89238.930,1008.432,1323.898,321.736,423.410,68.425,371.301,50809.200,6500.377,40843.084,155.194,999,1.020,8.000,99,9999,99999,9,999999999,0.000,0.999,0,0,999,0.000,0
7,28,2017,13,0,,18.520,12.010,65.000,89238.930,1001.054,1323.898,323.323,341.760,43.466,308.901,41011.200,4129.258,33979.098,130.065,999,1.160,8.000,99,9999,99999,9,999999999,0.000,0.999,0,0,999,0.000,0
7,28,2017,14,0,,18.720,12.030,64.000,89238.930,915.030,1323.898,324.041,333.160,59.221,292.241,39979.200,5626.034,32146.562,134.633,999,1.270,8.000,99,9999,99999,9,999999999,0.000,0.999,0,0,999,0.000,0
7,28,2017,15,0,,18.870,12.040,64.000,89238.930,756.247,1323.898,325.119,330.820,107.374,269.522,39698.400,10200.486,29647.462,150.279,999,1.650,8.000,99,9999,99999,9,999999999,0.000,0.999,0,0,999,0.000,0
7,28,2017,16,0,,18.510,12.010,65.000,89238.930,535.623,1323.898,323.251,199.600,64.893,173.385,23952.000,6164.837,19072.309,136.616,999,1.300,8.000,99,9999,99999,9,999999999,0.000,0.999,0,0,999,0.000,0
7,28,2017,17,0,,18.570,12.010,65.000,89238.930,268.671,1323.898,323.682,291.630,364.768,218.091,34995.600,34652.945,23989.980,344.338,999,0.560,0.000,99,9999,99999,9,999999999,0.000,0.999,0,0,999,0.000,0
7,28,2017,18,0,,17.720,11.930,68.000,89238.930,0.000,1323.898,319.679,29.240,0.000,0.000,3508.800,0.000,0.000,-0.000,999,0.390,8.000,99,9999,99999,9,999999999,0.000,0.999,0,0,999,0.000,0
7,28,2017,19,0,,17.050,11.870,70.000,89238.930,0.000,1323.898,316.244,0.000,0.000,0.000,0.000,0.000,0.000,-0.000,999,0.390,8.000,99,9999,99999,9,999999999,0.000,0.999,0,0,999,0.000,0
7,28,2017,20,0,,16.370,11.800,72.000,89238.930,0.000,1323.898,312.723,0.000,0.000,0.000,0.000,0.000,0.000,-0.000,999,0.390,8.000,99,9999,99999,9,999999999,0.000,0.999,0,0,999,0.000,0
7,28,2017,21,0,,15.700,11.740,75.000,89238.930,0.000,1323.898,309.853,0.000,0.000,0.000,0.000,0.000,0.000,-0.000,999,0.390,8.000,99,9999,99999,9,999999999,0.000,0.999,0,0,999,0.000,0
7,28,2017,22,0,,15.030,11.670,77.000,89238.930,0.000,1323.898,306.358,0.000,0.000,0.000,0.000,0.000,0.000,-0.000,999,0.390,8.000,99,9999,99999,9,999999999,0.000,0.999,0,0,999,0.000,0
7,28,2017,23,0,,14.350,11.610,80.000,89238.930,0.000,1323.898,303.334,0.000,0.000,0.000,0.000,0.000,0.000,-0.000,999,0.390,8.000,99,9999,99999,9,999999999,0.000,0.999,0,0,999,0.000,0
7,28,2017,24,0,,13.680,10.390,80.000,89238.930,0.000,1323.898,298.755,0.000,0.000,0.000,0.000,0.000,0.000,-0.000,999,0.080,8.000,99,9999,99999,9,999999999,0.000,0.999,0,0,999,0.000,0
7,29,2017,1,0,,13.340,10.350,82.000,89238.930,0.000,1323.898,297.499,0.000,0.000,0.000,0.000,0.000,0.000,-0.000,999,0.080,8.000,99,9999,99999,9,999999999,0.000,0.999,0,0,999,0.000,0
7,29,2017,2,0,,13.010,10.310,83.000,89238.930,0.000,1323.898,295.781,0.000,0.000,0.000,0.000,0.000,0.000,-0.000,999,0.080,8.000,99,9999,99999,9,999999999,0.000,0.999,0,0,999,0.000,0
7,29,2017,3,0,,12.670,10.260,85.000,89238.930,0.000,1323.898,294.493,0.000,0.000,0.000,0.000,0.000,0.000,-0.000,999,0.080,8.000,99,9999,99999,9,999999999,0.000,0.999,0,0,999,0.000,0
7,29,2017,4,0,,12.330,10.220,86.000,89238.930,0.000,1324.195,292.699,0.000,0.000,0.000,0.000,0.000,0.000,-0.000,999,0.080,8.000,99,9999,99999,9,999999999,0.000,0.999,0,0,999,0.000,0
7,29,2017,5,0,,12.000,10.180,88.000,89238.930,0.000,1324.195,291.449,0.000,0.000,0.000,0.000,0.000,0.000,-0.000,999,0.080,8.000,99,9999,99999,9,999999999,0.000,0.999,0,0,999,0.000,0
7,29,2017,6,0,,11.740,10.140,89.000,89238.930,0.000,1324.195,290.183,0.000,0.000,0.000,0.000,0.000,0.000,-0.000,999,0.080,8.000,99,9999,99999,9,999999999,0.000,0.999,0,0,999,0.000,0
7,29,2017,7,0,,11.510,10.110,91.000,89238.930,36.576,1324.195,289.570,0.000,0.000,0.000,0.000,0.000,0.000,0.000,999,0.110,8.000,99,9999,99999,9,999999999,0.000,0.999,0,0,999,0.000,0
7,29,2017,8,0,,11.290,10.090,92.000,89238.930,323.420,1324.195,288.558,48.010,0.000,48.010,5761.200,0.000,5281.100,62.853,999,0.170,8.000,99,9999,99999,9,999999999,0.000,0.999,0,0,999,0.000,0
7,29,2017,9,0,,13.340,10.350,82.000,89238.930,583.570,1324.195,297.499,125.520,0.000,125.520,15062.400,0.000,13807.200,90.771,999,0.330,8.000,99,9999,99999,9,999999999,0.000,0.999,0,0,999,0.000,0
7,29,2017,10,0,,13.760,10.400,80.000,89238.930,794.089,1324.195,299.299,140.820,0.260,140.664,16898.400,24.678,15473.074,74.704,999,0.390,8.000,99,9999,99999,9,999999999,0.000,0.999,0,0,999,0.000,0
7,29,2017,11,0,,16.650,10.760,68.000,89238.930,940.297,1324.195,312.132,594.990,407.443,305.753,71398.800,38707.044,33632.830,137.099,999,0.770,2.000,99,9999,99999,9,999999999,0.000,0.999,0,0,999,0.000,0
7,29,2017,12,0,,18.910,11.040,60.000,89238.930,1012.150,1324.195,322.421,705.130,467.122,348.160,84615.600,44376.594,38297.546,145.020,999,1.170,0.000,99,9999,99999,9,999999999,0.000,0.999,0,0,999,0.000,0
7,29,2017,13,0,,19.100,11.060,59.000,89238.930,1004.725,1324.195,323.002,372.660,66.082,322.531,44719.200,6277.798,35478.464,135.338,999,1.830,8.000,99,9999,99999,9,999999999,0.000,0.999,0,0,999,0.000,0
7,29,2017,14,0,,19.670,11.130,57.000,89238.930,918.526,1324.195,325.486,499.890,233.287,338.122,59986.800,22162.274,37193.423,155.211,999,1.900,6.000,99,9999,99999,9,999999999,0.000,0.999,0,0,999,0.000,0
7,29,2017,15,0,,19.880,11.160,57.000,89238.930,759.453,1324.195,326.995,426.190,333.348,235.122,51142.800,31668.097,25863.455,130.574,999,1.930,7.000,99,9999,99999,9,999999999,0.000,0.999,0,0,999,0.000,0
7,29,2017,16,0,,19.650,11.130,57.000,89238.930,538.441,1324.195,325.342,312.690,412.346,145.269,37522.800,39172.901,15979.622,113.888,999,1.700,7.000,99,9999,99999,9,999999999,0.000,0.999,0,0,999,0.000,0
7,29,2017,17,0,,18.890,11.040,60.000,89238.930,271.025,1324.195,322.278,169.650,546.373,58.546,20358.000,51905.405,6440.020,91.644,999,1.220,8.000,99,9999,99999,9,999999999,0.000,0.999,0,0,999,0.000,0
7,29,2017,18,0,,17.750,10.900,64.000,89238.930,0.000,1324.195,317.135,24.800,0.000,0.000,2976.000,0.000,0.000,-0.000,999,0.790,8.000,99,9999,99999,9,999999999,0.000,0.999,0,0,999,0.000,0
7,29,2017,19,0,,17.010,10.810,66.000,89238.930,0.000,1324.195,313.317,0.000,0.000,0.000,0.000,0.000,0.000,-0.000,999,0.320,8.000,99,9999,99999,9,999999999,0.000,0.999,0,0,999,0.000,0
7,29,2017,20,0,,16.280,10.720,69.000,89238.930,0.000,1324.195,310.200,0.000,0.000,0.000,0.000,0.000,0.000,-0.000,999,0.240,8.000,99,9999,99999,9,999999999,0.000,0.999,0,0,999,0.000,0
7,29,2017,21,0,,15.550,10.620,72.000,89238.930,0.000,1324.195,307.013,0.000,0.000,0.000,0.000,0.000,0.000,-0.000,999,0.220,8.000,99,9999,99999,9,999999999,0.000,0.999,0,0,999,0.000,0
7,29,2017,22,0,,14.820,10.530,75.000,89238.930,0.000,1324.195,303.764,0.000,0.000,0.000,0.000,0.000,0.000,-0.000,999,0.160,8.000,99,9999,99999,9,999999999,0.000,0.999,0,0,999,0.000,0
7,29,2017,23,0,,14.090,10.440,78.000,89238.930,0.000,1324.195,300.462,0.000,0.000,0.000,0.000,0.000,0.000,-0.000,999,0.080,8.000,99,9999,99999,9,999999999,0.000,0.999,0,0,999,0.000,0
7,29,2017,24,0,,13.360,9.920,79.000,89238.930,0.000,1324.195,296.054,0.000,0.000,0.000,0.000,0.000,0.000,-0.000,999,0.490,8.000,99,9999,99999,9,999999999,0.000,0.999,0,0,999,0.000,0
7,30,2017,1,0,,12.990,9.830,81.000,89238.930,0.000,1324.195,294.618,0.000,0.000,0.000,0.000,0.000,0.000,-0.000,999,0.360,8.000,99,9999,99999,9,999999999,0.000,0.999,0,0,999,0.000,0
7,30,2017,2,0,,12.630,9.740,82.000,89238.930,0.000,1324.195,292.717,0.000,0.000,0.000,0.000,0.000,0.000,-0.000,999,0.360,8.000,99,9999,99999,9,999999999,0.000,0.999,0,0,999,0.000,0
7,30,2017,3,0,,12.260,9.650,84.000,89238.930,0.000,1324.195,291.250,0.000,0.000,0.000,0.000,0.000,0.000,-0.000,999,0.360,8.000,99,9999,99999,9,999999999,0.000,0.999,0,0,999,0.000,0
7,30,2017,4,0,,11.900,9.560,85.000,89238.930,0.000,1324.504,289.344,0.000,0.000,0.000,0.000,0.000,0.000,-0.000,999,0.360,8.000,99,9999,99999,9,999999999,0.000,0.999,0,0,999,0.000,0
7,30,2017,5,0,,11.530,9.460,87.000,89238.930,0.000,1324.504,287.849,0.000,0.000,0.000,0.000,0.000,0.000,-0.000,999,0.360,8.000,99,9999,99999,9,999999999,0.000,0.999,0,0,999,0.000,0
7,30,2017,6,0,,11.250,9.390,88.000,89238.930,0.000,1324.504,286.467,0.000,0.000,0.000,0.000,0.000,0.000,-0.000,999,0.360,8.000,99,9999,99999,9,999999999,0.000,0.999,0,0,999,0.000,0
7,30,2017,7,0,,11.010,9.330,89.000,89238.930,38.706,1324.504,285.347,0.000,0.000,0.000,0.000,0.000,0.000,0.000,999,0.360,8.000,99,9999,99999,9,999999999,0.000,0.999,0,0,999,0.000,0
7,30,2017,8,0,,10.770,9.270,90.000,89238.930,326.209,1324.504,284.225,52.140,0.000,52.140,6256.800,0.000,5735.400,67.687,999,0.360,8.000,99,9999,99999,9,999999999,0.000,0.999,0,0,999,0.000,0
7,30,2017,9,0,,13.880,10.050,77.000,89238.930,586.773,1324.504,298.482,211.370,47.395,190.398,25364.400,4502.523,20943.833,136.967,999,0.360,7.000,99,9999,99999,9,999999999,0.000,0.999,0,0,999,0.000,0
7,30,2017,10,0,,15.660,10.480,71.000,89238.930,797.608,1324.504,307.160,358.520,102.376,296.902,43022.400,9725.735,32659.168,157.018,999,0.850,6.000,99,9999,99999,9,999999999,0.000,0.999,0,0,999,0.000,0
7,30,2017,11,0,,17.220,10.850,66.000,89238.930,944.016,1324.504,314.790,471.720,186.176,339.064,56606.400,17686.721,37297.060,151.471,999,1.640,6.000,99,9999,99999,9,999999999,0.000,0.999,0,0,999,0.000,0
7,30,2017,12,0,,18.480,11.140,62.000,89238.930,1015.941,1324.504,320.863,541.260,291.907,317.403,64951.200,27731.150,34914.350,131.745,999,1.240,6.000,99,9999,99999,9,999999999,0.000,0.999,0,0,999,0.000,0
7,30,2017,13,0,,19.410,11.360,59.000,89238.930,1008.455,1324.504,325.222,561.820,260.697,363.372,67418.400,24766.261,39970.874,151.946,999,2.700,6.000,99,9999,99999,9,999999999,0.000,0.999,0,0,999,0.000,0
7,30,2017,14,0,,19.960,11.480,58.000,89238.930,922.066,1324.504,328.387,531.880,317.514,310.909,63825.600,30163.784,34199.989,142.204,999,2.850,6.000,99,9999,99999,9,999999999,0.000,0.999,0,0,999,0.000,0
7,30,2017,15,0,,20.150,11.520,57.000,89238.930,762.687,1324.504,328.944,453.650,383.045,233.212,54438.000,36389.321,25653.322,128.993,999,1.600,6.000,99,9999,99999,9,999999999,0.000,0.999,0,0,999,0.000,0
7,30,2017,16,0,,19.870,11.460,58.000,89238.930,541.273,1324.504,327.736,333.180,501.653,128.472,39981.600,47657.062,14131.908,100.214,999,1.360,6.000,99,9999,99999,9,999999999,0.000,0.999,0,0,999,0.000,0
7,30,2017,17,0,,19.030,11.270,60.000,89238.930,273.380,1324.504,323.278,181.330,577.031,62.986,21759.600,54817.961,6928.492,97.758,999,1.020,7.000,99,9999,99999,9,999999999,0.000,0.999,0,0,999,0.000,0
7,30,2017,18,0,,17.780,10.980,64.000,89238.930,0.000,1324.504,317.346,27.150,0.000,0.000,3258.000,0.000,0.000,-0.000,999,0.360,8.000,99,9999,99999,9,999999999,0.000,0.999,0,0,999,0.000,0
7,30,2017,19,0,,16.970,10.790,66.000,89238.930,0.000,1324.504,313.037,0.000,0.000,0.000,0.000,0.000,0.000,-0.000,999,0.360,8.000,99,9999,99999,9,999999999,0.000,0.999,0,0,999,0.000,0
7,30,2017,20,0,,16.160,10.600,69.000,89238.930,0.000,1324.504,309.366,0.000,0.000,0.000,0.000,0.000,0.000,-0.000,999,0.360,8.000,99,9999,99999,9,999999999,0.000,0.999,0,0,999,0.000,0
7,30,2017,21,0,,15.350,10.410,72.000,89238.930,0.000,1324.504,305.633,0.000,0.000,0.000,0.000,0.000,0.000,-0.000,999,0.360,8.000,99,9999,99999,9,999999999,0.000,0.999,0,0,999,0.000,0
7,30,2017,22,0,,14.540,10.210,75.000,89238.930,0.000,1324.504,301.846,0.000,0.000,0.000,0.000,0.000,0.000,-0.000,999,0.360,8.000,99,9999,99999,9,999999999,0.000,0.999,0,0,999,0.000,0
7,30,2017,23,0,,13.730,10.010,78.000,89238.930,0.000,1324.504,298.015,0.000,0.000,0.000,0.000,0.000,0.000,-0.000,999,0.360,8.000,99,9999,99999,9,999999999,0.000,0.999,0,0,999,0.000,0
7,30,2017,24,0,,12.930,8.580,74.000,89238.930,0.000,1324.504,290.440,0.000,0.000,0.000,0.000,0.000,0.000,-0.000,999,0.180,8.000,99,9999,99999,9,999999999,0.000,0.999,0,0,999,0.000,0
7,31,2017,1,0,,12.520,8.530,76.000,89238.930,0.000,1324.504,288.829,0.000,0.000,0.000,0.000,0.000,0.000,-0.000,999,0.180,8.000,99,9999,99999,9,999999999,0.000,0.999,0,0,999,0.000,0
7,31,2017,2,0,,12.120,8.490,78.000,89238.930,0.000,1324.504,287.259,0.000,0.000,0.000,0.000,0.000,0.000,-0.000,999,0.180,8.000,99,9999,99999,9,999999999,0.000,0.999,0,0,999,0.000,0
7,31,2017,3,0,,11.710,8.440,80.000,89238.930,0.000,1324.504,285.600,0.000,0.000,0.000,0.000,0.000,0.000,-0.000,999,0.180,8.000,99,9999,99999,9,999999999,0.000,0.999,0,0,999,0.000,0
7,31,2017,4,0,,11.310,8.390,82.000,89238.930,0.000,1324.825,283.984,0.000,0.000,0.000,0.000,0.000,0.000,-0.000,999,0.180,8.000,99,9999,99999,9,999999999,0.000,0.999,0,0,999,0.000,0
7,31,2017,5,0,,10.910,8.340,84.000,89238.930,0.000,1324.825,282.348,0.000,0.000,0.000,0.000,0.000,0.000,-0.000,999,0.180,8.000,99,9999,99999,9,999999999,0.000,0.999,0,0,999,0.000,0
7,31,2017,6,0,,10.590,8.300,85.000,89238.930,0.000,1324.825,280.743,0.000,0.000,0.000,0.000,0.000,0.000,-0.000,999,0.180,8.000,99,9999,99999,9,999999999,0.000,0.999,0,0,999,0.000,0
7,31,2017,7,0,,10.330,8.270,87.000,89238.930,40.936,1324.825,279.989,0.000,0.000,0.000,0.000,0.000,0.000,0.000,999,0.180,8.000,99,9999,99999,9,999999999,0.000,0.999,0,0,999,0.000,0
7,31,2017,8,0,,10.060,8.240,88.000,89238.930,329.099,1324.825,278.698,58.020,0.000,58.020,6962.400,0.000,6382.200,74.671,999,0.180,8.000,99,9999,99999,9,999999999,0.000,0.999,0,0,999,0.000,0
7,31,2017,9,0,,13.610,8.660,71.000,89238.930,590.075,1324.825,293.237,231.380,85.816,193.203,27765.600,8152.567,21252.276,138.238,999,0.180,6.000,99,9999,99999,9,999999999,0.000,0.999,0,0,999,0.000,0
7,31,2017,10,0,,15.620,8.900,64.000,89238.930,801.220,1324.825,302.366,391.260,141.405,305.785,46951.200,13433.468,33636.394,161.025,999,0.180,5.000,99,9999,99999,9,999999999,0.000,0.999,0,0,999,0.000,0
7,31,2017,11,0,,17.380,9.100,58.000,89238.930,947.820,1324.825,310.138,514.230,186.116,381.114,61707.600,17681.011,41922.578,169.613,999,0.370,5.000,99,9999,99999,9,999999999,0.000,0.999,0,0,999,0.000,0
7,31,2017,12,0,,18.810,9.260,53.000,89238.930,1019.805,1324.825,316.057,589.750,273.447,379.302,70770.000,25977.460,41723.270,156.879,999,0.530,5.000,99,9999,99999,9,999999999,0.000,0.999,0,0,999,0.000,0
7,31,2017,13,0,,19.850,9.380,50.000,89238.930,1012.243,1324.825,320.719,612.040,337.795,353.999,73444.800,32090.526,38939.900,147.508,999,1.280,5.000,99,9999,99999,9,999999999,0.000,0.999,0,0,999,0.000,0
7,31,2017,14,0,,20.480,9.450,49.000,89238.930,925.648,1324.825,324.257,579.460,430.528,278.745,69535.200,40900.149,30661.954,127.029,999,1.070,5.000,99,9999,99999,9,999999999,0.000,0.999,0,0,999,0.000,0
7,31,2017,15,0,,20.690,9.470,48.000,89238.930,765.947,1324.825,324.796,494.430,531.901,187.091,59331.600,50530.561,20580.052,103.066,999,1.880,5.000,99,9999,99999,9,999999999,0.000,0.999,0,0,999,0.000,0
7,31,2017,16,0,,20.370,9.430,49.000,89238.930,544.117,1324.825,323.474,363.500,619.575,109.401,43620.000,58859.615,12034.081,84.910,999,1.780,6.000,99,9999,99999,9,999999999,0.000,0.999,0,0,999,0.000,0
7,31,2017,17,0,,19.420,9.330,52.000,89238.930,275.735,1324.825,319.478,198.430,566.868,81.185,23811.600,53852.427,8930.357,124.944,999,1.360,7.000,99,9999,99999,9,999999999,0.000,0.999,0,0,999,0.000,0
7,31,2017,18,0,,18.236,9.194,55.600,89238.930,0.000,1324.825,314.201,118.466,0.000,0.000,14215.920,0.000,0.000,-0.000,999,1.042,7.400,99,9999,99999,9,999999999,0.000,0.999,0,0,999,0.000,0
7,31,2017,19,0,,17.238,9.082,58.800,89238.930,0.000,1324.825,309.762,45.766,0.000,0.000,5491.920,0.000,0.000,-0.000,999,0.780,7.800,99,9999,99999,9,999999999,0.000,0.999,0,0,999,0.000,0
7,31,2017,20,0,,16.254,8.970,62.000,89238.930,0.000,1324.825,305.318,6.080,0.000,0.000,729.600,0.000,0.000,-0.000,999,0.614,8.000,99,9999,99999,9,999999999,0.000,0.999,0,0,999,0.000,0
7,31,2017,21,0,,15.378,8.868,65.000,89238.930,0.000,1324.825,301.389,0.000,0.000,0.000,0.000,0.000,0.000,-0.000,999,0.536,8.000,99,9999,99999,9,999999999,0.000,0.999,0,0,999,0.000,0
7,31,2017,22,0,,14.476,9.000,69.600,89238.930,0.000,1324.825,298.208,0.000,0.000,0.000,0.000,0.000,0.000,-0.000,999,0.442,8.000,99,9999,99999,9,999999999,0.000,0.999,0,0,999,0.000,0
7,31,2017,23,0,,13.700,9.154,74.800,89238.930,0.000,1324.825,296.035,0.000,0.000,0.000,0.000,0.000,0.000,-0.000,999,0.376,8.000,99,9999,99999,9,999999999,0.194,0.999,0,0,999,0.194,99
7,31,2019,24,0,,13.050,9.328,79.800,89238.930,0.000,1324.825,294.393,0.000,0.000,0.000,0.000,0.000,0.000,-0.000,999,0.308,8.000,99,9999,99999,9,999999999,0.196,0.999,0,0,999,0.196,99
8,1,2019,1,0,,12.526,9.524,83.400,89238.930,0.000,1324.825,292.729,0.000,0.000,0.000,0.000,0.000,0.000,-0.000,999,0.228,8.000,99,9999,99999,9,999999999,0.196,0.999,0,0,999,0.196,99
8,1,2019,2,0,,12.128,9.744,86.800,89238.930,0.000,1324.825,291.733,0.000,0.000,0.000,0.000,0.000,0.000,-0.000,999,0.130,8.000,99,9999,99999,9,999999999,0.196,0.999,0,0,999,0.196,99
8,1,2019,3,0,,11.882,9.750,88.200,89238.930,0.000,1324.825,290.755,0.000,0.000,0.000,0.000,0.000,0.000,-0.000,999,0.130,8.000,99,9999,99999,9,999999999,0.196,0.999,0,0,999,0.196,99
8,1,2019,4,0,,11.648,9.756,88.600,89238.930,0.000,1325.157,289.384,0.000,0.000,0.000,0.000,0.000,0.000,-0.000,999,0.130,8.000,99,9999,99999,9,999999999,0.002,0.999,0,0,999,0.002,99
8,1,2019,5,0,,11.430,9.762,88.800,89238.930,0.000,1325.157,288.029,0.000,0.000,0.000,0.000,0.000,0.000,-0.000,999,0.130,8.000,99,9999,99999,9,999999999,0.000,0.999,0,0,999,0.000,0
8,1,2019,6,0,,11.200,9.770,90.000,89238.930,0.000,1325.157,287.058,0.000,0.000,0.000,0.000,0.000,0.000,-0.000,999,0.130,8.000,99,9999,99999,9,999999999,0.000,0.999,0,0,999,0.000,0
8,1,2019,7,0,,11.040,9.770,91.000,89238.930,42.082,1325.157,286.453,0.000,0.000,0.000,0.000,0.000,0.000,0.000,999,0.130,8.000,99,9999,99999,9,999999999,0.000,0.999,0,0,999,0.000,0
8,1,2019,8,0,,10.870,9.780,92.000,89238.930,330.619,1325.157,285.777,43.290,0.000,43.290,5194.800,0.000,4761.900,55.469,999,0.130,8.000,99,9999,99999,9,999999999,0.000,0.999,0,0,999,0.000,0
8,1,2019,9,0,,12.680,9.730,82.000,89238.930,591.845,1325.157,293.052,171.170,15.089,164.439,20540.400,1433.418,18088.287,117.334,999,0.130,8.000,99,9999,99999,9,999999999,0.000,0.999,0,0,999,0.000,0
8,1,2019,10,0,,13.690,9.700,76.000,89238.930,803.182,1325.157,296.641,289.010,18.710,277.676,34681.200,1777.438,30544.318,145.902,999,0.130,8.000,99,9999,99999,9,999999999,0.000,0.999,0,0,999,0.000,0
8,1,2019,11,0,,14.580,9.670,72.000,89238.930,949.904,1325.157,300.363,379.610,75.555,325.465,45553.200,7177.716,35801.203,144.565,999,0.180,8.000,99,9999,99999,9,999999999,0.000,0.999,0,0,999,0.000,0
8,1,2019,12,0,,15.300,9.650,68.000,89238.930,1021.936,1325.157,302.805,435.240,79.031,374.305,52228.800,7507.904,41173.586,154.528,999,0.280,7.000,99,9999,99999,9,999999999,0.000,0.999,0,0,999,0.000,0
8,1,2019,13,0,,15.830,9.640,66.000,89238.930,1014.342,1325.157,305.137,451.660,110.632,366.995,54199.200,10510.011,40369.399,152.645,999,0.990,7.000,99,9999,99999,9,999999999,0.000,0.999,0,0,999,0.000,0
8,1,2019,14,0,,16.150,9.630,64.000,89238.930,927.637,1325.157,305.991,427.640,137.342,331.527,51316.800,13047.455,36468.019,150.797,999,2.200,7.000,99,9999,99999,9,999999999,0.000,0.999,0,0,999,0.000,0
8,1,2019,15,0,,16.260,9.620,69.000,89238.930,767.756,1325.157,310.061,364.970,131.729,288.694,43796.400,12514.260,31756.388,158.703,999,2.230,8.000,99,9999,99999,9,999999999,0.020,0.999,0,0,999,0.020,99
8,1,2019,16,0,,16.090,9.630,65.000,89238.930,545.688,1325.157,306.256,268.480,222.364,177.043,32217.600,21124.541,19474.756,137.048,999,1.980,8.000,99,9999,99999,9,999999999,0.000,0.999,0,0,999,0.000,0
8,1,2019,17,0,,15.610,9.640,67.000,89238.930,277.024,1325.157,304.283,146.810,426.057,58.294,17617.200,40475.391,6412.355,89.314,999,1.450,8.000,99,9999,99999,9,999999999,0.000,0.999,0,0,999,0.000,0
8,1,2019,18,0,,14.900,9.660,70.000,89238.930,0.000,1325.157,301.329,22.780,0.000,0.000,2733.600,0.000,0.000,-0.000,999,0.840,8.000,99,9999,99999,9,999999999,0.000,0.999,0,0,999,0.000,0
8,1,2019,19,0,,14.590,9.670,71.000,89238.930,0.000,1325.157,299.831,0.000,0.000,0.000,0.000,0.000,0.000,-0.000,999,0.150,8.000,99,9999,99999,9,999999999,0.000,0.999,0,0,999,0.000,0
8,1,2019,20,0,,14.280,9.680,73.000,89238.930,0.000,1325.157,298.917,0.000,0.000,0.000,0.000,0.000,0.000,-0.000,999,0.130,8.000,99,9999,99999,9,999999999,0.000,0.999,0,0,999,0.000,0
8,1,2019,21,0,,13.960,9.690,75.000,89238.930,0.000,1325.157,297.902,0.000,0.000,0.000,0.000,0.000,0.000,-0.000,999,0.130,8.000,99,9999,99999,9,999999999,0.000,0.999,0,0,999,0.000,0
8,1,2019,22,0,,13.650,9.700,76.000,89238.930,0.000,1325.157,296.371,0.000,0.000,0.000,0.000,0.000,0.000,-0.000,999,0.130,8.000,99,9999,99999,9,999999999,0.000,0.999,0,0,999,0.000,0
8,1,2019,23,0,,13.340,9.710,78.000,89238.930,0.000,1325.157,295.382,0.000,0.000,0.000,0.000,0.000,0.000,-0.000,999,0.130,8.000,99,9999,99999,9,999999999,0.000,0.999,0,0,999,0.000,0
8,1,2019,24,0,,13.030,11.330,86.000,89238.930,0.000,1325.157,297.421,0.000,0.000,0.000,0.000,0.000,0.000,-0.000,999,0.080,8.000,99,9999,99999,9,999999999,0.000,0.999,0,0,999,0.000,0
8,2,2019,1,0,,12.870,11.410,87.000,89238.930,0.000,1325.157,296.826,0.000,0.000,0.000,0.000,0.000,0.000,-0.000,999,0.080,8.000,99,9999,99999,9,999999999,0.000,0.999,0,0,999,0.000,0
8,2,2019,2,0,,12.720,11.470,88.000,89238.930,0.000,1325.157,296.294,0.000,0.000,0.000,0.000,0.000,0.000,-0.000,999,0.080,8.000,99,9999,99999,9,999999999,0.000,0.999,0,0,999,0.000,0
8,2,2019,3,0,,12.560,11.540,89.000,89238.930,0.000,1325.157,295.689,0.000,0.000,0.000,0.000,0.000,0.000,-0.000,999,0.080,8.000,99,9999,99999,9,999999999,0.000,0.999,0,0,999,0.000,0
8,2,2019,4,0,,12.410,11.610,95.000,89238.930,0.000,1325.501,297.435,0.000,0.000,0.000,0.000,0.000,0.000,-0.000,999,0.080,8.000,99,9999,99999,9,999999999,0.030,0.999,0,0,999,0.030,99
8,2,2019,5,0,,12.250,11.680,92.000,89238.930,0.000,1325.501,294.992,0.000,0.000,0.000,0.000,0.000,0.000,-0.000,999,0.080,8.000,99,9999,99999,9,999999999,0.000,0.999,0,0,999,0.000,0
8,2,2019,6,0,,12.130,11.740,93.000,89238.930,0.000,1325.501,294.636,0.000,0.000,0.000,0.000,0.000,0.000,-0.000,999,0.080,8.000,99,9999,99999,9,999999999,0.000,0.999,0,0,999,0.000,0
8,2,2019,7,0,,12.030,11.780,98.000,89238.930,44.456,1325.501,296.169,0.000,0.000,0.000,0.000,0.000,0.000,0.000,999,0.080,8.000,99,9999,99999,9,999999999,0.010,0.999,0,0,999,0.010,99
8,2,2019,8,0,,11.930,11.820,99.000,89238.930,333.656,1325.501,295.919,71.200,0.000,71.200,8544.000,0.000,7832.000,90.417,999,0.080,8.000,99,9999,99999,9,999999999,0.050,0.999,0,0,999,0.050,99
8,2,2019,9,0,,13.220,11.250,98.000,89238.930,595.293,1325.501,304.339,83.130,0.000,83.130,9975.600,0.000,9144.300,58.987,999,0.080,8.000,99,9999,99999,9,999999999,8.650,0.999,0,0,999,8.650,99
8,2,2019,10,0,,14.420,10.690,76.000,89238.930,806.932,1325.501,301.597,293.680,20.700,281.085,35241.600,1966.516,30919.298,147.044,999,0.080,8.000,99,9999,99999,9,999999999,0.000,0.999,0,0,999,0.000,0
8,2,2019,11,0,,15.410,10.220,69.000,89238.930,953.834,1325.501,304.191,385.300,78.685,328.694,46236.000,7475.031,36156.329,145.435,999,0.420,7.000,99,9999,99999,9,999999999,0.000,0.999,0,0,999,0.000,0
8,2,2019,12,0,,16.190,9.830,65.000,89238.930,1025.909,1325.501,306.945,441.530,82.205,377.918,52983.600,7809.430,41570.982,155.455,999,0.640,7.000,99,9999,99999,9,999999999,0.000,0.999,0,0,999,0.000,0
8,2,2019,13,0,,16.750,9.550,62.000,89238.930,1018.219,1325.501,308.730,458.090,98.974,382.076,54970.800,9402.488,42028.397,158.354,999,0.860,7.000,99,9999,99999,9,999999999,0.000,0.999,0,0,999,0.000,0
8,2,2019,14,0,,17.100,9.380,60.000,89238.930,931.287,1325.501,309.702,433.760,142.702,333.529,52051.200,13556.732,36688.138,151.151,999,1.930,7.000,99,9999,99999,9,999999999,0.000,0.999,0,0,999,0.000,0
8,2,2019,15,0,,17.230,9.310,59.000,89238.930,771.063,1325.501,309.857,370.330,136.710,290.849,44439.600,12987.452,31993.437,159.242,999,2.180,8.000,99,9999,99999,9,999999999,0.000,0.999,0,0,999,0.000,0
8,2,2019,16,0,,17.090,9.380,64.000,89238.930,548.558,1325.501,312.501,272.690,230.173,177.568,32722.800,21866.395,19532.427,136.768,999,1.760,8.000,99,9999,99999,9,999999999,0.020,0.999,0,0,999,0.020,99
8,2,2019,17,0,,16.630,9.610,62.000,89238.930,279.387,1325.501,307.902,149.550,398.137,66.142,17946.000,37823.004,7275.640,100.497,999,1.430,8.000,99,9999,99999,9,999999999,0.000,0.999,0,0,999,0.000,0
8,2,2019,18,0,,15.920,9.970,71.000,89238.930,0.000,1325.501,308.961,23.730,0.000,0.000,2847.600,0.000,0.000,-0.000,999,0.670,8.000,99,9999,99999,9,999999999,0.120,0.999,0,0,999,0.120,99
8,2,2019,19,0,,15.510,10.170,73.000,89238.930,0.000,1325.501,307.341,0.000,0.000,0.000,0.000,0.000,0.000,-0.000,999,0.330,8.000,99,9999,99999,9,999999999,0.080,0.999,0,0,999,0.080,99
8,2,2019,20,0,,15.100,10.370,76.000,89238.930,0.000,1325.501,306.270,0.000,0.000,0.000,0.000,0.000,0.000,-0.000,999,0.330,8.000,99,9999,99999,9,999999999,0.550,0.999,0,0,999,0.550,99
8,2,2019,21,0,,14.690,10.560,78.000,89238.930,0.000,1325.501,304.574,0.000,0.000,0.000,0.000,0.000,0.000,-0.000,999,0.210,8.000,99,9999,99999,9,999999999,0.180,0.999,0,0,999,0.180,99
8,2,2019,22,0,,14.280,10.760,77.000,89238.930,0.000,1325.501,301.204,0.000,0.000,0.000,0.000,0.000,0.000,-0.000,999,0.280,8.000,99,9999,99999,9,999999999,0.000,0.999,0,0,999,0.000,0
8,2,2019,23,0,,13.870,10.950,84.000,89238.930,0.000,1325.501,302.146,0.000,0.000,0.000,0.000,0.000,0.000,-0.000,999,0.450,8.000,99,9999,99999,9,999999999,0.290,0.999,0,0,999,0.290,99
8,2,2019,24,0,,13.460,10.950,87.000,89238.930,0.000,1325.501,300.847,0.000,0.000,0.000,0.000,0.000,0.000,-0.000,999,1.190,8.000,99,9999,99999,9,999999999,0.070,0.999,0,0,999,0.070,99
8,3,2019,1,0,,13.260,10.940,92.000,89238.930,0.000,1325.501,301.879,0.000,0.000,0.000,0.000,0.000,0.000,-0.000,999,1.720,8.000,99,9999,99999,9,999999999,3.720,0.999,0,0,999,3.720,99
8,3,2019,2,0,,13.060,10.940,89.000,89238.930,0.000,1325.501,299.086,0.000,0.000,0.000,0.000,0.000,0.000,-0.000,999,2.410,8.000,99,9999,99999,9,999999999,0.160,0.999,0,0,999,0.160,99
8,3,2019,3,0,,12.850,10.930,90.000,89238.930,0.000,1325.501,298.131,0.000,0.000,0.000,0.000,0.000,0.000,-0.000,999,2.910,8.000,99,9999,99999,9,999999999,0.020,0.999,0,0,999,0.020,99
8,3,2019,4,0,,12.650,10.920,86.000,89238.930,0.000,1325.857,294.851,0.000,0.000,0.000,0.000,0.000,0.000,-0.000,999,1.590,8.000,99,9999,99999,9,999999999,0.000,0.999,0,0,999,0.000,0
8,3,2019,5,0,,12.440,10.910,87.000,89238.930,0.000,1325.857,293.922,0.000,0.000,0.000,0.000,0.000,0.000,-0.000,999,0.940,8.000,99,9999,99999,9,999999999,0.000,0.999,0,0,999,0.000,0
8,3,2019,6,0,,12.280,10.910,88.000,89238.930,0.000,1325.857,293.326,0.000,0.000,0.000,0.000,0.000,0.000,-0.000,999,1.450,8.000,99,9999,99999,9,999999999,0.000,0.999,0,0,999,0.000,0
8,3,2019,7,0,,12.150,10.900,89.000,89238.930,46.929,1325.857,292.926,0.000,0.000,0.000,0.000,0.000,0.000,0.000,999,0.790,8.000,99,9999,99999,9,999999999,0.000,0.999,0,0,999,0.000,0
8,3,2019,8,0,,12.010,10.900,90.000,89238.930,336.790,1325.857,292.453,50.810,0.000,50.810,6097.200,0.000,5589.100,63.936,999,0.590,8.000,99,9999,99999,9,999999999,0.000,0.999,0,0,999,0.000,0
8,3,2019,9,0,,14.180,10.970,79.000,89238.930,598.836,1325.857,301.624,194.270,28.353,181.479,23312.400,2693.553,19962.646,128.044,999,1.070,8.000,99,9999,99999,9,999999999,0.000,0.999,0,0,999,0.000,0
8,3,2019,10,0,,15.380,11.010,74.000,89238.930,810.771,1325.857,307.039,325.960,68.934,283.827,39115.200,6548.725,31220.978,147.814,999,2.700,7.000,99,9999,99999,9,999999999,0.000,0.999,0,0,999,0.000,0
8,3,2019,11,0,,16.420,11.050,69.000,89238.930,957.842,1325.857,311.176,427.130,97.731,356.545,51255.600,9284.431,39219.958,157.139,999,4.540,7.000,99,9999,99999,9,999999999,0.000,0.999,0,0,999,0.000,0
8,3,2019,12,0,,17.270,11.080,66.000,89238.930,1029.947,1325.857,315.141,489.200,183.527,346.661,58704.000,17435.028,38132.716,142.076,999,3.780,7.000,99,9999,99999,9,999999999,0.000,0.999,0,0,999,0.000,0
8,3,2019,13,0,,17.890,11.100,68.000,89238.930,1022.148,1325.857,320.891,507.450,220.405,337.566,60894.000,20938.490,37132.288,139.405,999,4.870,7.000,99,9999,99999,9,999999999,0.010,0.999,0,0,999,0.010,99
8,3,2019,14,0,,18.260,11.110,62.000,89238.930,934.974,1325.857,319.300,480.510,175.137,357.043,57661.200,16638.031,39274.685,161.212,999,6.410,7.000,99,9999,99999,9,999999999,0.000,0.999,0,0,999,0.000,0
8,3,2019,15,0,,18.390,11.120,62.000,89238.930,774.391,1325.857,320.223,410.390,212.496,286.348,49246.800,20187.142,31498.267,156.144,999,6.690,7.000,99,9999,99999,9,999999999,0.000,0.999,0,0,999,0.000,0
8,3,2019,16,0,,17.980,11.100,63.000,89238.930,551.436,1325.857,318.045,240.080,133.965,184.440,28809.600,12726.643,20288.454,141.356,999,3.600,8.000,99,9999,99999,9,999999999,0.000,0.999,0,0,999,0.000,0
8,3,2019,17,0,,17.280,11.080,66.000,89238.930,281.748,1325.857,315.212,112.910,168.891,77.235,13549.200,16044.605,8495.880,116.389,999,2.070,8.000,99,9999,99999,9,999999999,0.000,0.999,0,0,999,0.000,0
8,3,2019,18,0,,16.470,11.050,69.000,89238.930,0.000,1325.857,311.525,26.970,0.000,0.000,3236.400,0.000,0.000,-0.000,999,0.540,8.000,99,9999,99999,9,999999999,0.000,0.999,0,0,999,0.000,0
8,3,2019,19,0,,15.870,11.030,76.000,89238.930,0.000,1325.857,311.629,0.000,0.000,0.000,0.000,0.000,0.000,-0.000,999,0.430,7.000,99,9999,99999,9,999999999,0.030,0.999,0,0,999,0.030,99
8,3,2019,20,0,,15.270,11.010,74.000,89238.930,0.000,1325.857,306.278,0.000,0.000,0.000,0.000,0.000,0.000,-0.000,999,0.280,7.000,99,9999,99999,9,999999999,0.000,0.999,0,0,999,0.000,0
8,3,2019,21,0,,14.680,10.990,77.000,89238.930,0.000,1325.857,303.944,0.000,0.000,0.000,0.000,0.000,0.000,-0.000,999,0.280,6.000,99,9999,99999,9,999999999,0.000,0.999,0,0,999,0.000,0
8,3,2019,22,0,,14.080,10.970,79.000,89238.930,0.000,1325.857,300.941,0.000,0.000,0.000,0.000,0.000,0.000,-0.000,999,0.370,6.000,99,9999,99999,9,999999999,0.000,0.999,0,0,999,0.000,0
8,3,2019,23,0,,13.480,10.950,82.000,89238.930,0.000,1325.857,298.449,0.000,0.000,0.000,0.000,0.000,0.000,-0.000,999,0.280,5.000,99,9999,99999,9,999999999,0.000,0.999,0,0,999,0.000,0
8,3,2019,24,0,,12.880,9.620,80.000,89238.930,0.000,1325.857,293.358,0.000,0.000,0.000,0.000,0.000,0.000,-0.000,999,0.170,5.000,99,9999,99999,9,999999999,0.000,0.999,0,0,999,0.000,0
8,4,2019,1,0,,12.590,9.640,82.000,89238.930,0.000,1325.857,292.450,0.000,0.000,0.000,0.000,0.000,0.000,-0.000,999,0.220,4.000,99,9999,99999,9,999999999,0.000,0.999,0,0,999,0.000,0
8,4,2019,2,0,,12.290,9.650,83.000,89238.930,0.000,1325.857,290.952,0.000,0.000,0.000,0.000,0.000,0.000,-0.000,999,0.570,3.000,99,9999,99999,9,999999999,0.000,0.999,0,0,999,0.000,0
8,4,2019,3,0,,11.990,9.660,85.000,89238.930,0.000,1325.857,289.942,0.000,0.000,0.000,0.000,0.000,0.000,-0.000,999,0.320,3.000,99,9999,99999,9,999999999,0.000,0.999,0,0,999,0.000,0
8,4,2019,4,0,,11.690,9.680,87.000,89238.930,0.000,1326.224,288.910,0.000,0.000,0.000,0.000,0.000,0.000,-0.000,999,0.280,2.000,99,9999,99999,9,999999999,0.000,0.999,0,0,999,0.000,0
8,4,2019,5,0,,11.390,9.690,89.000,89238.930,0.000,1326.224,287.857,0.000,0.000,0.000,0.000,0.000,0.000,-0.000,999,0.230,2.000,99,9999,99999,9,999999999,0.000,0.999,0,0,999,0.000,0
8,4,2019,6,0,,11.160,9.700,90.000,89238.930,0.000,1326.224,286.793,0.000,0.000,0.000,0.000,0.000,0.000,-0.000,999,0.260,1.000,99,9999,99999,9,999999999,0.000,0.999,0,0,999,0.000,0
8,4,2019,7,0,,10.960,9.710,92.000,89238.930,49.501,1326.224,286.372,0.000,0.000,0.000,0.000,0.000,0.000,0.000,999,0.210,1.000,99,9999,99999,9,999999999,0.000,0.999,0,0,999,0.000,0
8,4,2019,8,0,,10.770,9.720,93.000,89238.930,340.021,1326.224,285.559,139.610,162.953,98.002,16753.200,15480.546,10780.183,122.170,999,0.170,0.000,99,9999,99999,9,999999999,0.000,0.999,0,0,999,0.000,0
8,4,2019,9,0,,14.590,9.540,71.000,89238.930,602.472,1326.224,299.831,308.460,261.918,189.610,37015.200,24882.217,20857.147,133.009,999,0.210,3.000,99,9999,99999,9,999999999,0.000,0.999,0,0,999,0.000,0
8,4,2019,10,0,,15.930,9.480,65.000,89238.930,814.697,1326.224,305.157,457.930,303.923,271.321,54951.600,28872.708,29845.291,140.658,999,0.370,3.000,99,9999,99999,9,999999999,0.000,0.999,0,0,999,0.000,0
8,4,2019,11,0,,17.080,9.420,60.000,89238.930,961.926,1326.224,309.563,572.820,332.571,331.666,68738.400,31594.202,36483.307,145.593,999,0.840,4.000,99,9999,99999,9,999999999,0.000,0.999,0,0,999,0.000,0
8,4,2019,12,0,,17.600,9.400,58.000,89238.930,1034.049,1326.224,311.663,519.600,184.699,375.618,62352.000,17546.448,41317.999,153.375,999,0.600,6.000,99,9999,99999,9,999999999,0.000,0.999,0,0,999,0.000,0
8,4,2019,13,0,,18.380,9.360,55.000,89238.930,1026.126,1326.224,314.719,675.980,476.466,307.401,81117.600,45264.288,33814.124,126.490,999,0.930,3.000,99,9999,99999,9,999999999,0.000,0.999,0,0,999,0.000,0
8,4,2019,14,0,,18.340,9.360,55.000,89238.930,938.695,1326.224,314.440,435.320,126.244,345.992,52238.400,11993.137,38059.070,155.645,999,1.100,7.000,99,9999,99999,9,999999999,0.000,0.999,0,0,999,0.000,0
8,4,2019,15,0,,18.150,9.370,56.000,89238.930,777.740,1326.224,313.923,390.720,200.744,273.063,46886.400,19070.722,30036.925,148.299,999,1.200,7.000,99,9999,99999,9,999999999,0.000,0.999,0,0,999,0.000,0
8,4,2019,16,0,,17.190,9.420,60.000,89238.930,554.321,1326.224,310.325,140.950,13.038,135.508,16914.000,1238.583,14905.895,103.340,999,1.940,8.000,99,9999,99999,9,999999999,0.000,0.999,0,0,999,0.000,0
8,4,2019,17,0,,16.540,9.450,62.000,89238.930,284.104,1326.224,307.282,181.300,492.374,76.445,21756.000,46775.522,8408.938,114.263,999,1.410,7.000,99,9999,99999,9,999999999,0.000,0.999,0,0,999,0.000,0
8,4,2019,18,0,,15.610,9.490,66.000,89238.930,0.000,1326.224,303.630,30.010,0.000,0.000,3601.200,0.000,0.000,-0.000,999,0.440,8.000,99,9999,99999,9,999999999,0.000,0.999,0,0,999,0.000,0
8,4,2019,19,0,,14.960,9.520,69.000,89238.930,0.000,1326.224,301.118,0.000,0.000,0.000,0.000,0.000,0.000,-0.000,999,0.170,8.000,99,9999,99999,9,999999999,0.000,0.999,0,0,999,0.000,0
8,4,2019,20,0,,14.320,9.550,73.000,89238.930,0.000,1326.224,299.188,0.000,0.000,0.000,0.000,0.000,0.000,-0.000,999,0.170,8.000,99,9999,99999,9,999999999,0.000,0.999,0,0,999,0.000,0
8,4,2019,21,0,,13.670,9.590,76.000,89238.930,0.000,1326.224,296.506,0.000,0.000,0.000,0.000,0.000,0.000,-0.000,999,0.170,8.000,99,9999,99999,9,999999999,0.000,0.999,0,0,999,0.000,0
8,4,2019,22,0,,13.030,9.620,79.000,89238.930,0.000,1326.224,293.835,0.000,0.000,0.000,0.000,0.000,0.000,-0.000,999,0.170,8.000,99,9999,99999,9,999999999,0.000,0.999,0,0,999,0.000,0
8,4,2019,23,0,,12.380,9.650,83.000,89238.930,0.000,1326.224,291.552,0.000,0.000,0.000,0.000,0.000,0.000,-0.000,999,0.170,8.000,99,9999,99999,9,999999999,0.000,0.999,0,0,999,0.000,0
8,4,2019,24,0,,11.730,9.870,88.000,89238.930,0.000,1326.224,289.648,0.000,0.000,0.000,0.000,0.000,0.000,-0.000,999,0.280,8.000,99,9999,99999,9,999999999,0.000,0.999,0,0,999,0.000,0
8,5,2019,1,0,,11.410,9.790,89.000,89238.930,0.000,1326.224,287.989,0.000,0.000,0.000,0.000,0.000,0.000,-0.000,999,0.280,8.000,99,9999,99999,9,999999999,0.000,0.999,0,0,999,0.000,0
8,5,2019,2,0,,11.090,9.720,91.000,89238.930,0.000,1326.224,286.783,0.000,0.000,0.000,0.000,0.000,0.000,-0.000,999,0.280,8.000,99,9999,99999,9,999999999,0.000,0.999,0,0,999,0.000,0
8,5,2019,3,0,,10.770,9.650,92.000,89238.930,0.000,1326.224,285.118,0.000,0.000,0.000,0.000,0.000,0.000,-0.000,999,0.280,8.000,99,9999,99999,9,999999999,0.000,0.999,0,0,999,0.000,0
8,5,2019,4,0,,10.440,9.570,94.000,89238.930,0.000,1326.602,283.823,0.000,0.000,0.000,0.000,0.000,0.000,-0.000,999,0.280,8.000,99,9999,99999,9,999999999,0.000,0.999,0,0,999,0.000,0
8,5,2019,5,0,,10.120,9.500,95.000,89238.930,0.000,1326.602,282.154,0.000,0.000,0.000,0.000,0.000,0.000,-0.000,999,0.280,8.000,99,9999,99999,9,999999999,0.000,0.999,0,0,999,0.000,0
8,5,2019,6,0,,9.870,9.440,97.000,89238.930,0.000,1326.602,281.359,0.000,0.000,0.000,0.000,0.000,0.000,-0.000,999,0.280,8.000,99,9999,99999,9,999999999,0.000,0.999,0,0,999,0.000,0
8,5,2019,7,0,,9.660,9.390,98.000,89238.930,52.172,1326.602,280.401,0.000,0.000,0.000,0.000,0.000,0.000,0.000,999,0.460,8.000,99,9999,99999,9,999999999,0.000,0.999,0,0,999,0.000,0
8,5,2019,8,0,,9.440,9.340,99.000,89238.930,343.349,1326.602,279.376,39.450,0.000,39.450,4734.000,0.000,4339.500,48.712,999,0.810,8.000,99,9999,99999,9,999999999,0.000,0.999,0,0,999,0.000,0
8,5,2019,9,0,,12.400,10.010,85.000,89238.930,606.201,1326.602,292.679,145.790,3.154,144.351,17494.800,299.593,15878.558,100.664,999,0.930,8.000,99,9999,99999,9,999999999,0.000,0.999,0,0,999,0.000,0
8,5,2019,10,0,,14.000,10.370,78.000,89238.930,818.708,1326.602,299.849,243.020,8.252,237.930,29162.400,783.959,26172.258,122.777,999,0.670,8.000,99,9999,99999,9,999999999,0.000,0.999,0,0,999,0.000,0
8,5,2019,11,0,,15.400,10.670,73.000,89238.930,966.084,1326.602,306.581,317.660,8.903,311.178,38119.200,845.791,34229.593,136.050,999,0.880,8.000,99,9999,99999,9,999999999,0.000,0.999,0,0,999,0.000,0
8,5,2019,12,0,,16.530,10.910,69.000,89238.930,1038.212,1326.602,311.944,363.390,8.988,356.357,43606.800,853.869,39199.285,144.968,999,0.790,8.000,99,9999,99999,9,999999999,0.000,0.999,0,0,999,0.000,0
8,5,2019,13,0,,17.350,11.080,66.000,89238.930,1030.151,1326.602,315.705,376.770,25.544,356.938,45212.400,2426.635,39263.228,146.341,999,0.920,8.000,99,9999,99999,9,999999999,0.000,0.999,0,0,999,0.000,0
8,5,2019,14,0,,17.850,11.180,69.000,89238.930,942.448,1326.602,321.275,356.790,24.196,339.605,42814.800,2298.667,37356.575,152.206,999,0.880,8.000,99,9999,99999,9,999999999,0.020,0.999,0,0,999,0.020,99
8,5,2019,15,0,,18.020,11.220,64.000,89238.930,781.105,1326.602,319.045,304.920,67.181,265.386,36590.400,6382.188,29192.420,143.549,999,0.360,8.000,99,9999,99999,9,999999999,0.000,0.999,0,0,999,0.000,0
8,5,2019,16,0,,17.760,11.160,70.000,89238.930,557.210,1326.602,321.292,225.160,106.028,180.686,27019.200,10072.673,19875.443,137.116,999,0.520,8.000,99,9999,99999,9,999999999,0.010,0.999,0,0,999,0.010,99
8,5,2019,17,0,,17.000,11.010,67.000,89238.930,286.455,1326.602,313.920,124.550,244.105,72.146,14946.000,23190.021,7936.012,106.972,999,0.610,8.000,99,9999,99999,9,999999999,0.000,0.999,0,0,999,0.000,0
8,5,2019,18,0,,15.870,10.770,71.000,89238.930,0.000,1326.602,308.614,21.040,0.000,0.000,2524.800,0.000,0.000,-0.000,999,0.430,8.000,99,9999,99999,9,999999999,0.000,0.999,0,0,999,0.000,0
8,5,2019,19,0,,15.340,10.650,73.000,89238.930,0.000,1326.602,306.166,0.000,0.000,0.000,0.000,0.000,0.000,-0.000,999,0.280,8.000,99,9999,99999,9,999999999,0.000,0.999,0,0,999,0.000,0
8,5,2019,20,0,,14.810,10.540,75.000,89238.930,0.000,1326.602,303.695,0.000,0.000,0.000,0.000,0.000,0.000,-0.000,999,0.280,8.000,99,9999,99999,9,999999999,0.000,0.999,0,0,999,0.000,0
8,5,2019,21,0,,14.280,10.430,82.000,89238.930,0.000,1326.602,303.923,0.000,0.000,0.000,0.000,0.000,0.000,-0.000,999,0.280,8.000,99,9999,99999,9,999999999,0.970,0.999,0,0,999,0.970,99
8,5,2019,22,0,,13.750,10.310,79.000,89238.930,0.000,1326.602,298.693,0.000,0.000,0.000,0.000,0.000,0.000,-0.000,999,0.410,8.000,99,9999,99999,9,999999999,0.000,0.999,0,0,999,0.000,0
8,5,2019,23,0,,13.220,10.200,81.000,89238.930,0.000,1326.602,296.167,0.000,0.000,0.000,0.000,0.000,0.000,-0.000,999,0.850,8.000,99,9999,99999,9,999999999,0.000,0.999,0,0,999,0.000,0
8,5,2019,24,0,,12.690,11.050,89.000,89238.930,0.000,1326.602,296.569,0.000,0.000,0.000,0.000,0.000,0.000,-0.000,999,1.470,8.000,99,9999,99999,9,999999999,0.000,0.999,0,0,999,0.000,0
8,6,2019,1,0,,12.420,11.000,91.000,89238.930,0.000,1326.602,295.681,0.000,0.000,0.000,0.000,0.000,0.000,-0.000,999,0.550,8.000,99,9999,99999,9,999999999,0.000,0.999,0,0,999,0.000,0
8,6,2019,2,0,,12.160,10.950,92.000,89238.930,0.000,1326.602,294.384,0.000,0.000,0.000,0.000,0.000,0.000,-0.000,999,1.150,8.000,99,9999,99999,9,999999999,0.000,0.999,0,0,999,0.000,0
8,6,2019,3,0,,11.890,10.900,93.000,89238.930,0.000,1326.602,293.019,0.000,0.000,0.000,0.000,0.000,0.000,-0.000,999,1.040,8.000,99,9999,99999,9,999999999,0.000,0.999,0,0,999,0.000,0
8,6,2019,4,0,,11.630,10.860,95.000,89238.930,0.000,1326.992,292.160,0.000,0.000,0.000,0.000,0.000,0.000,-0.000,999,0.520,8.000,99,9999,99999,9,999999999,0.000,0.999,0,0,999,0.000,0
8,6,2019,5,0,,11.360,10.810,96.000,89238.930,0.000,1326.992,290.786,0.000,0.000,0.000,0.000,0.000,0.000,-0.000,999,0.490,8.000,99,9999,99999,9,999999999,0.000,0.999,0,0,999,0.000,0
8,6,2019,6,0,,11.160,10.770,97.000,89238.930,0.000,1326.992,289.878,0.000,0.000,0.000,0.000,0.000,0.000,-0.000,999,0.490,8.000,99,9999,99999,9,999999999,0.000,0.999,0,0,999,0.000,0
8,6,2019,7,0,,10.980,10.740,98.000,89238.930,54.943,1326.992,289.101,0.000,0.000,0.000,0.000,0.000,0.000,0.000,999,0.490,8.000,99,9999,99999,9,999999999,0.000,0.999,0,0,999,0.000,0
8,6,2019,8,0,,10.810,10.710,99.000,89238.930,346.772,1326.992,288.387,37.430,0.000,37.430,4491.600,0.000,4117.300,45.772,999,1.270,8.000,99,9999,99999,9,999999999,0.000,0.999,0,0,999,0.000,0
8,6,2019,9,0,,13.420,11.170,91.000,89238.930,610.021,1326.992,302.509,135.960,0.242,135.849,16315.200,23.034,14943.353,94.168,999,0.810,8.000,99,9999,99999,9,999999999,0.010,0.999,0,0,999,0.010,99
8,6,2019,10,0,,14.820,11.420,85.000,89238.930,822.801,1326.992,309.244,225.880,7.066,221.501,27105.600,671.310,24365.058,113.763,999,2.000,8.000,99,9999,99999,9,999999999,0.050,0.999,0,0,999,0.050,99
8,6,2019,11,0,,16.040,11.630,75.000,89238.930,970.315,1326.992,312.231,294.870,10.387,287.276,35384.400,986.807,31600.415,125.088,999,1.460,8.000,99,9999,99999,9,999999999,0.000,0.999,0,0,999,0.000,0
8,6,2019,12,0,,17.030,11.800,71.000,89238.930,1042.434,1326.992,316.744,337.120,16.232,324.371,40454.400,1542.087,35680.777,131.459,999,1.180,8.000,99,9999,99999,9,999999999,0.000,0.999,0,0,999,0.000,0
8,6,2019,13,0,,17.740,11.920,68.000,89238.930,1034.220,1326.992,319.822,349.430,18.977,334.643,41931.600,1802.831,36810.680,136.700,999,1.490,8.000,99,9999,99999,9,999999999,0.000,0.999,0,0,999,0.000,0
8,6,2019,14,0,,18.180,11.990,72.000,89238.930,946.230,1326.992,325.615,330.900,17.609,318.348,39708.000,1672.811,35018.231,142.150,999,2.160,8.000,99,9999,99999,9,999999999,0.010,0.999,0,0,999,0.010,99
8,6,2019,15,0,,18.320,12.020,66.000,89238.930,784.486,1326.992,322.594,282.880,22.684,269.477,33945.600,2155.020,29642.452,145.175,999,2.310,8.000,99,9999,99999,9,999999999,0.000,0.999,0,0,999,0.000,0
8,6,2019,16,0,,18.090,11.980,67.000,89238.930,560.102,1326.992,321.640,209.070,75.042,177.439,25088.400,7128.996,19518.243,133.994,999,2.040,8.000,99,9999,99999,9,999999999,0.000,0.999,0,0,999,0.000,0
8,6,2019,17,0,,17.430,11.870,69.000,89238.930,288.799,1326.992,318.283,115.960,150.620,83.367,13915.200,14308.868,9170.377,122.632,999,3.850,8.000,99,9999,99999,9,999999999,0.000,0.999,0,0,999,0.000,0
8,6,2019,18,0,,16.450,11.700,73.000,89238.930,0.000,1326.992,313.902,19.980,0.000,0.000,2397.600,0.000,0.000,-0.000,999,2.810,8.000,99,9999,99999,9,999999999,0.000,0.999,0,0,999,0.000,0
8,6,2019,19,0,,15.890,11.600,80.000,89238.930,0.000,1326.992,314.062,0.000,0.000,0.000,0.000,0.000,0.000,-0.000,999,1.920,8.000,99,9999,99999,9,999999999,0.030,0.999,0,0,999,0.030,99
8,6,2019,20,0,,15.340,11.510,82.000,89238.930,0.000,1326.992,311.294,0.000,0.000,0.000,0.000,0.000,0.000,-0.000,999,1.830,8.000,99,9999,99999,9,999999999,0.100,0.999,0,0,999,0.100,99
8,6,2019,21,0,,14.780,11.410,90.000,89238.930,0.000,1326.992,311.498,0.000,0.000,0.000,0.000,0.000,0.000,-0.000,999,1.960,8.000,99,9999,99999,9,999999999,4.580,0.999,0,0,999,4.580,99
8,6,2019,22,0,,14.230,11.320,82.000,89238.930,0.000,1326.992,303.578,0.000,0.000,0.000,0.000,0.000,0.000,-0.000,999,2.130,8.000,99,9999,99999,9,999999999,0.000,0.999,0,0,999,0.000,0
8,6,2019,23,0,,13.670,11.220,90.000,89238.930,0.000,1326.992,303.755,0.000,0.000,0.000,0.000,0.000,0.000,-0.000,999,1.430,8.000,99,9999,99999,9,999999999,0.220,0.999,0,0,999,0.220,99
8,6,2019,24,0,,13.120,9.780,80.000,89238.930,0.000,1326.992,294.969,0.000,0.000,0.000,0.000,0.000,0.000,-0.000,999,0.110,8.000,99,9999,99999,9,999999999,0.000,0.999,0,0,999,0.000,0
8,7,2019,1,0,,12.840,9.820,81.000,89238.930,0.000,1326.992,293.610,0.000,0.000,0.000,0.000,0.000,0.000,-0.000,999,0.110,8.000,99,9999,99999,9,999999999,0.000,0.999,0,0,999,0.000,0
8,7,2019,2,0,,12.560,9.860,83.000,89238.930,0.000,1326.992,292.756,0.000,0.000,0.000,0.000,0.000,0.000,-0.000,999,0.110,8.000,99,9999,99999,9,999999999,0.000,0.999,0,0,999,0.000,0
8,7,2019,3,0,,12.280,9.900,85.000,89238.930,0.000,1326.992,291.876,0.000,0.000,0.000,0.000,0.000,0.000,-0.000,999,0.110,8.000,99,9999,99999,9,999999999,0.000,0.999,0,0,999,0.000,0
8,7,2019,4,0,,12.000,9.940,87.000,89238.930,0.000,1327.393,290.974,0.000,0.000,0.000,0.000,0.000,0.000,-0.000,999,0.110,8.000,99,9999,99999,9,999999999,0.000,0.999,0,0,999,0.000,0
8,7,2019,5,0,,11.730,9.980,89.000,89238.930,0.000,1327.393,290.116,0.000,0.000,0.000,0.000,0.000,0.000,-0.000,999,0.110,8.000,99,9999,99999,9,999999999,0.000,0.999,0,0,999,0.000,0
8,7,2019,6,0,,11.510,10.010,90.000,89238.930,0.000,1327.393,289.114,0.000,0.000,0.000,0.000,0.000,0.000,-0.000,999,0.110,8.000,99,9999,99999,9,999999999,0.000,0.999,0,0,999,0.000,0
8,7,2019,7,0,,11.330,10.040,91.000,89238.930,57.812,1327.393,288.373,0.000,0.000,0.000,0.000,0.000,0.000,0.000,999,0.110,8.000,99,9999,99999,9,999999999,0.000,0.999,0,0,999,0.000,0
8,7,2019,8,0,,11.150,10.060,93.000,89238.930,350.289,1327.393,288.073,58.090,0.000,58.090,6970.800,0.000,6389.900,70.338,999,0.110,8.000,99,9999,99999,9,999999999,0.000,0.999,0,0,999,0.000,0
8,7,2019,9,0,,13.970,9.660,75.000,89238.930,613.930,1327.393,297.970,207.400,34.167,191.614,24888.000,3245.875,21077.583,132.016,999,0.210,8.000,99,9999,99999,9,999999999,0.000,0.999,0,0,999,0.000,0
8,7,2019,10,0,,15.460,9.450,67.000,89238.930,826.976,1327.393,303.257,343.390,72.396,298.308,41206.800,6877.612,32813.843,152.483,999,0.700,7.000,99,9999,99999,9,999999999,0.000,0.999,0,0,999,0.000,0
8,7,2019,11,0,,16.760,9.260,61.000,89238.930,974.615,1327.393,308.083,447.670,130.203,352.095,53720.400,12369.279,38730.427,152.681,999,0.920,7.000,99,9999,99999,9,999999999,0.000,0.999,0,0,999,0.000,0
8,7,2019,12,0,,17.810,9.100,56.000,89238.930,1046.713,1327.393,311.558,511.490,135.075,404.996,61378.800,12832.120,44549.561,163.512,999,1.170,7.000,99,9999,99999,9,999999999,0.000,0.999,0,0,999,0.000,0
8,7,2019,13,0,,18.580,8.990,53.000,89238.930,1038.330,1327.393,314.450,530.030,161.772,403.510,63603.600,15368.359,44386.106,164.229,999,1.730,7.000,99,9999,99999,9,999999999,0.000,0.999,0,0,999,0.000,0
8,7,2019,14,0,,19.040,8.920,51.000,89238.930,950.039,1327.393,315.929,501.910,230.966,336.650,60229.200,21941.781,37031.469,149.764,999,1.550,7.000,99,9999,99999,9,999999999,0.000,0.999,0,0,999,0.000,0
8,7,2019,15,0,,19.200,8.890,51.000,89238.930,787.879,1327.393,317.048,429.210,275.892,265.541,51505.200,26209.743,29209.561,142.481,999,1.580,7.000,99,9999,99999,9,999999999,0.000,0.999,0,0,999,0.000,0
8,7,2019,16,0,,18.950,8.930,52.000,89238.930,562.994,1327.393,316.176,317.500,369.331,161.062,38100.000,35086.474,17716.793,121.036,999,1.060,7.000,99,9999,99999,9,999999999,0.000,0.999,0,0,999,0.000,0
8,7,2019,17,0,,18.250,9.040,54.000,89238.930,291.134,1327.393,312.991,176.570,547.308,57.204,21188.400,51994.299,6292.474,83.489,999,0.680,8.000,99,9999,99999,9,999999999,0.000,0.999,0,0,999,0.000,0
8,7,2019,18,0,,17.190,9.190,59.000,89238.930,0.867,1327.393,309.581,31.010,0.000,0.000,3721.200,0.000,0.000,-0.000,999,0.510,8.000,99,9999,99999,9,999999999,0.000,0.999,0,0,999,0.000,0
8,7,2019,19,0,,16.620,9.280,61.000,89238.930,0.000,1327.393,307.119,0.000,0.000,0.000,0.000,0.000,0.000,-0.000,999,0.250,8.000,99,9999,99999,9,999999999,0.000,0.999,0,0,999,0.000,0
8,7,2019,20,0,,16.050,9.360,64.000,89238.930,0.000,1327.393,305.304,0.000,0.000,0.000,0.000,0.000,0.000,-0.000,999,0.170,8.000,99,9999,99999,9,999999999,0.000,0.999,0,0,999,0.000,0
8,7,2019,21,0,,15.470,9.450,67.000,89238.930,0.000,1327.393,303.325,0.000,0.000,0.000,0.000,0.000,0.000,-0.000,999,0.310,8.000,99,9999,99999,9,999999999,0.000,0.999,0,0,999,0.000,0
8,7,2019,22,0,,14.900,9.530,70.000,89238.930,0.000,1327.393,301.329,0.000,0.000,0.000,0.000,0.000,0.000,-0.000,999,0.200,8.000,99,9999,99999,9,999999999,0.000,0.999,0,0,999,0.000,0
8,7,2019,23,0,,14.330,9.610,73.000,89238.930,0.000,1327.393,299.256,0.000,0.000,0.000,0.000,0.000,0.000,-0.000,999,0.260,8.000,99,9999,99999,9,999999999,0.000,0.999,0,0,999,0.000,0
8,7,2019,24,0,,13.760,11.490,85.000,89238.930,0.000,1327.393,301.902,0.000,0.000,0.000,0.000,0.000,0.000,-0.000,999,0.330,8.000,99,9999,99999,9,999999999,0.000,0.999,0,0,999,0.000,0
8,8,2019,1,0,,13.470,11.510,87.000,89238.930,0.000,1327.393,300.915,0.000,0.000,0.000,0.000,0.000,0.000,-0.000,999,0.300,8.000,99,9999,99999,9,999999999,0.000,0.999,0,0,999,0.000,0
8,8,2019,2,0,,13.190,11.530,88.000,89238.930,0.000,1327.393,299.490,0.000,0.000,0.000,0.000,0.000,0.000,-0.000,999,0.330,8.000,99,9999,99999,9,999999999,0.000,0.999,0,0,999,0.000,0
8,8,2019,3,0,,12.900,11.550,95.000,89238.930,0.000,1327.393,300.786,0.000,0.000,0.000,0.000,0.000,0.000,-0.000,999,0.430,8.000,99,9999,99999,9,999999999,0.020,0.999,0,0,999,0.020,99
8,8,2019,4,0,,12.620,11.570,97.000,89238.930,0.000,1327.805,299.759,0.000,0.000,0.000,0.000,0.000,0.000,-0.000,999,0.420,8.000,99,9999,99999,9,999999999,0.970,0.999,0,0,999,0.970,99
8,8,2019,5,0,,12.330,11.590,99.000,89238.930,0.000,1327.805,298.645,0.000,0.000,0.000,0.000,0.000,0.000,-0.000,999,0.390,8.000,99,9999,99999,9,999999999,0.010,0.999,0,0,999,0.010,99
8,8,2019,6,0,,12.110,11.600,95.000,89238.930,0.000,1327.805,295.398,0.000,0.000,0.000,0.000,0.000,0.000,-0.000,999,0.380,8.000,99,9999,99999,9,999999999,0.000,0.999,0,0,999,0.000,0
8,8,2019,7,0,,11.920,11.620,97.000,89238.930,60.780,1327.805,294.990,0.000,0.000,0.000,0.000,0.000,0.000,0.000,999,0.510,8.000,99,9999,99999,9,999999999,0.000,0.999,0,0,999,0.000,0
8,8,2019,8,0,,11.730,11.630,98.000,89238.930,353.900,1327.805,294.136,58.390,0.000,58.390,7006.800,0.000,6422.900,69.996,999,0.500,8.000,99,9999,99999,9,999999999,0.000,0.999,0,0,999,0.000,0
8,8,2019,9,0,,14.290,11.450,82.000,89238.930,617.927,1327.805,303.992,204.910,29.307,191.286,24589.200,2784.140,21041.437,130.975,999,1.150,8.000,99,9999,99999,9,999999999,0.000,0.999,0,0,999,0.000,0
8,8,2019,10,0,,15.620,11.350,75.000,89238.930,831.229,1327.805,309.296,338.100,71.071,293.628,40572.000,6751.762,32299.130,149.369,999,1.180,7.000,99,9999,99999,9,999999999,0.000,0.999,0,0,999,0.000,0
8,8,2019,11,0,,16.790,11.270,69.000,89238.930,978.982,1327.805,313.765,440.180,99.436,366.884,52821.600,9446.464,40357.262,158.433,999,1.590,7.000,99,9999,99999,9,999999999,0.000,0.999,0,0,999,0.000,0
8,8,2019,12,0,,17.730,11.200,65.000,89238.930,1051.044,1327.805,317.696,502.600,185.799,355.554,60312.000,17650.893,39110.919,143.003,999,2.710,7.000,99,9999,99999,9,999999999,0.000,0.999,0,0,999,0.000,0
8,8,2019,13,0,,18.410,11.150,62.000,89238.930,1042.480,1327.805,320.365,520.660,222.618,345.911,62479.200,21148.711,38050.225,140.269,999,3.850,7.000,99,9999,99999,9,999999999,0.000,0.999,0,0,999,0.000,0
8,8,2019,14,0,,18.820,11.120,60.000,89238.930,953.872,1327.805,321.779,493.030,176.703,366.125,59163.600,16786.765,40273.724,162.272,999,5.130,7.000,99,9999,99999,9,999999999,0.000,0.999,0,0,999,0.000,0
8,8,2019,15,0,,18.960,11.110,60.000,89238.930,791.284,1327.805,322.778,421.740,214.252,294.128,50608.800,20353.943,32354.074,157.188,999,4.520,7.000,99,9999,99999,9,999999999,0.000,0.999,0,0,999,0.000,0
8,8,2019,16,0,,18.740,11.130,61.000,89238.930,565.886,1327.805,321.969,312.230,339.996,167.520,37467.600,32299.643,18427.219,125.283,999,3.140,7.000,99,9999,99999,9,999999999,0.000,0.999,0,0,999,0.000,0
8,8,2019,17,0,,18.110,11.170,63.000,89238.930,293.460,1327.805,318.966,174.100,488.014,66.840,20892.000,46361.319,7352.384,96.801,999,2.440,8.000,99,9999,99999,9,999999999,0.000,0.999,0,0,999,0.000,0
8,8,2019,18,0,,17.160,11.240,67.000,89238.930,2.347,1327.805,315.045,31.140,0.000,0.000,3736.800,0.000,0.000,-0.000,999,0.830,8.000,99,9999,99999,9,999999999,0.000,0.999,0,0,999,0.000,0
8,8,2019,19,0,,16.610,11.280,70.000,89238.930,0.000,1327.805,313.146,0.000,0.000,0.000,0.000,0.000,0.000,-0.000,999,0.420,8.000,99,9999,99999,9,999999999,0.000,0.999,0,0,999,0.000,0
8,8,2019,20,0,,16.070,11.320,73.000,89238.930,0.000,1327.805,311.237,0.000,0.000,0.000,0.000,0.000,0.000,-0.000,999,0.310,8.000,99,9999,99999,9,999999999,0.000,0.999,0,0,999,0.000,0
8,8,2019,21,0,,15.520,11.360,75.000,89238.930,0.000,1327.805,308.600,0.000,0.000,0.000,0.000,0.000,0.000,-0.000,999,0.200,8.000,99,9999,99999,9,999999999,0.000,0.999,0,0,999,0.000,0
8,8,2019,22,0,,14.970,11.400,78.000,89238.930,0.000,1327.805,306.508,0.000,0.000,0.000,0.000,0.000,0.000,-0.000,999,0.140,8.000,99,9999,99999,9,999999999,0.000,0.999,0,0,999,0.000,0
8,8,2019,23,0,,14.430,11.440,81.000,89238.930,0.000,1327.805,304.424,0.000,0.000,0.000,0.000,0.000,0.000,-0.000,999,0.130,8.000,99,9999,99999,9,999999999,0.000,0.999,0,0,999,0.000,0
8,8,2019,24,0,,13.880,11.520,81.000,89238.930,0.000,1327.805,300.649,0.000,0.000,0.000,0.000,0.000,0.000,-0.000,999,0.190,8.000,99,9999,99999,9,999999999,0.000,0.999,0,0,999,0.000,0
8,9,2019,1,0,,13.610,11.560,82.000,89238.930,0.000,1327.805,299.334,0.000,0.000,0.000,0.000,0.000,0.000,-0.000,999,0.190,8.000,99,9999,99999,9,999999999,0.000,0.999,0,0,999,0.000,0
8,9,2019,2,0,,13.330,11.610,84.000,89238.930,0.000,1327.805,298.457,0.000,0.000,0.000,0.000,0.000,0.000,-0.000,999,0.190,8.000,99,9999,99999,9,999999999,0.000,0.999,0,0,999,0.000,0
8,9,2019,3,0,,13.060,11.650,90.000,89238.930,0.000,1327.805,299.564,0.000,0.000,0.000,0.000,0.000,0.000,-0.000,999,0.190,8.000,99,9999,99999,9,999999999,0.020,0.999,0,0,999,0.020,99
8,9,2019,4,0,,12.790,11.700,87.000,89238.930,0.000,1328.228,296.284,0.000,0.000,0.000,0.000,0.000,0.000,-0.000,999,0.190,8.000,99,9999,99999,9,999999999,0.000,0.999,0,0,999,0.000,0
8,9,2019,5,0,,12.510,11.740,93.000,89238.930,0.000,1328.228,297.212,0.000,0.000,0.000,0.000,0.000,0.000,-0.000,999,0.190,8.000,99,9999,99999,9,999999999,0.010,0.999,0,0,999,0.010,99
8,9,2019,6,0,,12.300,11.780,99.000,89238.930,0.000,1328.228,298.440,0.000,0.000,0.000,0.000,0.000,0.000,-0.000,999,0.190,8.000,99,9999,99999,9,999999999,1.910,0.999,0,0,999,1.910,99
8,9,2019,7,0,,12.120,11.810,96.000,89238.930,63.846,1328.228,295.908,0.000,0.000,0.000,0.000,0.000,0.000,0.000,999,0.190,8.000,99,9999,99999,9,999999999,0.060,0.999,0,0,999,0.060,99
8,9,2019,8,0,,11.940,11.840,93.000,89238.930,357.602,1328.228,293.355,60.590,0.000,60.590,7270.800,0.000,6664.900,71.899,999,0.190,8.000,99,9999,99999,9,999999999,0.000,0.999,0,0,999,0.000,0
8,9,2019,9,0,,14.600,11.400,77.000,89238.930,622.010,1328.228,303.395,208.980,31.114,194.425,25077.600,2955.814,21386.699,132.291,999,0.190,8.000,99,9999,99999,9,999999999,0.000,0.999,0,0,999,0.000,0
8,9,2019,10,0,,15.970,11.160,70.000,89238.930,835.559,1328.228,308.683,343.610,74.075,297.032,41233.200,7037.132,32673.507,150.364,999,0.200,7.000,99,9999,99999,9,999999999,0.000,0.999,0,0,999,0.000,0
8,9,2019,11,0,,17.160,10.960,65.000,89238.930,983.414,1328.228,313.684,446.730,123.711,355.157,53607.600,11752.553,39067.273,152.726,999,0.510,7.000,99,9999,99999,9,999999999,0.000,0.999,0,0,999,0.000,0
8,9,2019,12,0,,18.130,10.790,61.000,89238.930,1055.428,1328.228,317.640,509.750,128.130,407.954,61170.000,12172.327,44874.926,163.448,999,1.160,7.000,99,9999,99999,9,999999999,0.000,0.999,0,0,999,0.000,0
8,9,2019,13,0,,18.830,10.660,58.000,89238.930,1046.667,1328.228,320.295,527.900,153.397,407.042,63348.000,14572.723,44774.636,164.449,999,1.940,7.000,99,9999,99999,9,999999999,0.000,0.999,0,0,999,0.000,0
8,9,2019,14,0,,19.250,10.590,57.000,89238.930,957.728,1328.228,322.482,499.860,219.209,341.841,59983.200,20824.860,37602.479,150.946,999,1.880,7.000,99,9999,99999,9,999999999,0.000,0.999,0,0,999,0.000,0
8,9,2019,15,0,,19.390,10.570,56.000,89238.930,794.698,1328.228,322.664,427.700,262.468,270.744,51324.000,24934.489,29781.851,144.115,999,1.800,7.000,99,9999,99999,9,999999999,0.000,0.999,0,0,999,0.000,0
8,9,2019,16,0,,19.170,10.600,57.000,89238.930,568.776,1328.228,321.913,316.900,352.903,165.976,38028.000,33525.781,18257.311,123.535,999,0.790,7.000,99,9999,99999,9,999999999,0.000,0.999,0,0,999,0.000,0
8,9,2019,17,0,,18.520,10.720,59.000,89238.930,295.775,1328.228,318.880,177.150,535.998,58.442,21258.000,50919.856,6428.582,83.995,999,0.360,8.000,99,9999,99999,9,999999999,0.000,0.999,0,0,999,0.000,0
8,9,2019,18,0,,17.540,10.890,63.000,89238.930,3.819,1328.228,314.945,32.260,0.000,0.000,3871.200,0.000,0.000,-0.000,999,0.450,8.000,99,9999,99999,9,999999999,0.000,0.999,0,0,999,0.000,0
8,9,2019,19,0,,16.960,10.990,66.000,89238.930,0.000,1328.228,312.967,0.000,0.000,0.000,0.000,0.000,0.000,-0.000,999,0.190,8.000,99,9999,99999,9,999999999,0.000,0.999,0,0,999,0.000,0
8,9,2019,20,0,,16.380,11.090,68.000,89238.930,0.000,1328.228,310.249,0.000,0.000,0.000,0.000,0.000,0.000,-0.000,999,0.240,8.000,99,9999,99999,9,999999999,0.000,0.999,0,0,999,0.000,0
8,9,2019,21,0,,15.790,11.190,71.000,89238.930,0.000,1328.228,308.060,0.000,0.000,0.000,0.000,0.000,0.000,-0.000,999,0.190,8.000,99,9999,99999,9,999999999,0.000,0.999,0,0,999,0.000,0
8,9,2019,22,0,,15.210,11.290,74.000,89238.930,0.000,1328.228,305.864,0.000,0.000,0.000,0.000,0.000,0.000,-0.000,999,0.430,8.000,99,9999,99999,9,999999999,0.000,0.999,0,0,999,0.000,0
8,9,2019,23,0,,14.630,11.390,77.000,89238.930,0.000,1328.228,303.601,0.000,0.000,0.000,0.000,0.000,0.000,-0.000,999,0.230,8.000,99,9999,99999,9,999999999,0.000,0.999,0,0,999,0.000,0
8,9,2019,24,0,,14.050,11.400,85.000,89238.930,0.000,1328.228,303.897,0.000,0.000,0.000,0.000,0.000,0.000,-0.000,999,0.180,8.000,99,9999,99999,9,999999999,0.220,0.999,0,0,999,0.220,99
8,10,2019,1,0,,13.760,11.460,87.000,89238.930,0.000,1328.228,302.907,0.000,0.000,0.000,0.000,0.000,0.000,-0.000,999,0.190,8.000,99,9999,99999,9,999999999,0.010,0.999,0,0,999,0.010,99
8,10,2019,2,0,,13.470,11.530,84.000,89238.930,0.000,1328.228,299.410,0.000,0.000,0.000,0.000,0.000,0.000,-0.000,999,0.120,8.000,99,9999,99999,9,999999999,0.000,0.999,0,0,999,0.000,0
8,10,2019,3,0,,13.170,11.600,91.000,89238.930,0.000,1328.228,300.791,0.000,0.000,0.000,0.000,0.000,0.000,-0.000,999,0.260,8.000,99,9999,99999,9,999999999,0.100,0.999,0,0,999,0.100,99
8,10,2019,4,0,,12.880,11.670,97.000,89238.930,0.000,1328.662,301.545,0.000,0.000,0.000,0.000,0.000,0.000,-0.000,999,0.400,8.000,99,9999,99999,9,999999999,4.580,0.999,0,0,999,4.580,99
8,10,2019,5,0,,12.590,11.740,90.000,89238.930,0.000,1328.662,296.365,0.000,0.000,0.000,0.000,0.000,0.000,-0.000,999,0.320,8.000,99,9999,99999,9,999999999,0.000,0.999,0,0,999,0.000,0
8,10,2019,6,0,,12.370,11.790,96.000,89238.930,0.000,1328.662,297.608,0.000,0.000,0.000,0.000,0.000,0.000,-0.000,999,0.600,8.000,99,9999,99999,9,999999999,0.010,0.999,0,0,999,0.010,99
8,10,2019,7,0,,12.180,11.840,97.000,89238.930,67.008,1328.662,296.754,0.000,0.000,0.000,0.000,0.000,0.000,0.000,999,0.590,8.000,99,9999,99999,9,999999999,0.050,0.999,0,0,999,0.050,99
8,10,2019,8,0,,11.980,11.880,99.000,89238.930,361.393,1328.662,296.259,64.690,0.000,64.690,7762.800,0.000,7115.900,75.978,999,0.630,8.000,99,9999,99999,9,999999999,0.030,0.999,0,0,999,0.030,99
8,10,2019,9,0,,14.050,11.400,81.000,89238.930,626.176,1328.662,301.812,137.520,0.654,137.212,16502.400,62.131,15093.330,92.770,999,1.010,8.000,99,9999,99999,9,999999999,0.000,0.999,0,0,999,0.000,0
8,10,2019,10,0,,15.240,11.110,74.000,89238.930,839.963,1328.662,306.071,276.940,20.562,263.947,33232.800,1953.402,29034.128,132.957,999,1.140,8.000,99,9999,99999,9,999999999,0.000,0.999,0,0,999,0.000,0
8,10,2019,11,0,,16.510,10.800,67.000,89238.930,987.909,1328.662,310.497,408.900,61.704,363.032,49068.000,5861.862,39933.506,155.452,999,2.220,7.000,99,9999,99999,9,999999999,0.000,0.999,0,0,999,0.000,0
8,10,2019,12,0,,17.180,10.630,64.000,89238.930,1059.859,1328.662,313.129,384.410,18.457,369.689,46129.200,1753.459,40665.807,147.546,999,2.190,8.000,99,9999,99999,9,999999999,0.000,0.999,0,0,999,0.000,0
8,10,2019,13,0,,17.950,10.430,60.000,89238.930,1050.887,1328.662,315.626,481.710,141.393,369.897,57805.200,13432.339,40688.644,148.890,999,3.230,7.000,99,9999,99999,9,999999999,0.000,0.999,0,0,999,0.000,0
8,10,2019,14,0,,19.070,10.150,55.000,89238.930,961.604,1328.662,319.567,675.860,568.755,264.340,81103.200,54031.693,29077.444,116.292,999,3.240,3.000,99,9999,99999,9,999999999,0.000,0.999,0,0,999,0.000,0
8,10,2019,15,0,,19.610,10.010,53.000,89238.930,798.119,1328.662,321.694,557.820,657.159,163.274,66938.400,62430.106,17960.143,86.565,999,1.970,4.000,99,9999,99999,9,999999999,0.000,0.999,0,0,999,0.000,0
8,10,2019,16,0,,19.470,10.040,54.000,89238.930,571.662,1328.662,321.559,338.510,377.347,176.364,40621.200,35847.919,19399.991,130.645,999,2.060,7.000,99,9999,99999,9,999999999,0.000,0.999,0,0,999,0.000,0
8,10,2019,17,0,,18.980,10.170,56.000,89238.930,298.079,1328.662,319.753,227.700,519.586,111.758,27324.000,49360.702,12293.429,159.422,999,1.320,6.000,99,9999,99999,9,999999999,0.000,0.999,0,0,999,0.000,0
8,10,2019,18,0,,18.210,10.370,59.000,89238.930,5.282,1328.662,316.694,111.140,0.000,0.000,13336.800,0.000,0.000,-0.000,999,1.000,0.000,99,9999,99999,9,999999999,0.000,0.999,0,0,999,0.000,0
8,10,2019,19,0,,17.480,10.550,62.000,89238.930,0.000,1328.662,313.806,0.000,0.000,0.000,0.000,0.000,0.000,-0.000,999,0.690,1.000,99,9999,99999,9,999999999,0.000,0.999,0,0,999,0.000,0
8,10,2019,20,0,,16.750,10.740,66.000,89238.930,0.000,1328.662,311.500,0.000,0.000,0.000,0.000,0.000,0.000,-0.000,999,0.840,1.000,99,9999,99999,9,999999999,0.000,0.999,0,0,999,0.000,0
8,10,2019,21,0,,16.020,10.920,69.000,89238.930,0.000,1328.662,308.395,0.000,0.000,0.000,0.000,0.000,0.000,-0.000,999,0.340,2.000,99,9999,99999,9,999999999,0.000,0.999,0,0,999,0.000,0
8,10,2019,22,0,,15.290,11.100,73.000,89238.930,0.000,1328.662,305.821,0.000,0.000,0.000,0.000,0.000,0.000,-0.000,999,0.220,2.000,99,9999,99999,9,999999999,0.000,0.999,0,0,999,0.000,0
8,10,2019,23,0,,14.570,11.270,77.000,89238.930,0.000,1328.662,303.189,0.000,0.000,0.000,0.000,0.000,0.000,-0.000,999,0.190,3.000,99,9999,99999,9,999999999,0.000,0.999,0,0,999,0.000,0
8,10,2019,24,0,,13.840,10.930,82.000,89238.930,0.000,1328.662,300.903,0.000,0.000,0.000,0.000,0.000,0.000,-0.000,999,0.540,3.000,99,9999,99999,9,999999999,0.000,0.999,0,0,999,0.000,0
8,11,2019,1,0,,13.470,10.960,84.000,89238.930,0.000,1328.662,299.410,0.000,0.000,0.000,0.000,0.000,0.000,-0.000,999,0.910,4.000,99,9999,99999,9,999999999,0.000,0.999,0,0,999,0.000,0
8,11,2019,2,0,,13.110,10.990,86.000,89238.930,0.000,1328.662,297.964,0.000,0.000,0.000,0.000,0.000,0.000,-0.000,999,0.610,5.000,99,9999,99999,9,999999999,0.000,0.999,0,0,999,0.000,0
8,11,2019,3,0,,12.740,11.020,89.000,89238.930,0.000,1328.662,296.909,0.000,0.000,0.000,0.000,0.000,0.000,-0.000,999,0.740,5.000,99,9999,99999,9,999999999,0.000,0.999,0,0,999,0.000,0
8,11,2019,4,0,,12.380,11.060,91.000,89238.930,0.000,1329.107,295.410,0.000,0.000,0.000,0.000,0.000,0.000,-0.000,999,0.580,6.000,99,9999,99999,9,999999999,0.000,0.999,0,0,999,0.000,0
8,11,2019,5,0,,12.020,11.090,93.000,89238.930,0.000,1329.107,293.894,0.000,0.000,0.000,0.000,0.000,0.000,-0.000,999,0.340,6.000,99,9999,99999,9,999999999,0.000,0.999,0,0,999,0.000,0
8,11,2019,6,0,,11.730,11.110,95.000,89238.930,0.000,1329.107,292.833,0.000,0.000,0.000,0.000,0.000,0.000,-0.000,999,0.220,7.000,99,9999,99999,9,999999999,0.000,0.999,0,0,999,0.000,0
8,11,2019,7,0,,11.490,11.130,97.000,89238.930,70.266,1329.107,292.089,0.000,0.000,0.000,0.000,0.000,0.000,0.000,999,0.220,7.000,99,9999,99999,9,999999999,0.000,0.999,0,0,999,0.000,0
8,11,2019,8,0,,11.250,11.150,99.000,89238.930,365.273,1329.107,291.328,73.070,0.000,73.070,8768.400,0.000,8037.700,84.930,999,0.370,8.000,99,9999,99999,9,999999999,0.000,0.999,0,0,999,0.000,0
8,11,2019,9,0,,14.540,10.870,78.000,89238.930,630.423,1329.107,303.542,210.450,31.817,195.374,25254.000,3022.571,21491.134,131.245,999,0.750,8.000,99,9999,99999,9,999999999,0.000,0.999,0,0,999,0.000,0
8,11,2019,10,0,,16.110,10.730,70.000,89238.930,844.439,1329.107,309.655,343.580,65.628,301.902,41229.600,6234.646,33209.207,151.320,999,1.190,7.000,99,9999,99999,9,999999999,0.000,0.999,0,0,999,0.000,0
8,11,2019,11,0,,17.480,10.610,64.000,89238.930,992.463,1329.107,315.232,445.420,117.043,358.043,53450.400,11119.105,39384.683,152.662,999,2.830,7.000,99,9999,99999,9,999999999,0.000,0.999,0,0,999,0.000,0
8,11,2019,12,0,,18.590,10.510,59.000,89238.930,1064.337,1329.107,319.376,507.550,121.012,410.661,60906.000,11496.137,45172.669,163.262,999,2.250,7.000,99,9999,99999,9,999999999,0.000,0.999,0,0,999,0.000,0
8,11,2019,13,0,,19.400,10.430,56.000,89238.930,1055.140,1329.107,322.735,525.280,144.833,410.321,63033.600,13759.129,45135.323,164.550,999,3.900,7.000,99,9999,99999,9,999999999,0.000,0.999,0,0,999,0.000,0
8,11,2019,14,0,,19.880,10.390,54.000,89238.930,965.498,1329.107,324.479,497.320,207.167,346.868,59678.400,19680.818,38155.533,152.033,999,3.920,7.000,99,9999,99999,9,999999999,0.000,0.999,0,0,999,0.000,0
8,11,2019,15,0,,20.040,10.380,53.000,89238.930,801.545,1329.107,324.756,425.720,195.705,307.757,51086.400,18591.935,33853.266,162.522,999,2.820,7.000,99,9999,99999,9,999999999,0.000,0.999,0,0,999,0.000,0
8,11,2019,16,0,,19.770,10.400,54.000,89238.930,574.544,1329.107,323.694,315.940,335.896,170.924,37912.800,31910.138,18801.614,126.020,999,2.180,7.000,99,9999,99999,9,999999999,0.000,0.999,0,0,999,0.000,0
8,11,2019,17,0,,19.000,10.470,57.000,89238.930,300.371,1329.107,320.705,177.490,515.116,61.692,21298.800,48936.055,6786.078,87.353,999,2.090,8.000,99,9999,99999,9,999999999,0.000,0.999,0,0,999,0.000,0
8,11,2019,18,0,,17.860,10.570,62.000,89238.930,6.737,1329.107,316.473,33.440,0.000,0.000,4012.800,0.000,0.000,-0.000,999,1.590,8.000,99,9999,99999,9,999999999,0.000,0.999,0,0,999,0.000,0
8,11,2019,19,0,,16.910,10.660,66.000,89238.930,0.000,1329.107,312.617,0.000,0.000,0.000,0.000,0.000,0.000,-0.000,999,1.020,8.000,99,9999,99999,9,999999999,0.000,0.999,0,0,999,0.000,0
8,11,2019,20,0,,15.970,10.740,71.000,89238.930,0.000,1329.107,309.309,0.000,0.000,0.000,0.000,0.000,0.000,-0.000,999,0.570,8.000,99,9999,99999,9,999999999,0.000,0.999,0,0,999,0.000,0
8,11,2019,21,0,,15.030,10.820,80.000,89238.930,0.000,1329.107,308.036,0.000,0.000,0.000,0.000,0.000,0.000,-0.000,999,0.220,8.000,99,9999,99999,9,999999999,0.010,0.999,0,0,999,0.010,99
8,11,2019,22,0,,14.090,10.910,86.000,89238.930,0.000,1329.107,304.682,0.000,0.000,0.000,0.000,0.000,0.000,-0.000,999,0.220,8.000,99,9999,99999,9,999999999,0.970,0.999,0,0,999,0.970,99
8,11,2019,23,0,,13.150,10.990,91.000,89238.930,0.000,1329.107,300.654,0.000,0.000,0.000,0.000,0.000,0.000,-0.000,999,0.220,8.000,99,9999,99999,9,999999999,0.020,0.999,0,0,999,0.020,99
8,11,2019,24,0,,12.200,8.340,77.000,89238.930,0.000,1329.107,287.257,0.000,0.000,0.000,0.000,0.000,0.000,-0.000,999,0.120,8.000,99,9999,99999,9,999999999,0.000,0.999,0,0,999,0.000,0
8,12,2019,1,0,,11.730,8.270,79.000,89238.930,0.000,1329.107,285.218,0.000,0.000,0.000,0.000,0.000,0.000,-0.000,999,0.120,8.000,99,9999,99999,9,999999999,0.000,0.999,0,0,999,0.000,0
8,12,2019,2,0,,11.260,8.200,81.000,89238.930,0.000,1329.107,283.161,0.000,0.000,0.000,0.000,0.000,0.000,-0.000,999,0.120,8.000,99,9999,99999,9,999999999,0.000,0.999,0,0,999,0.000,0
8,12,2019,3,0,,10.790,8.130,83.000,89238.930,0.000,1329.107,281.086,0.000,0.000,0.000,0.000,0.000,0.000,-0.000,999,0.120,8.000,99,9999,99999,9,999999999,0.000,0.999,0,0,999,0.000,0
8,12,2019,4,0,,10.320,8.050,85.000,89238.930,0.000,1329.563,278.995,0.000,0.000,0.000,0.000,0.000,0.000,-0.000,999,0.120,8.000,99,9999,99999,9,999999999,0.000,0.999,0,0,999,0.000,0
8,12,2019,5,0,,9.850,7.980,88.000,89238.930,0.000,1329.563,277.344,0.000,0.000,0.000,0.000,0.000,0.000,-0.000,999,0.120,8.000,99,9999,99999,9,999999999,0.000,0.999,0,0,999,0.000,0
8,12,2019,6,0,,9.480,7.930,89.000,89238.930,0.000,1329.563,275.414,0.000,0.000,0.000,0.000,0.000,0.000,-0.000,999,0.120,8.000,99,9999,99999,9,999999999,0.000,0.999,0,0,999,0.000,0
8,12,2019,7,0,,9.170,7.880,91.000,89238.930,73.619,1329.563,274.304,0.000,0.000,0.000,0.000,0.000,0.000,0.000,999,0.120,8.000,99,9999,99999,9,999999999,0.000,0.999,0,0,999,0.000,0
8,12,2019,8,0,,8.860,7.830,93.000,89238.930,369.239,1329.563,273.176,64.310,0.000,64.310,7717.200,0.000,7074.100,73.965,999,0.120,8.000,99,9999,99999,9,999999999,0.000,0.999,0,0,999,0.000,0
8,12,2019,9,0,,12.680,8.410,75.000,89238.930,634.750,1329.563,289.340,210.680,30.841,195.971,25281.600,2929.866,21556.793,130.791,999,0.310,8.000,99,9999,99999,9,999999999,0.000,0.999,0,0,999,0.000,0
8,12,2019,10,0,,14.580,8.690,67.000,89238.930,848.984,1329.563,297.290,342.730,63.308,302.322,41127.600,6014.303,33255.422,150.770,999,0.360,7.000,99,9999,99999,9,999999999,0.000,0.999,0,0,999,0.000,0
8,12,2019,11,0,,16.230,8.930,61.000,89238.930,997.074,1329.563,304.445,443.670,112.684,359.185,53240.400,10704.968,39510.321,152.493,999,0.960,7.000,99,9999,99999,9,999999999,0.000,0.999,0,0,999,0.000,0
8,12,2019,12,0,,17.560,9.130,57.000,89238.930,1068.858,1329.563,310.613,505.190,116.400,411.629,60622.800,11058.040,45279.163,163.010,999,1.710,7.000,99,9999,99999,9,999999999,0.000,0.999,0,0,999,0.000,0
8,12,2019,13,0,,18.530,9.260,54.000,89238.930,1059.422,1329.563,314.942,522.650,139.293,411.677,62718.000,13232.821,45284.521,164.483,999,1.850,7.000,99,9999,99999,9,999999999,0.000,0.999,0,0,999,0.000,0
8,12,2019,14,0,,19.110,9.350,53.000,89238.930,969.407,1329.563,318.162,494.790,199.371,349.463,59374.800,18940.246,38440.901,152.604,999,1.680,7.000,99,9999,99999,9,999999999,0.000,0.999,0,0,999,0.000,0
8,12,2019,15,0,,19.300,9.370,52.000,89238.930,804.975,1329.563,318.632,423.650,188.641,309.496,50838.000,17920.914,34044.595,162.799,999,1.370,7.000,99,9999,99999,9,999999999,0.000,0.999,0,0,999,0.000,0
8,12,2019,16,0,,18.980,9.330,53.000,89238.930,577.419,1329.563,317.248,314.630,324.742,173.774,37755.600,30850.446,19115.160,127.526,999,1.270,7.000,99,9999,99999,9,999999999,0.000,0.999,0,0,999,0.000,0
8,12,2019,17,0,,18.070,9.200,56.000,89238.930,302.650,1329.563,313.365,177.170,501.842,63.530,21260.400,47675.010,6988.276,89.302,999,0.620,8.000,99,9999,99999,9,999999999,0.000,0.999,0,0,999,0.000,0
8,12,2019,18,0,,16.720,9.010,60.000,89238.930,8.184,1329.563,307.081,33.940,0.000,0.000,4072.800,0.000,0.000,-0.000,999,0.420,8.000,99,9999,99999,9,999999999,0.000,0.999,0,0,999,0.000,0
8,12,2019,19,0,,15.960,8.900,62.000,89238.930,0.000,1329.563,303.309,0.000,0.000,0.000,0.000,0.000,0.000,-0.000,999,0.210,8.000,99,9999,99999,9,999999999,0.000,0.999,0,0,999,0.000,0
8,12,2019,20,0,,15.200,8.780,65.000,89238.930,0.000,1329.563,300.182,0.000,0.000,0.000,0.000,0.000,0.000,-0.000,999,0.120,8.000,99,9999,99999,9,999999999,0.000,0.999,0,0,999,0.000,0
8,12,2019,21,0,,14.440,8.670,68.000,89238.930,0.000,1329.563,296.977,0.000,0.000,0.000,0.000,0.000,0.000,-0.000,999,0.120,8.000,99,9999,99999,9,999999999,0.000,0.999,0,0,999,0.000,0
8,12,2019,22,0,,13.680,8.560,71.000,89238.930,0.000,1329.563,293.704,0.000,0.000,0.000,0.000,0.000,0.000,-0.000,999,0.120,8.000,99,9999,99999,9,999999999,0.000,0.999,0,0,999,0.000,0
8,12,2019,23,0,,12.920,8.450,74.000,89238.930,0.000,1329.563,290.374,0.000,0.000,0.000,0.000,0.000,0.000,-0.000,999,0.120,8.000,99,9999,99999,9,999999999,0.000,0.999,0,0,999,0.000,0
8,12,2019,24,0,,12.150,8.540,78.000,89238.930,0.000,1329.563,287.457,0.000,0.000,0.000,0.000,0.000,0.000,-0.000,999,0.450,8.000,99,9999,99999,9,999999999,0.000,0.999,0,0,999,0.000,0
8,13,2019,1,0,,11.770,8.510,80.000,89238.930,0.000,1329.563,285.994,0.000,0.000,0.000,0.000,0.000,0.000,-0.000,999,0.450,8.000,99,9999,99999,9,999999999,0.000,0.999,0,0,999,0.000,0
8,13,2019,2,0,,11.390,8.480,82.000,89238.930,0.000,1329.563,284.508,0.000,0.000,0.000,0.000,0.000,0.000,-0.000,999,0.450,8.000,99,9999,99999,9,999999999,0.000,0.999,0,0,999,0.000,0
8,13,2019,3,0,,11.010,8.450,84.000,89238.930,0.000,1329.563,283.000,0.000,0.000,0.000,0.000,0.000,0.000,-0.000,999,0.450,8.000,99,9999,99999,9,999999999,0.000,0.999,0,0,999,0.000,0
8,13,2019,4,0,,10.630,8.420,86.000,89238.930,0.000,1330.029,281.473,0.000,0.000,0.000,0.000,0.000,0.000,-0.000,999,0.450,8.000,99,9999,99999,9,999999999,0.000,0.999,0,0,999,0.000,0
8,13,2019,5,0,,10.250,8.390,88.000,89238.930,0.000,1330.029,279.927,0.000,0.000,0.000,0.000,0.000,0.000,-0.000,999,0.450,8.000,99,9999,99999,9,999999999,0.000,0.999,0,0,999,0.000,0
8,13,2019,6,0,,9.960,8.370,89.000,89238.930,0.000,1330.029,278.502,0.000,0.000,0.000,0.000,0.000,0.000,-0.000,999,0.450,8.000,99,9999,99999,9,999999999,0.000,0.999,0,0,999,0.000,0
8,13,2019,7,0,,9.710,8.350,91.000,89238.930,77.064,1330.029,277.771,0.000,0.000,0.000,0.000,0.000,0.000,0.000,999,0.450,8.000,99,9999,99999,9,999999999,0.000,0.999,0,0,999,0.000,0
8,13,2019,8,0,,9.460,8.330,92.000,89238.930,373.289,1330.029,276.593,82.540,0.000,82.540,9904.800,0.000,9079.400,93.928,999,0.450,8.000,99,9999,99999,9,999999999,0.000,0.999,0,0,999,0.000,0
8,13,2019,9,0,,13.160,8.620,73.000,89238.930,639.154,1330.029,291.401,266.100,104.610,215.878,31932.000,9937.940,23746.580,143.132,999,0.450,6.000,99,9999,99999,9,999999999,0.000,0.999,0,0,999,0.000,0
8,13,2019,10,0,,15.030,8.760,66.000,89238.930,853.596,1330.029,299.685,437.860,163.879,332.728,52543.200,15568.527,36600.131,165.094,999,0.450,5.000,99,9999,99999,9,999999999,0.000,0.999,0,0,999,0.000,0
8,13,2019,11,0,,16.710,8.890,59.000,89238.930,1001.739,1330.029,306.276,578.670,289.840,360.420,69440.400,27534.822,39646.158,152.357,999,0.450,4.000,99,9999,99999,9,999999999,0.000,0.999,0,0,999,0.000,0
8,13,2019,12,0,,18.050,8.990,55.000,89238.930,1073.421,1330.029,312.421,655.090,330.097,388.722,78610.800,31359.176,42759.457,153.338,999,0.450,4.000,99,9999,99999,9,999999999,0.000,0.999,0,0,999,0.000,0
8,13,2019,13,0,,19.040,9.070,52.000,89238.930,1063.731,1330.029,316.806,685.840,423.759,346.982,82300.800,40257.070,38168.056,138.121,999,0.920,4.000,99,9999,99999,9,999999999,0.000,0.999,0,0,999,0.000,0
8,13,2019,14,0,,19.700,9.120,50.000,89238.930,973.331,1330.029,319.661,666.940,545.641,267.735,80032.800,51835.915,29450.852,116.484,999,0.870,3.000,99,9999,99999,9,999999999,0.000,0.999,0,0,999,0.000,0
8,13,2019,15,0,,20.010,9.140,49.000,89238.930,808.407,1330.029,320.924,599.750,749.142,144.641,71970.000,71168.448,15910.498,75.786,999,1.130,3.000,99,9999,99999,9,999999999,0.000,0.999,0,0,999,0.000,0
8,13,2019,16,0,,19.900,9.130,49.000,89238.930,580.287,1330.029,320.147,468.970,774.918,131.296,56276.400,73617.172,14442.507,95.909,999,0.450,3.000,99,9999,99999,9,999999999,0.000,0.999,0,0,999,0.000,0
8,13,2019,17,0,,19.130,9.080,52.000,89238.930,304.916,1330.029,317.437,280.460,594.319,144.908,33655.200,56460.335,15939.931,202.236,999,0.450,4.000,99,9999,99999,9,999999999,0.000,0.999,0,0,999,0.000,0
8,13,2019,18,0,,17.790,8.970,56.000,89238.930,9.623,1330.029,311.419,65.110,0.000,0.000,7813.200,0.000,0.000,-0.000,999,0.450,7.000,99,9999,99999,9,999999999,0.000,0.999,0,0,999,0.000,0
8,13,2019,19,0,,16.920,8.910,59.000,89238.930,0.000,1330.029,307.719,0.000,0.000,0.000,0.000,0.000,0.000,-0.000,999,0.450,7.000,99,9999,99999,9,999999999,0.000,0.999,0,0,999,0.000,0
8,13,2019,20,0,,16.040,8.840,62.000,89238.930,0.000,1330.029,303.854,0.000,0.000,0.000,0.000,0.000,0.000,-0.000,999,0.450,7.000,99,9999,99999,9,999999999,0.000,0.999,0,0,999,0.000,0
8,13,2019,21,0,,15.160,8.770,65.000,89238.930,0.000,1330.029,299.911,0.000,0.000,0.000,0.000,0.000,0.000,-0.000,999,0.450,7.000,99,9999,99999,9,999999999,0.000,0.999,0,0,999,0.000,0
8,13,2019,22,0,,14.280,8.710,69.000,89238.930,0.000,1330.029,296.520,0.000,0.000,0.000,0.000,0.000,0.000,-0.000,999,0.450,7.000,99,9999,99999,9,999999999,0.000,0.999,0,0,999,0.000,0
8,13,2019,23,0,,13.400,8.640,72.000,89238.930,0.000,1330.029,292.423,0.000,0.000,0.000,0.000,0.000,0.000,-0.000,999,0.450,7.000,99,9999,99999,9,999999999,0.000,0.999,0,0,999,0.000,0
8,13,2019,24,0,,12.520,8.000,73.000,89238.930,0.000,1330.029,287.172,0.000,0.000,0.000,0.000,0.000,0.000,-0.000,999,0.110,7.000,99,9999,99999,9,999999999,0.000,0.999,0,0,999,0.000,0
8,14,2019,1,0,,12.080,8.040,76.000,89238.930,0.000,1330.029,285.933,0.000,0.000,0.000,0.000,0.000,0.000,-0.000,999,0.110,8.000,99,9999,99999,9,999999999,0.000,0.999,0,0,999,0.000,0
8,14,2019,2,0,,11.640,8.080,78.000,89238.930,0.000,1330.029,284.111,0.000,0.000,0.000,0.000,0.000,0.000,-0.000,999,0.110,8.000,99,9999,99999,9,999999999,0.000,0.999,0,0,999,0.000,0
8,14,2019,3,0,,11.200,8.120,81.000,89238.930,0.000,1330.029,282.769,0.000,0.000,0.000,0.000,0.000,0.000,-0.000,999,0.110,8.000,99,9999,99999,9,999999999,0.000,0.999,0,0,999,0.000,0
8,14,2019,4,0,,10.760,8.160,83.000,89238.930,0.000,1330.506,280.891,0.000,0.000,0.000,0.000,0.000,0.000,-0.000,999,0.110,8.000,99,9999,99999,9,999999999,0.000,0.999,0,0,999,0.000,0
8,14,2019,5,0,,10.320,8.200,86.000,89238.930,0.000,1330.506,279.462,0.000,0.000,0.000,0.000,0.000,0.000,-0.000,999,0.110,8.000,99,9999,99999,9,999999999,0.000,0.999,0,0,999,0.000,0
8,14,2019,6,0,,9.980,8.240,88.000,89238.930,0.000,1330.506,278.181,0.000,0.000,0.000,0.000,0.000,0.000,-0.000,999,0.110,8.000,99,9999,99999,9,999999999,0.000,0.999,0,0,999,0.000,0
8,14,2019,7,0,,9.690,8.260,90.000,89238.930,80.602,1330.506,277.204,0.000,0.000,0.000,0.000,0.000,0.000,0.000,999,0.110,8.000,99,9999,99999,9,999999999,0.000,0.999,0,0,999,0.000,0
8,14,2019,8,0,,9.400,8.290,92.000,89238.930,377.422,1330.506,276.208,82.030,0.000,82.030,9843.600,0.000,9023.300,92.351,999,0.110,8.000,99,9999,99999,9,999999999,0.000,0.999,0,0,999,0.000,0
8,14,2019,9,0,,13.100,7.950,70.000,89238.930,643.632,1330.506,289.263,279.110,133.422,214.629,33493.200,12675.043,23609.205,141.362,999,0.110,6.000,99,9999,99999,9,999999999,0.000,0.999,0,0,999,0.000,0
8,14,2019,10,0,,15.120,7.760,61.000,89238.930,858.272,1330.506,296.934,475.570,264.798,304.827,57068.400,25155.768,33530.962,150.478,999,0.310,4.000,99,9999,99999,9,999999999,0.000,0.999,0,0,999,0.000,0
8,14,2019,11,0,,16.890,7.600,54.000,89238.930,1006.457,1330.506,303.647,625.980,397.498,325.360,75117.600,37762.263,35789.636,136.940,999,0.920,3.000,99,9999,99999,9,999999999,0.000,0.999,0,0,999,0.000,0
8,14,2019,12,0,,18.280,7.460,49.000,89238.930,1078.021,1330.506,308.882,705.130,423.666,361.914,84615.600,40248.257,39810.573,142.204,999,1.630,3.000,99,9999,99999,9,999999999,0.000,0.999,0,0,999,0.000,0
8,14,2019,13,0,,19.320,7.360,45.000,89238.930,1068.065,1330.506,312.256,737.860,504.688,332.787,88543.200,47945.373,36606.555,131.979,999,1.170,2.000,99,9999,99999,9,999999999,0.000,0.999,0,0,999,0.000,0
8,14,2019,14,0,,19.980,7.300,43.000,89238.930,977.266,1330.506,314.783,707.780,654.003,227.530,84933.600,62130.299,25028.328,98.628,999,1.790,2.000,99,9999,99999,9,999999999,0.000,0.999,0,0,999,0.000,0
8,14,2019,15,0,,20.220,7.280,43.000,89238.930,811.840,1330.506,316.449,610.440,770.940,140.265,73252.800,73239.310,15429.143,73.208,999,1.950,2.000,99,9999,99999,9,999999999,0.000,0.999,0,0,999,0.000,0
8,14,2019,16,0,,20.000,7.300,43.000,89238.930,583.147,1330.506,314.921,472.930,776.247,133.126,56751.600,73743.492,14643.871,96.802,999,1.460,2.000,99,9999,99999,9,999999999,0.000,0.999,0,0,999,0.000,0
8,14,2019,17,0,,19.100,7.390,46.000,89238.930,307.167,1330.506,311.719,262.550,619.489,120.255,31506.000,58851.457,13228.032,166.646,999,0.800,5.000,99,9999,99999,9,999999999,0.000,0.999,0,0,999,0.000,0
8,14,2019,18,0,,17.710,7.520,51.000,89238.930,11.054,1330.506,306.739,56.700,0.000,0.000,6804.000,0.000,0.000,-0.000,999,0.570,8.000,99,9999,99999,9,999999999,0.000,0.999,0,0,999,0.000,0
8,14,2019,19,0,,16.960,7.590,53.000,89238.930,0.000,1330.506,303.311,0.000,0.000,0.000,0.000,0.000,0.000,-0.000,999,0.170,8.000,99,9999,99999,9,999999999,0.000,0.999,0,0,999,0.000,0
8,14,2019,20,0,,16.200,7.660,56.000,89238.930,0.000,1330.506,300.546,0.000,0.000,0.000,0.000,0.000,0.000,-0.000,999,0.110,8.000,99,9999,99999,9,999999999,0.000,0.999,0,0,999,0.000,0
8,14,2019,21,0,,15.450,7.730,59.000,89238.930,0.000,1330.506,297.731,0.000,0.000,0.000,0.000,0.000,0.000,-0.000,999,0.110,8.000,99,9999,99999,9,999999999,0.000,0.999,0,0,999,0.000,0
8,14,2019,22,0,,14.690,7.800,63.000,89238.930,0.000,1330.506,295.422,0.000,0.000,0.000,0.000,0.000,0.000,-0.000,999,0.110,8.000,99,9999,99999,9,999999999,0.000,0.999,0,0,999,0.000,0
8,14,2019,23,0,,13.940,7.870,66.000,89238.930,0.000,1330.506,292.379,0.000,0.000,0.000,0.000,0.000,0.000,-0.000,999,0.110,8.000,99,9999,99999,9,999999999,0.000,0.999,0,0,999,0.000,0
8,14,2019,24,0,,13.180,10.510,88.000,89238.930,0.000,1330.506,299.422,0.000,0.000,0.000,0.000,0.000,0.000,-0.000,999,0.220,8.000,99,9999,99999,9,999999999,0.010,0.999,0,0,999,0.010,99
8,15,2019,1,0,,12.810,10.500,90.000,89238.930,0.000,1330.506,297.859,0.000,0.000,0.000,0.000,0.000,0.000,-0.000,999,0.220,8.000,99,9999,99999,9,999999999,0.970,0.999,0,0,999,0.970,99
8,15,2019,2,0,,12.430,10.480,87.000,89238.930,0.000,1330.506,293.855,0.000,0.000,0.000,0.000,0.000,0.000,-0.000,999,0.220,8.000,99,9999,99999,9,999999999,0.000,0.999,0,0,999,0.000,0
8,15,2019,3,0,,12.050,10.470,90.000,89238.930,0.000,1330.506,292.722,0.000,0.000,0.000,0.000,0.000,0.000,-0.000,999,0.230,8.000,99,9999,99999,9,999999999,0.000,0.999,0,0,999,0.000,0
8,15,2019,4,0,,11.670,10.450,92.000,89238.930,0.000,1330.993,291.092,0.000,0.000,0.000,0.000,0.000,0.000,-0.000,999,0.220,8.000,99,9999,99999,9,999999999,0.000,0.999,0,0,999,0.000,0
8,15,2019,5,0,,11.300,10.440,94.000,89238.930,0.000,1330.993,289.513,0.000,0.000,0.000,0.000,0.000,0.000,-0.000,999,0.220,8.000,99,9999,99999,9,999999999,0.000,0.999,0,0,999,0.000,0
8,15,2019,6,0,,11.010,10.430,96.000,89238.930,0.000,1330.993,288.450,0.000,0.000,0.000,0.000,0.000,0.000,-0.000,999,0.220,8.000,99,9999,99999,9,999999999,0.000,0.999,0,0,999,0.000,0
8,15,2019,7,0,,10.760,10.420,97.000,89238.930,84.229,1330.993,287.216,0.000,0.000,0.000,0.000,0.000,0.000,0.000,999,0.220,8.000,99,9999,99999,9,999999999,0.000,0.999,0,0,999,0.000,0
8,15,2019,8,0,,10.510,10.410,99.000,89238.930,381.634,1330.993,286.395,55.690,0.000,55.690,6682.800,0.000,6125.900,62.023,999,0.220,8.000,99,9999,99999,9,999999999,0.000,0.999,0,0,999,0.000,0
8,15,2019,9,0,,13.530,10.520,82.000,89238.930,648.182,1330.993,298.789,173.450,9.418,168.868,20814.000,894.697,18575.469,110.480,999,0.220,8.000,99,9999,99999,9,999999999,0.000,0.999,0,0,999,0.000,0
8,15,2019,10,0,,14.970,10.580,75.000,89238.930,863.009,1330.993,304.795,279.060,11.576,271.557,33487.200,1099.702,29871.307,133.367,999,0.220,8.000,99,9999,99999,9,999999999,0.000,0.999,0,0,999,0.000,0
8,15,2019,11,0,,16.220,10.630,74.000,89238.930,1011.223,1330.993,312.894,359.630,11.699,350.744,43155.600,1111.394,38581.804,146.981,999,0.480,8.000,99,9999,99999,9,999999999,0.020,0.999,0,0,999,0.020,99
8,15,2019,12,0,,17.230,10.670,65.000,89238.930,1082.657,1330.993,314.174,408.580,11.655,399.101,49029.600,1107.183,43901.151,156.201,999,0.450,8.000,99,9999,99999,9,999999999,0.000,0.999,0,0,999,0.000,0
8,15,2019,13,0,,17.970,10.690,62.000,89238.930,1072.421,1330.993,317.249,422.230,13.851,411.071,50667.600,1315.875,45217.849,162.423,999,1.010,8.000,99,9999,99999,9,999999999,0.000,0.999,0,0,999,0.000,0
8,15,2019,14,0,,18.400,10.710,60.000,89238.930,981.212,1330.993,318.797,399.590,80.010,340.621,47950.800,7600.955,37468.301,147.110,999,2.010,8.000,99,9999,99999,9,999999999,0.000,0.999,0,0,999,0.000,0
8,15,2019,15,0,,18.550,10.720,60.000,89238.930,815.272,1330.993,319.860,342.340,105.726,277.611,41080.800,10043.976,30537.246,144.335,999,1.750,8.000,99,9999,99999,9,999999999,0.000,0.999,0,0,999,0.000,0
8,15,2019,16,0,,18.290,10.710,61.000,89238.930,585.998,1330.993,318.771,254.780,133.141,196.233,30573.600,12648.437,21585.604,142.046,999,1.510,8.000,99,9999,99999,9,999999999,0.000,0.999,0,0,999,0.000,0
8,15,2019,17,0,,17.600,10.680,63.000,89238.930,309.405,1330.993,315.366,144.450,287.042,78.056,17334.000,27268.968,8586.208,107.418,999,1.220,8.000,99,9999,99999,9,999999999,0.000,0.999,0,0,999,0.000,0
8,15,2019,18,0,,16.560,10.640,68.000,89238.930,12.477,1330.993,311.503,28.970,0.000,28.970,3476.400,0.000,3186.700,8096.123,999,0.360,8.000,99,9999,99999,9,999999999,0.000,0.999,0,0,999,0.000,0
8,15,2019,19,0,,16.190,10.630,69.000,89238.930,0.000,1330.993,309.574,0.000,0.000,0.000,0.000,0.000,0.000,-0.000,999,0.220,7.000,99,9999,99999,9,999999999,0.000,0.999,0,0,999,0.000,0
8,15,2019,20,0,,15.810,10.610,71.000,89238.930,0.000,1330.993,308.198,0.000,0.000,0.000,0.000,0.000,0.000,-0.000,999,0.220,7.000,99,9999,99999,9,999999999,0.000,0.999,0,0,999,0.000,0
8,15,2019,21,0,,15.430,10.600,72.000,89238.930,0.000,1330.993,306.184,0.000,0.000,0.000,0.000,0.000,0.000,-0.000,999,0.220,6.000,99,9999,99999,9,999999999,0.000,0.999,0,0,999,0.000,0
8,15,2019,22,0,,15.060,10.580,74.000,89238.930,0.000,1330.993,304.830,0.000,0.000,0.000,0.000,0.000,0.000,-0.000,999,0.220,6.000,99,9999,99999,9,999999999,0.000,0.999,0,0,999,0.000,0
8,15,2019,23,0,,14.680,10.570,76.000,89238.930,0.000,1330.993,303.377,0.000,0.000,0.000,0.000,0.000,0.000,-0.000,999,0.220,5.000,99,9999,99999,9,999999999,0.000,0.999,0,0,999,0.000,0
8,15,2019,24,0,,14.310,12.560,81.000,89238.930,0.000,1330.993,303.597,0.000,0.000,0.000,0.000,0.000,0.000,-0.000,999,0.460,5.000,99,9999,99999,9,999999999,0.000,0.999,0,0,999,0.000,0
8,16,2019,1,0,,14.120,12.600,83.000,89238.930,0.000,1330.993,303.347,0.000,0.000,0.000,0.000,0.000,0.000,-0.000,999,0.560,4.000,99,9999,99999,9,999999999,0.000,0.999,0,0,999,0.000,0
8,16,2019,2,0,,13.930,12.650,84.000,89238.930,0.000,1330.993,302.559,0.000,0.000,0.000,0.000,0.000,0.000,-0.000,999,0.820,3.000,99,9999,99999,9,999999999,0.000,0.999,0,0,999,0.000,0
8,16,2019,3,0,,13.740,12.690,85.000,89238.930,0.000,1330.993,301.765,0.000,0.000,0.000,0.000,0.000,0.000,-0.000,999,0.820,3.000,99,9999,99999,9,999999999,0.000,0.999,0,0,999,0.000,0
8,16,2019,4,0,,13.550,12.740,86.000,89238.930,0.000,1331.490,300.966,0.000,0.000,0.000,0.000,0.000,0.000,-0.000,999,0.470,2.000,99,9999,99999,9,999999999,0.000,0.999,0,0,999,0.000,0
8,16,2019,5,0,,13.370,12.780,87.000,89238.930,0.000,1331.490,300.231,0.000,0.000,0.000,0.000,0.000,0.000,-0.000,999,0.530,2.000,99,9999,99999,9,999999999,0.000,0.999,0,0,999,0.000,0
8,16,2019,6,0,,13.220,12.810,88.000,89238.930,0.000,1331.490,299.695,0.000,0.000,0.000,0.000,0.000,0.000,-0.000,999,0.750,1.000,99,9999,99999,9,999999999,0.000,0.999,0,0,999,0.000,0
8,16,2019,7,0,,13.100,12.840,89.000,89238.930,87.944,1331.490,299.359,0.000,0.000,0.000,0.000,0.000,0.000,0.000,999,0.560,1.000,99,9999,99999,9,999999999,0.000,0.999,0,0,999,0.000,0
8,16,2019,8,0,,12.970,12.870,90.000,89238.930,385.925,1331.490,298.949,173.360,238.253,104.520,20803.200,22634.077,11497.248,115.147,999,0.460,0.000,99,9999,99999,9,999999999,0.000,0.999,0,0,999,0.000,0
8,16,2019,9,0,,17.840,11.710,62.000,89238.930,652.802,1331.490,316.333,366.250,332.343,203.460,43950.000,31572.579,22380.565,132.217,999,0.470,0.000,99,9999,99999,9,999999999,0.000,0.999,0,0,999,0.000,0
8,16,2019,10,0,,18.360,11.580,60.000,89238.930,867.806,1331.490,318.514,357.110,81.646,303.918,42853.200,7756.379,33430.968,148.489,999,0.460,7.000,99,9999,99999,9,999999999,0.000,0.999,0,0,999,0.000,0
8,16,2019,11,0,,18.550,11.530,64.000,89238.930,1016.036,1331.490,322.822,341.530,20.127,326.174,40983.600,1912.095,35879.189,136.088,999,0.460,8.000,99,9999,99999,9,999999999,0.020,0.999,0,0,999,0.020,99
8,16,2019,12,0,,19.160,11.380,61.000,89238.930,1087.327,1331.490,324.975,477.720,138.924,364.288,57326.400,13197.787,40071.674,142.016,999,0.460,7.000,99,9999,99999,9,999999999,0.010,0.999,0,0,999,0.010,99
8,16,2019,13,0,,18.380,11.580,64.000,89238.930,1076.797,1331.490,321.607,191.230,3.474,188.421,22947.600,329.990,20726.343,74.174,999,0.460,8.000,99,9999,99999,9,999999999,0.040,0.999,0,0,999,0.040,99
8,16,2019,14,0,,17.580,11.770,68.000,89238.930,985.165,1331.490,318.684,133.280,2.161,131.682,15993.600,205.251,14484.999,56.664,999,0.460,8.000,99,9999,99999,9,999999999,0.050,0.999,0,0,999,0.050,99
8,16,2019,15,0,,17.690,11.750,67.000,89238.930,818.702,1331.490,318.791,321.970,66.305,281.220,38636.400,6298.963,30934.243,145.653,999,0.460,8.000,99,9999,99999,9,999999999,0.010,0.999,0,0,999,0.010,99
8,16,2019,16,0,,17.360,11.830,69.000,89238.930,588.839,1331.490,317.787,196.920,31.580,182.971,23630.400,3000.100,20126.789,131.855,999,0.460,8.000,99,9999,99999,9,999999999,0.110,0.999,0,0,999,0.110,99
8,16,2019,17,0,,16.690,11.990,72.000,89238.930,311.628,1331.490,314.973,66.020,0.000,66.020,7922.400,0.000,7262.200,90.233,999,0.460,8.000,99,9999,99999,9,999999999,0.320,0.999,0,0,999,0.320,99
8,16,2019,18,0,,16.030,12.150,76.000,89238.930,13.892,1331.490,312.752,27.680,0.000,27.680,3321.600,0.000,3044.800,3717.118,999,0.460,8.000,99,9999,99999,9,999999999,0.080,0.999,0,0,999,0.080,99
8,16,2019,19,0,,15.420,12.300,79.000,89238.930,0.000,1331.490,310.200,0.000,0.000,0.000,0.000,0.000,0.000,-0.000,999,0.460,8.000,99,9999,99999,9,999999999,0.160,0.999,0,0,999,0.160,99
8,16,2019,20,0,,14.810,12.440,83.000,89238.930,0.000,1331.490,308.124,0.000,0.000,0.000,0.000,0.000,0.000,-0.000,999,0.460,8.000,99,9999,99999,9,999999999,0.220,0.999,0,0,999,0.220,99
8,16,2019,21,0,,14.200,12.590,86.000,89238.930,0.000,1331.490,305.443,0.000,0.000,0.000,0.000,0.000,0.000,-0.000,999,0.460,8.000,99,9999,99999,9,999999999,0.490,0.999,0,0,999,0.490,99
8,16,2019,22,0,,13.590,12.730,99.000,89238.930,0.000,1331.490,307.359,0.000,0.000,0.000,0.000,0.000,0.000,-0.000,999,0.460,8.000,99,9999,99999,9,999999999,12.610,0.999,0,0,999,12.610,99
8,16,2019,23,0,,12.980,12.870,94.000,89238.930,0.000,1331.490,300.881,0.000,0.000,0.000,0.000,0.000,0.000,-0.000,999,0.460,8.000,99,9999,99999,9,999999999,0.880,0.999,0,0,999,0.880,99
8,16,2019,24,0,,12.370,9.240,81.000,89238.930,0.000,1331.490,290.471,0.000,0.000,0.000,0.000,0.000,0.000,-0.000,999,0.210,8.000,99,9999,99999,9,999999999,0.000,0.999,0,0,999,0.000,0
8,17,2019,1,0,,12.070,9.200,82.000,89238.930,0.000,1331.490,288.987,0.000,0.000,0.000,0.000,0.000,0.000,-0.000,999,0.210,8.000,99,9999,99999,9,999999999,0.000,0.999,0,0,999,0.000,0
8,17,2019,2,0,,11.760,9.150,83.000,89238.930,0.000,1331.490,287.436,0.000,0.000,0.000,0.000,0.000,0.000,-0.000,999,0.210,7.000,99,9999,99999,9,999999999,0.000,0.999,0,0,999,0.000,0
8,17,2019,3,0,,11.460,9.100,85.000,89238.930,0.000,1331.490,286.433,0.000,0.000,0.000,0.000,0.000,0.000,-0.000,999,0.210,7.000,99,9999,99999,9,999999999,0.000,0.999,0,0,999,0.000,0
8,17,2019,4,0,,11.160,9.060,86.000,89238.930,0.000,1331.998,284.937,0.000,0.000,0.000,0.000,0.000,0.000,-0.000,999,0.210,7.000,99,9999,99999,9,999999999,0.000,0.999,0,0,999,0.000,0
8,17,2019,5,0,,10.850,9.010,88.000,89238.930,0.000,1331.998,283.837,0.000,0.000,0.000,0.000,0.000,0.000,-0.000,999,0.210,7.000,99,9999,99999,9,999999999,0.000,0.999,0,0,999,0.000,0
8,17,2019,6,0,,10.610,8.970,89.000,89238.930,0.000,1331.998,282.724,0.000,0.000,0.000,0.000,0.000,0.000,-0.000,999,0.210,7.000,99,9999,99999,9,999999999,0.000,0.999,0,0,999,0.000,0
8,17,2019,7,0,,10.410,8.940,90.000,89238.930,91.746,1331.998,281.869,0.000,0.000,0.000,0.000,0.000,0.000,0.000,999,0.210,7.000,99,9999,99999,9,999999999,0.000,0.999,0,0,999,0.000,0
8,17,2019,8,0,,10.210,8.910,91.000,89238.930,390.292,1331.998,281.011,105.690,9.526,102.907,12682.800,904.926,11319.821,112.136,999,0.210,7.000,99,9999,99999,9,999999999,0.000,0.999,0,0,999,0.000,0
8,17,2019,9,0,,15.200,9.670,69.000,89238.930,657.490,1331.998,302.754,299.520,147.280,226.887,35942.400,13991.572,24957.574,146.443,999,0.210,5.000,99,9999,99999,9,999999999,0.000,0.999,0,0,999,0.000,0
8,17,2019,10,0,,16.960,9.930,63.000,89238.930,872.658,1331.998,310.894,416.800,167.870,306.863,50016.000,15947.630,33754.938,149.150,999,0.400,6.000,99,9999,99999,9,999999999,0.000,0.999,0,0,999,0.000,0
8,17,2019,11,0,,17.980,10.080,59.000,89238.930,1020.893,1331.998,315.079,439.400,83.337,375.541,52728.000,7916.997,41309.481,155.998,999,0.380,7.000,99,9999,99999,9,999999999,0.000,0.999,0,0,999,0.000,0
8,17,2019,12,0,,18.740,10.180,57.000,89238.930,1092.027,1331.998,318.864,469.890,79.875,404.415,56386.800,7588.086,44485.640,157.040,999,0.540,7.000,99,9999,99999,9,999999999,0.000,0.999,0,0,999,0.000,0
8,17,2019,13,0,,19.650,10.310,54.000,89238.930,1081.191,1331.998,322.839,567.220,212.789,394.524,68066.400,20214.991,43397.627,154.736,999,1.550,6.000,99,9999,99999,9,999999999,0.000,0.999,0,0,999,0.000,0
8,17,2019,14,0,,20.540,10.440,52.000,89238.930,989.124,1331.998,327.452,635.760,431.201,315.632,76291.200,40964.110,34719.551,135.328,999,1.370,4.000,99,9999,99999,9,999999999,0.000,0.999,0,0,999,0.000,0
8,17,2019,15,0,,21.130,10.520,50.000,89238.930,822.127,1331.998,329.860,612.860,708.140,175.994,73543.200,67273.337,19359.388,90.807,999,2.230,3.000,99,9999,99999,9,999999999,0.000,0.999,0,0,999,0.000,0
8,17,2019,16,0,,21.360,10.560,50.000,89238.930,591.669,1331.998,331.524,527.800,770.369,186.011,63336.000,73185.061,20461.234,133.454,999,1.680,0.000,99,9999,99999,9,999999999,0.000,0.999,0,0,999,0.000,0
8,17,2019,17,0,,20.650,10.460,51.000,89238.930,313.836,1331.998,327.334,282.160,660.881,127.203,33859.200,62783.661,13992.330,172.687,999,0.660,4.000,99,9999,99999,9,999999999,0.000,0.999,0,0,999,0.000,0
8,17,2019,18,0,,19.250,10.260,55.000,89238.930,15.300,1331.998,320.841,67.350,0.000,67.350,8082.000,0.000,7408.500,5973.636,999,0.270,7.000,99,9999,99999,9,999999999,0.000,0.999,0,0,999,0.000,0
8,17,2019,19,0,,18.280,10.120,58.000,89238.930,0.000,1331.998,316.413,0.000,0.000,0.000,0.000,0.000,0.000,-0.000,999,0.210,7.000,99,9999,99999,9,999999999,0.000,0.999,0,0,999,0.000,0
8,17,2019,20,0,,17.320,9.980,61.000,89238.930,0.000,1331.998,311.963,0.000,0.000,0.000,0.000,0.000,0.000,-0.000,999,0.210,7.000,99,9999,99999,9,999999999,0.000,0.999,0,0,999,0.000,0
8,17,2019,21,0,,16.350,9.840,65.000,89238.930,0.000,1331.998,308.048,0.000,0.000,0.000,0.000,0.000,0.000,-0.000,999,0.210,7.000,99,9999,99999,9,999999999,0.000,0.999,0,0,999,0.000,0
8,17,2019,22,0,,15.380,9.690,68.000,89238.930,0.000,1331.998,303.352,0.000,0.000,0.000,0.000,0.000,0.000,-0.000,999,0.210,7.000,99,9999,99999,9,999999999,0.000,0.999,0,0,999,0.000,0
8,17,2019,23,0,,14.420,9.550,72.000,89238.930,0.000,1331.998,299.276,0.000,0.000,0.000,0.000,0.000,0.000,-0.000,999,0.210,7.000,99,9999,99999,9,999999999,0.000,0.999,0,0,999,0.000,0
8,17,2019,24,0,,13.450,10.630,83.000,89238.930,0.000,1331.998,298.763,0.000,0.000,0.000,0.000,0.000,0.000,-0.000,999,0.280,7.000,99,9999,99999,9,999999999,0.000,0.999,0,0,999,0.000,0
8,18,2019,1,0,,12.970,10.540,85.000,89238.930,0.000,1331.998,296.518,0.000,0.000,0.000,0.000,0.000,0.000,-0.000,999,0.280,8.000,99,9999,99999,9,999999999,0.000,0.999,0,0,999,0.000,0
8,18,2019,2,0,,12.490,10.440,87.000,89238.930,0.000,1331.998,294.259,0.000,0.000,0.000,0.000,0.000,0.000,-0.000,999,0.280,8.000,99,9999,99999,9,999999999,0.000,0.999,0,0,999,0.000,0
8,18,2019,3,0,,12.010,10.340,89.000,89238.930,0.000,1331.998,291.987,0.000,0.000,0.000,0.000,0.000,0.000,-0.000,999,0.280,8.000,99,9999,99999,9,999999999,0.000,0.999,0,0,999,0.000,0
8,18,2019,4,0,,11.520,10.240,91.000,89238.930,0.000,1332.516,289.637,0.000,0.000,0.000,0.000,0.000,0.000,-0.000,999,0.280,8.000,99,9999,99999,9,999999999,0.000,0.999,0,0,999,0.000,0
8,18,2019,5,0,,11.040,10.140,94.000,89238.930,0.000,1332.516,287.783,0.000,0.000,0.000,0.000,0.000,0.000,-0.000,999,0.280,8.000,99,9999,99999,9,999999999,0.000,0.999,0,0,999,0.000,0
8,18,2019,6,0,,10.670,10.060,96.000,89238.930,0.000,1332.516,286.195,0.000,0.000,0.000,0.000,0.000,0.000,-0.000,999,0.280,8.000,99,9999,99999,9,999999999,0.000,0.999,0,0,999,0.000,0
8,18,2019,7,0,,10.350,10.000,97.000,89238.930,95.633,1332.516,284.506,0.000,0.000,0.000,0.000,0.000,0.000,0.000,999,0.280,8.000,99,9999,99999,9,999999999,0.000,0.999,0,0,999,0.000,0
8,18,2019,8,0,,10.030,9.930,99.000,89238.930,394.733,1332.516,283.230,95.370,0.000,95.370,11444.400,0.000,10490.700,102.786,999,0.280,8.000,99,9999,99999,9,999999999,0.000,0.999,0,0,999,0.000,0
8,18,2019,9,0,,13.900,10.720,81.000,89238.930,662.242,1332.516,300.786,187.530,13.385,180.884,22503.600,1271.529,19897.242,115.956,999,0.280,8.000,99,9999,99999,9,999999999,0.000,0.999,0,0,999,0.000,0
8,18,2019,10,0,,16.020,11.140,72.000,89238.930,877.565,1332.516,310.276,373.540,92.975,312.332,44824.800,8832.617,34356.553,151.017,999,0.280,7.000,99,9999,99999,9,999999999,0.000,0.999,0,0,999,0.000,0
8,18,2019,11,0,,17.800,11.490,66.000,89238.930,1025.791,1332.516,318.886,479.320,174.077,345.340,57518.400,16537.337,37987.375,142.823,999,0.700,7.000,99,9999,99999,9,999999999,0.000,0.999,0,0,999,0.000,0
8,18,2019,12,0,,19.220,11.760,61.000,89238.930,1096.755,1332.516,325.406,543.360,207.794,372.355,65203.200,19740.420,40959.029,144.023,999,0.950,6.000,99,9999,99999,9,999999999,0.000,0.999,0,0,999,0.000,0
8,18,2019,13,0,,20.250,11.950,58.000,89238.930,1085.600,1332.516,330.488,560.850,247.732,359.053,67302.000,23534.503,39495.852,140.306,999,1.570,6.000,99,9999,99999,9,999999999,0.000,0.999,0,0,999,0.000,0
8,18,2019,14,0,,20.870,12.060,57.000,89238.930,993.087,1332.516,334.185,530.530,195.782,384.653,63663.600,18599.334,42311.834,164.326,999,1.350,7.000,99,9999,99999,9,999999999,0.000,0.999,0,0,999,0.000,0
8,18,2019,15,0,,21.070,12.100,56.000,89238.930,825.548,1332.516,334.804,454.620,278.101,282.406,54554.400,26419.630,31064.660,145.164,999,1.770,7.000,99,9999,99999,9,999999999,0.000,0.999,0,0,999,0.000,0
8,18,2019,16,0,,20.740,12.040,57.000,89238.930,594.486,1332.516,333.234,338.850,371.147,173.461,40662.000,35258.987,19080.761,123.906,999,0.590,7.000,99,9999,99999,9,999999999,0.000,0.999,0,0,999,0.000,0
8,18,2019,17,0,,19.790,11.860,60.000,89238.930,316.029,1332.516,328.748,193.110,515.301,71.482,23173.200,48953.597,7863.041,96.400,999,0.490,8.000,99,9999,99999,9,999999999,0.000,0.999,0,0,999,0.000,0
8,18,2019,18,0,,18.370,11.600,64.000,89238.930,16.699,1332.516,321.536,40.180,0.000,40.180,4821.600,0.000,4419.800,2667.537,999,0.440,8.000,99,9999,99999,9,999999999,0.000,0.999,0,0,999,0.000,0
8,18,2019,19,0,,17.530,11.440,67.000,89238.930,0.000,1332.516,317.656,0.000,0.000,0.000,0.000,0.000,0.000,-0.000,999,0.280,8.000,99,9999,99999,9,999999999,0.000,0.999,0,0,999,0.000,0
8,18,2019,20,0,,16.680,11.270,70.000,89238.930,0.000,1332.516,313.638,0.000,0.000,0.000,0.000,0.000,0.000,-0.000,999,0.280,8.000,99,9999,99999,9,999999999,0.000,0.999,0,0,999,0.000,0
8,18,2019,21,0,,15.840,11.110,73.000,89238.930,0.000,1332.516,309.632,0.000,0.000,0.000,0.000,0.000,0.000,-0.000,999,0.280,8.000,99,9999,99999,9,999999999,0.000,0.999,0,0,999,0.000,0
8,18,2019,22,0,,15.000,10.940,76.000,89238.930,0.000,1332.516,305.580,0.000,0.000,0.000,0.000,0.000,0.000,-0.000,999,0.280,8.000,99,9999,99999,9,999999999,0.000,0.999,0,0,999,0.000,0
8,18,2019,23,0,,14.150,10.770,80.000,89238.930,0.000,1332.516,301.961,0.000,0.000,0.000,0.000,0.000,0.000,-0.000,999,0.280,8.000,99,9999,99999,9,999999999,0.000,0.999,0,0,999,0.000,0
8,18,2019,24,0,,13.310,9.870,79.000,89238.930,0.000,1332.516,295.717,0.000,0.000,0.000,0.000,0.000,0.000,-0.000,999,0.160,8.000,99,9999,99999,9,999999999,0.000,0.999,0,0,999,0.000,0
8,19,2019,1,0,,12.890,9.920,87.000,89238.930,0.000,1332.516,296.962,0.000,0.000,0.000,0.000,0.000,0.000,-0.000,999,0.160,8.000,99,9999,99999,9,999999999,0.020,0.999,0,0,999,0.020,99
8,19,2019,2,0,,12.470,9.970,84.000,89238.930,0.000,1332.516,292.654,0.000,0.000,0.000,0.000,0.000,0.000,-0.000,999,0.160,7.000,99,9999,99999,9,999999999,0.000,0.999,0,0,999,0.000,0
8,19,2019,3,0,,12.050,10.020,87.000,89238.930,0.000,1332.516,291.308,0.000,0.000,0.000,0.000,0.000,0.000,-0.000,999,0.160,7.000,99,9999,99999,9,999999999,0.000,0.999,0,0,999,0.000,0
8,19,2019,4,0,,11.620,10.070,90.000,89238.930,0.000,1333.043,289.846,0.000,0.000,0.000,0.000,0.000,0.000,-0.000,999,0.160,7.000,99,9999,99999,9,999999999,0.000,0.999,0,0,999,0.000,0
8,19,2019,5,0,,11.200,10.120,93.000,89238.930,0.000,1333.043,288.406,0.000,0.000,0.000,0.000,0.000,0.000,-0.000,999,0.160,7.000,99,9999,99999,9,999999999,0.000,0.999,0,0,999,0.000,0
8,19,2019,6,0,,10.880,10.150,95.000,89238.930,0.000,1333.043,287.157,0.000,0.000,0.000,0.000,0.000,0.000,-0.000,999,0.160,7.000,99,9999,99999,9,999999999,0.000,0.999,0,0,999,0.000,0
8,19,2019,7,0,,10.600,10.190,97.000,89238.930,99.602,1333.043,286.156,0.000,0.000,0.000,0.000,0.000,0.000,0.000,999,0.160,7.000,99,9999,99999,9,999999999,0.000,0.999,0,0,999,0.000,0
8,19,2019,8,0,,10.320,10.220,99.000,89238.930,399.245,1333.043,285.139,108.070,9.460,105.245,12968.400,898.666,11576.966,112.184,999,0.160,7.000,99,9999,99999,9,999999999,0.000,0.999,0,0,999,0.000,0
8,19,2019,9,0,,14.410,9.740,73.000,89238.930,667.056,1333.043,299.799,321.330,180.989,230.842,38559.600,17193.976,25392.641,146.970,999,0.160,5.000,99,9999,99999,9,999999999,0.000,0.999,0,0,999,0.000,0
8,19,2019,10,0,,16.210,9.520,64.000,89238.930,882.522,1333.043,306.403,498.410,292.982,304.518,59809.200,27833.320,33497.020,146.469,999,0.160,4.000,99,9999,99999,9,999999999,0.000,0.999,0,0,999,0.000,0
8,19,2019,11,0,,17.900,9.310,57.000,89238.930,1030.727,1333.043,312.973,664.160,434.607,328.183,79699.200,41287.654,36100.079,135.130,999,0.160,2.000,99,9999,99999,9,999999999,0.000,0.999,0,0,999,0.000,0
8,19,2019,12,0,,19.170,9.150,52.000,89238.930,1101.509,1333.043,317.718,731.750,431.509,375.238,87810.000,40993.357,41276.170,144.568,999,0.410,2.000,99,9999,99999,9,999999999,0.000,0.999,0,0,999,0.000,0
8,19,2019,13,0,,20.070,9.040,49.000,89238.930,1090.023,1333.043,321.348,745.720,469.609,361.779,89486.400,44612.816,39795.740,140.853,999,1.280,3.000,99,9999,99999,9,999999999,0.000,0.999,0,0,999,0.000,0
8,19,2019,14,0,,20.550,8.980,47.000,89238.930,997.053,1333.043,322.828,691.350,547.633,281.841,82962.000,52025.157,31002.544,119.972,999,1.740,3.000,99,9999,99999,9,999999999,0.000,0.999,0,0,999,0.000,0
8,19,2019,15,0,,20.720,8.960,46.000,89238.930,828.962,1333.043,323.040,608.730,753.104,140.626,73047.600,71544.843,15468.806,72.016,999,2.000,3.000,99,9999,99999,9,999999999,0.000,0.999,0,0,999,0.000,0
8,19,2019,16,0,,20.390,9.000,47.000,89238.930,597.292,1333.043,321.696,453.250,765.585,110.616,54390.000,72730.601,12167.740,78.674,999,1.890,4.000,99,9999,99999,9,999999999,0.000,0.999,0,0,999,0.000,0
8,19,2019,17,0,,19.480,9.120,51.000,89238.930,318.207,1333.043,319.015,253.240,598.671,111.008,30388.800,56873.780,12210.853,148.728,999,1.290,6.000,99,9999,99999,9,999999999,0.000,0.999,0,0,999,0.000,0
8,19,2019,18,0,,18.150,9.280,56.000,89238.930,18.091,1333.043,313.923,58.380,0.000,58.380,7005.600,0.000,6421.800,3103.429,999,0.740,8.000,99,9999,99999,9,999999999,0.000,0.999,0,0,999,0.000,0
8,19,2019,19,0,,17.840,9.320,62.000,89238.930,0.000,1333.043,316.333,0.000,0.000,0.000,0.000,0.000,0.000,-0.000,999,0.370,8.000,99,9999,99999,9,999999999,0.010,0.999,0,0,999,0.010,99
8,19,2019,20,0,,17.530,9.360,58.000,89238.930,0.000,1333.043,311.177,0.000,0.000,0.000,0.000,0.000,0.000,-0.000,999,0.190,8.000,99,9999,99999,9,999999999,0.000,0.999,0,0,999,0.000,0
8,19,2019,21,0,,17.220,9.400,64.000,89238.930,0.000,1333.043,313.409,0.000,0.000,0.000,0.000,0.000,0.000,-0.000,999,0.160,8.000,99,9999,99999,9,999999999,0.970,0.999,0,0,999,0.970,99
8,19,2019,22,0,,16.900,9.430,61.000,89238.930,0.000,1333.043,309.049,0.000,0.000,0.000,0.000,0.000,0.000,-0.000,999,0.160,8.000,99,9999,99999,9,999999999,0.000,0.999,0,0,999,0.000,0
8,19,2019,23,0,,16.590,9.470,62.000,89238.930,0.000,1333.043,307.626,0.000,0.000,0.000,0.000,0.000,0.000,-0.000,999,0.160,8.000,99,9999,99999,9,999999999,0.000,0.999,0,0,999,0.000,0
8,19,2019,24,0,,16.280,15.060,90.000,89238.930,0.000,1333.043,322.201,0.000,0.000,0.000,0.000,0.000,0.000,-0.000,999,1.810,8.000,99,9999,99999,9,999999999,0.420,0.999,0,0,999,0.420,99
8,20,2019,1,0,,16.120,15.060,94.000,89238.930,0.000,1333.043,323.047,0.000,0.000,0.000,0.000,0.000,0.000,-0.000,999,2.120,8.000,99,9999,99999,9,999999999,1.940,0.999,0,0,999,1.940,99
8,20,2019,2,0,,15.970,15.060,91.000,89238.930,0.000,1333.043,320.472,0.000,0.000,0.000,0.000,0.000,0.000,-0.000,999,2.680,8.000,99,9999,99999,9,999999999,0.530,0.999,0,0,999,0.530,99
8,20,2019,3,0,,15.810,15.060,95.000,89238.930,0.000,1333.043,321.289,0.000,0.000,0.000,0.000,0.000,0.000,-0.000,999,1.520,8.000,99,9999,99999,9,999999999,1.200,0.999,0,0,999,1.200,99
8,20,2019,4,0,,15.650,15.060,92.000,89238.930,0.000,1333.581,318.671,0.000,0.000,0.000,0.000,0.000,0.000,-0.000,999,0.810,8.000,99,9999,99999,9,999999999,0.230,0.999,0,0,999,0.230,99
8,20,2019,5,0,,15.500,15.070,93.000,89238.930,0.000,1333.581,318.087,0.000,0.000,0.000,0.000,0.000,0.000,-0.000,999,0.810,8.000,99,9999,99999,9,999999999,0.130,0.999,0,0,999,0.130,99
8,20,2019,6,0,,15.380,15.070,94.000,89238.930,0.000,1333.581,317.713,0.000,0.000,0.000,0.000,0.000,0.000,-0.000,999,0.810,8.000,99,9999,99999,9,999999999,0.020,0.999,0,0,999,0.020,99
8,20,2019,7,0,,15.270,15.070,94.000,89238.930,103.652,1333.581,316.926,0.000,0.000,0.000,0.000,0.000,0.000,0.000,999,0.810,8.000,99,9999,99999,9,999999999,0.030,0.999,0,0,999,0.030,99
8,20,2019,8,0,,15.170,15.070,94.000,89238.930,403.826,1333.581,316.212,50.520,0.000,50.520,6062.400,0.000,5557.200,53.258,999,0.810,8.000,99,9999,99999,9,999999999,0.080,0.999,0,0,999,0.080,99
8,20,2019,9,0,,16.740,15.050,88.000,89238.930,671.929,1333.581,324.496,145.820,3.380,144.118,17498.400,321.127,15853.012,91.125,999,0.810,8.000,99,9999,99999,9,999999999,0.010,0.999,0,0,999,0.010,99
8,20,2019,10,0,,17.450,15.040,85.000,89238.930,887.527,1333.581,328.055,230.620,6.040,226.602,27674.400,573.798,24926.192,108.421,999,0.810,8.000,99,9999,99999,9,999999999,0.280,0.999,0,0,999,0.280,99
8,20,2019,11,0,,18.060,15.040,83.000,89238.930,1035.699,1333.581,331.411,295.070,11.064,286.479,35408.400,1051.047,31512.723,117.439,999,0.810,8.000,99,9999,99999,9,999999999,0.670,0.999,0,0,999,0.670,99
8,20,2019,12,0,,18.550,15.030,82.000,89238.930,1106.285,1333.581,334.457,333.980,17.290,319.639,40077.600,1642.508,35160.310,122.665,999,0.810,8.000,99,9999,99999,9,999999999,0.190,0.999,0,0,999,0.190,99
8,20,2019,13,0,,18.900,15.030,80.000,89238.930,1094.456,1333.581,335.873,344.450,19.569,328.392,41334.000,1859.072,36123.127,127.387,999,0.810,8.000,99,9999,99999,9,999999999,0.060,0.999,0,0,999,0.060,99
8,20,2019,14,0,,19.110,15.030,76.000,89238.930,1001.019,1333.581,334.973,325.700,13.127,315.849,39084.000,1247.035,34743.393,133.969,999,0.810,8.000,99,9999,99999,9,999999999,0.000,0.999,0,0,999,0.000,0
8,20,2019,15,0,,19.180,15.030,79.000,89238.930,832.368,1333.581,337.353,279.120,16.191,269.019,33494.400,1538.108,29592.103,137.258,999,0.810,8.000,99,9999,99999,9,999999999,0.010,0.999,0,0,999,0.010,99
8,20,2019,16,0,,19.050,15.030,77.000,89238.930,600.083,1333.581,335.155,208.220,27.056,196.059,24986.400,2570.336,21566.522,138.850,999,0.900,8.000,99,9999,99999,9,999999999,0.000,0.999,0,0,999,0.000,0
8,20,2019,17,0,,18.710,15.030,81.000,89238.930,320.368,1333.581,335.057,119.030,109.924,92.746,14283.600,10442.808,10202.033,123.465,999,3.350,8.000,99,9999,99999,9,999999999,0.160,0.999,0,0,999,0.160,99
8,20,2019,18,0,,18.190,15.040,83.000,89238.930,19.475,1333.581,332.370,25.320,0.000,25.320,3038.400,0.000,2785.200,1124.237,999,1.390,8.000,99,9999,99999,9,999999999,0.870,0.999,0,0,999,0.870,99
8,20,2019,19,0,,17.700,15.040,85.000,89238.930,0.000,1333.581,329.887,0.000,0.000,0.000,0.000,0.000,0.000,-0.000,999,0.810,8.000,99,9999,99999,9,999999999,0.040,0.999,0,0,999,0.040,99
8,20,2019,20,0,,17.200,15.050,86.000,89238.930,0.000,1333.581,326.775,0.000,0.000,0.000,0.000,0.000,0.000,-0.000,999,0.810,8.000,99,9999,99999,9,999999999,0.100,0.999,0,0,999,0.100,99
8,20,2019,21,0,,16.710,15.050,88.000,89238.930,0.000,1333.581,324.278,0.000,0.000,0.000,0.000,0.000,0.000,-0.000,999,0.810,8.000,99,9999,99999,9,999999999,0.050,0.999,0,0,999,0.050,99
8,20,2019,22,0,,16.210,15.060,90.000,89238.930,0.000,1333.581,321.695,0.000,0.000,0.000,0.000,0.000,0.000,-0.000,999,0.810,8.000,99,9999,99999,9,999999999,0.350,0.999,0,0,999,0.350,99
8,20,2019,23,0,,15.720,15.060,99.000,89238.930,0.000,1333.581,322.534,0.000,0.000,0.000,0.000,0.000,0.000,-0.000,999,0.810,8.000,99,9999,99999,9,999999999,20.620,0.999,0,0,999,20.620,99
8,20,2019,24,0,,15.220,12.770,89.000,89238.930,0.000,1333.581,314.107,0.000,0.000,0.000,0.000,0.000,0.000,-0.000,999,0.510,8.000,99,9999,99999,9,999999999,1.210,0.999,0,0,999,1.210,99
8,21,2019,1,0,,14.970,12.850,86.000,89238.930,0.000,1333.581,310.813,0.000,0.000,0.000,0.000,0.000,0.000,-0.000,999,0.510,8.000,99,9999,99999,9,999999999,0.580,0.999,0,0,999,0.580,99
8,21,2019,2,0,,14.730,12.940,92.000,89238.930,0.000,1333.581,312.124,0.000,0.000,0.000,0.000,0.000,0.000,-0.000,999,0.510,8.000,99,9999,99999,9,999999999,1.690,0.999,0,0,999,1.690,99
8,21,2019,3,0,,14.480,13.020,99.000,89238.930,0.000,1333.581,313.632,0.000,0.000,0.000,0.000,0.000,0.000,-0.000,999,0.510,8.000,99,9999,99999,9,999999999,29.830,0.999,0,0,999,29.830,99
8,21,2019,4,0,,14.230,13.110,91.000,89238.930,0.000,1334.128,308.129,0.000,0.000,0.000,0.000,0.000,0.000,-0.000,999,0.510,8.000,99,9999,99999,9,999999999,0.470,0.999,0,0,999,0.470,99
8,21,2019,5,0,,13.980,13.190,93.000,89238.930,0.000,1334.128,307.339,0.000,0.000,0.000,0.000,0.000,0.000,-0.000,999,0.510,8.000,99,9999,99999,9,999999999,0.310,0.999,0,0,999,0.310,99
8,21,2019,6,0,,13.790,13.260,95.000,89238.930,0.000,1334.128,306.947,0.000,0.000,0.000,0.000,0.000,0.000,-0.000,999,0.510,8.000,99,9999,99999,9,999999999,0.250,0.999,0,0,999,0.250,99
8,21,2019,7,0,,13.630,13.310,96.000,89238.930,107.781,1334.128,306.290,0.000,0.000,0.000,0.000,0.000,0.000,0.000,999,0.510,8.000,99,9999,99999,9,999999999,0.060,0.999,0,0,999,0.060,99
8,21,2019,8,0,,13.470,13.360,97.000,89238.930,408.474,1334.128,305.629,32.000,0.000,32.000,3840.000,0.000,3520.000,33.362,999,0.510,8.000,99,9999,99999,9,999999999,0.040,0.999,0,0,999,0.040,99
8,21,2019,9,0,,15.690,12.600,76.000,89238.930,676.860,1334.128,310.370,85.860,0.000,85.860,10303.200,0.000,9444.600,53.915,999,0.510,8.000,99,9999,99999,9,999999999,0.000,0.999,0,0,999,0.000,0
8,21,2019,10,0,,16.490,12.320,71.000,89238.930,892.578,1334.128,312.939,122.750,0.000,122.750,14730.000,0.000,13502.500,58.423,999,0.510,8.000,99,9999,99999,9,999999999,0.000,0.999,0,0,999,0.000,0
8,21,2019,11,0,,17.220,12.060,71.000,89238.930,1040.704,1334.128,318.091,158.380,2.201,156.663,19005.600,209.135,17232.939,63.939,999,0.510,8.000,99,9999,99999,9,999999999,0.010,0.999,0,0,999,0.010,99
8,21,2019,12,0,,17.780,11.860,68.000,89238.930,1111.083,1334.128,320.107,172.970,3.079,170.406,20756.400,292.509,18744.667,65.139,999,0.510,8.000,99,9999,99999,9,999999999,0.020,0.999,0,0,999,0.020,99
8,21,2019,13,0,,18.220,11.700,65.000,89238.930,1098.898,1334.128,321.177,184.890,3.475,182.028,22186.800,330.120,20023.096,70.354,999,0.510,8.000,99,9999,99999,9,999999999,0.130,0.999,0,0,999,0.130,99
8,21,2019,14,0,,18.390,11.630,64.000,89238.930,1004.983,1334.128,321.678,157.690,2.104,156.105,18922.800,199.872,17171.605,65.979,999,0.510,8.000,99,9999,99999,9,999999999,0.380,0.999,0,0,999,0.380,99
8,21,2019,15,0,,18.410,11.630,64.000,89238.930,835.764,1334.128,321.821,134.570,0.014,134.561,16148.400,1.334,14801.733,68.404,999,0.510,8.000,99,9999,99999,9,999999999,0.730,0.999,0,0,999,0.730,99
8,21,2019,16,0,,18.130,11.730,66.000,89238.930,602.861,1334.128,321.236,92.480,0.000,92.480,11097.600,0.000,10172.800,65.219,999,0.510,8.000,99,9999,99999,9,999999999,0.100,0.999,0,0,999,0.100,99
8,21,2019,17,0,,17.730,11.880,68.000,89238.930,322.514,1334.128,319.751,64.780,0.000,64.780,7773.600,0.000,7125.800,85.692,999,0.510,8.000,99,9999,99999,9,999999999,0.930,0.999,0,0,999,0.930,99
8,21,2019,18,0,,17.110,12.100,76.000,89238.930,20.852,1334.128,320.410,13.500,0.000,13.500,1620.000,0.000,1485.000,515.367,999,0.510,8.000,99,9999,99999,9,999999999,2.750,0.999,0,0,999,2.750,99
8,21,2019,19,0,,16.370,12.370,76.000,89238.930,0.000,1334.128,315.147,0.000,0.000,0.000,0.000,0.000,0.000,-0.000,999,0.510,7.000,99,9999,99999,9,999999999,0.210,0.999,0,0,999,0.210,99
8,21,2019,20,0,,15.630,12.630,81.000,89238.930,0.000,1334.128,312.785,0.000,0.000,0.000,0.000,0.000,0.000,-0.000,999,0.610,7.000,99,9999,99999,9,999999999,0.170,0.999,0,0,999,0.170,99
8,21,2019,21,0,,14.890,12.880,86.000,89238.930,0.000,1334.128,310.252,0.000,0.000,0.000,0.000,0.000,0.000,-0.000,999,0.540,6.000,99,9999,99999,9,999999999,0.080,0.999,0,0,999,0.080,99
8,21,2019,22,0,,14.150,13.130,92.000,89238.930,0.000,1334.128,308.051,0.000,0.000,0.000,0.000,0.000,0.000,-0.000,999,0.510,6.000,99,9999,99999,9,999999999,0.030,0.999,0,0,999,0.030,99
8,21,2019,23,0,,13.420,13.360,93.000,89238.930,0.000,1334.128,303.450,0.000,0.000,0.000,0.000,0.000,0.000,-0.000,999,0.510,5.000,99,9999,99999,9,999999999,0.000,0.999,0,0,999,0.000,0
8,21,2019,24,0,,12.680,9.990,83.000,89238.930,0.000,1334.128,293.560,0.000,0.000,0.000,0.000,0.000,0.000,-0.000,999,0.140,5.000,99,9999,99999,9,999999999,0.000,0.999,0,0,999,0.000,0
8,22,2019,1,0,,12.310,9.990,85.000,89238.930,0.000,1334.128,292.077,0.000,0.000,0.000,0.000,0.000,0.000,-0.000,999,0.140,4.000,99,9999,99999,9,999999999,0.000,0.999,0,0,999,0.000,0
8,22,2019,2,0,,11.940,9.980,87.000,89238.930,0.000,1334.128,290.573,0.000,0.000,0.000,0.000,0.000,0.000,-0.000,999,0.140,3.000,99,9999,99999,9,999999999,0.000,0.999,0,0,999,0.000,0
8,22,2019,3,0,,11.570,9.980,89.000,89238.930,0.000,1334.128,289.051,0.000,0.000,0.000,0.000,0.000,0.000,-0.000,999,0.140,3.000,99,9999,99999,9,999999999,0.000,0.999,0,0,999,0.000,0
8,22,2019,4,0,,11.200,9.970,92.000,89238.930,0.000,1334.685,287.960,0.000,0.000,0.000,0.000,0.000,0.000,-0.000,999,0.140,2.000,99,9999,99999,9,999999999,0.000,0.999,0,0,999,0.000,0
8,22,2019,5,0,,10.830,9.970,94.000,89238.930,0.000,1334.685,286.392,0.000,0.000,0.000,0.000,0.000,0.000,-0.000,999,0.140,2.000,99,9999,99999,9,999999999,0.000,0.999,0,0,999,0.000,0
8,22,2019,6,0,,10.540,9.960,96.000,89238.930,0.000,1334.685,285.337,0.000,0.000,0.000,0.000,0.000,0.000,-0.000,999,0.140,1.000,99,9999,99999,9,999999999,0.000,0.999,0,0,999,0.000,0
8,22,2019,7,0,,10.300,9.960,97.000,89238.930,111.986,1334.685,284.177,0.000,0.000,0.000,0.000,0.000,0.000,0.000,999,0.140,1.000,99,9999,99999,9,999999999,0.000,0.999,0,0,999,0.000,0
8,22,2019,8,0,,10.060,9.960,99.000,89238.930,413.187,1334.685,283.427,177.550,157.267,128.996,21306.000,14940.366,14189.610,132.998,999,0.140,0.000,99,9999,99999,9,999999999,0.000,0.999,0,0,999,0.000,0
8,22,2019,9,0,,17.140,10.060,63.000,89238.930,681.845,1334.685,312.147,396.470,370.173,207.518,47576.400,35166.474,22826.932,129.407,999,0.140,0.000,99,9999,99999,9,999999999,0.000,0.999,0,0,999,0.000,0
8,22,2019,10,0,,18.310,10.070,58.000,89238.930,897.671,1334.685,316.624,429.050,176.456,310.413,51486.000,16763.326,34145.409,146.962,999,0.290,6.000,99,9999,99999,9,999999999,0.000,0.999,0,0,999,0.000,0
8,22,2019,11,0,,18.240,10.070,58.000,89238.930,1045.739,1334.685,316.132,323.520,25.144,303.823,38822.400,2388.640,33420.573,123.455,999,0.340,8.000,99,9999,99999,9,999999999,0.000,0.999,0,0,999,0.000,0
8,22,2019,12,0,,19.280,10.090,55.000,89238.930,1115.898,1334.685,321.054,541.960,152.807,414.218,65035.200,14516.640,45563.995,157.721,999,0.610,7.000,99,9999,99999,9,999999999,0.000,0.999,0,0,999,0.000,0
8,22,2019,13,0,,20.040,10.100,52.000,89238.930,1103.347,1334.685,323.873,558.450,150.125,434.362,67014.000,14261.902,47779.874,167.274,999,1.470,7.000,99,9999,99999,9,999999999,0.000,0.999,0,0,999,0.000,0
8,22,2019,14,0,,20.470,10.110,51.000,89238.930,1008.944,1334.685,326.043,527.840,214.083,366.041,63340.800,20337.894,40264.540,154.166,999,2.430,7.000,99,9999,99999,9,999999999,0.000,0.999,0,0,999,0.000,0
8,22,2019,15,0,,20.570,10.110,51.000,89238.930,839.150,1334.685,326.760,452.360,256.024,291.463,54283.200,24322.306,32060.955,147.628,999,2.060,7.000,99,9999,99999,9,999999999,0.000,0.999,0,0,999,0.000,0
8,22,2019,16,0,,20.150,10.100,52.000,89238.930,605.623,1334.685,324.658,337.710,343.943,181.819,40525.200,32674.593,20000.086,127.689,999,1.630,7.000,99,9999,99999,9,999999999,0.000,0.999,0,0,999,0.000,0
8,22,2019,17,0,,19.220,10.090,55.000,89238.930,324.644,1334.685,320.628,193.620,521.848,67.264,23234.400,49575.544,7399.046,88.426,999,0.780,8.000,99,9999,99999,9,999999999,0.000,0.999,0,0,999,0.000,0
8,22,2019,18,0,,17.880,10.070,60.000,89238.930,22.222,1334.685,315.135,42.060,0.000,42.060,5047.200,0.000,4626.600,1409.929,999,0.330,8.000,99,9999,99999,9,999999999,0.000,0.999,0,0,999,0.000,0
8,22,2019,19,0,,16.950,10.060,63.000,89238.930,0.000,1334.685,310.824,0.000,0.000,0.000,0.000,0.000,0.000,-0.000,999,0.340,8.000,99,9999,99999,9,999999999,0.000,0.999,0,0,999,0.000,0
8,22,2019,20,0,,16.010,10.040,67.000,89238.930,0.000,1334.685,307.033,0.000,0.000,0.000,0.000,0.000,0.000,-0.000,999,0.240,8.000,99,9999,99999,9,999999999,0.000,0.999,0,0,999,0.000,0
8,22,2019,21,0,,15.080,10.030,71.000,89238.930,0.000,1334.685,303.170,0.000,0.000,0.000,0.000,0.000,0.000,-0.000,999,0.140,8.000,99,9999,99999,9,999999999,0.000,0.999,0,0,999,0.000,0
8,22,2019,22,0,,14.140,10.010,76.000,89238.930,0.000,1334.685,299.689,0.000,0.000,0.000,0.000,0.000,0.000,-0.000,999,0.140,8.000,99,9999,99999,9,999999999,0.000,0.999,0,0,999,0.000,0
8,22,2019,23,0,,13.210,10.000,80.000,89238.930,0.000,1334.685,295.575,0.000,0.000,0.000,0.000,0.000,0.000,-0.000,999,0.140,8.000,99,9999,99999,9,999999999,0.000,0.999,0,0,999,0.000,0
8,22,2019,24,0,,12.280,6.230,66.000,89238.930,0.000,1334.685,281.515,0.000,0.000,0.000,0.000,0.000,0.000,-0.000,999,0.190,8.000,99,9999,99999,9,999999999,0.000,0.999,0,0,999,0.000,0
8,23,2019,1,0,,11.810,6.280,68.000,89238.930,0.000,1334.685,279.687,0.000,0.000,0.000,0.000,0.000,0.000,-0.000,999,0.190,8.000,99,9999,99999,9,999999999,0.000,0.999,0,0,999,0.000,0
8,23,2019,2,0,,11.340,6.330,71.000,89238.930,0.000,1334.685,278.392,0.000,0.000,0.000,0.000,0.000,0.000,-0.000,999,0.190,8.000,99,9999,99999,9,999999999,0.000,0.999,0,0,999,0.000,0
8,23,2019,3,0,,10.870,6.370,73.000,89238.930,0.000,1334.685,276.488,0.000,0.000,0.000,0.000,0.000,0.000,-0.000,999,0.190,8.000,99,9999,99999,9,999999999,0.000,0.999,0,0,999,0.000,0
8,23,2019,4,0,,10.410,6.420,76.000,89238.930,0.000,1335.251,275.143,0.000,0.000,0.000,0.000,0.000,0.000,-0.000,999,0.190,8.000,99,9999,99999,9,999999999,0.000,0.999,0,0,999,0.000,0
8,23,2019,5,0,,9.940,6.470,78.000,89238.930,0.000,1335.251,273.175,0.000,0.000,0.000,0.000,0.000,0.000,-0.000,999,0.190,8.000,99,9999,99999,9,999999999,0.000,0.999,0,0,999,0.000,0
8,23,2019,6,0,,9.580,6.510,81.000,89238.930,0.000,1335.251,272.366,0.000,0.000,0.000,0.000,0.000,0.000,-0.000,999,0.190,8.000,99,9999,99999,9,999999999,0.000,0.999,0,0,999,0.000,0
8,23,2019,7,0,,9.270,6.540,83.000,89238.930,116.267,1335.251,271.353,0.000,0.000,0.000,0.000,0.000,0.000,0.000,999,0.190,8.000,99,9999,99999,9,999999999,0.000,0.999,0,0,999,0.000,0
8,23,2019,8,0,,8.960,6.570,84.000,89238.930,417.962,1335.251,269.862,92.870,0.000,92.870,11144.400,0.000,10215.700,94.691,999,0.190,8.000,99,9999,99999,9,999999999,0.000,0.999,0,0,999,0.000,0
8,23,2019,9,0,,13.980,6.050,58.000,89238.930,686.882,1335.251,287.292,256.630,63.091,224.201,30795.600,5993.620,24662.124,138.842,999,0.270,7.000,99,9999,99999,9,999999999,0.000,0.999,0,0,999,0.000,0
8,23,2019,10,0,,16.150,5.820,50.000,89238.930,902.805,1335.251,295.388,401.680,90.053,340.814,48201.600,8554.999,37489.523,160.505,999,0.450,7.000,99,9999,99999,9,999999999,0.000,0.999,0,0,999,0.000,0
8,23,2019,11,0,,18.020,5.610,44.000,89238.930,1050.801,1335.251,302.417,511.690,134.212,406.089,61402.800,12750.112,44669.742,164.283,999,0.330,6.000,99,9999,99999,9,999999999,0.000,0.999,0,0,999,0.000,0
8,23,2019,12,0,,19.530,5.450,39.000,89238.930,1120.728,1335.251,307.359,577.810,159.596,443.871,69337.200,15161.620,48825.852,168.354,999,0.670,6.000,99,9999,99999,9,999999999,0.000,0.999,0,0,999,0.000,0
8,23,2019,13,0,,20.610,5.330,36.000,89238.930,1107.799,1335.251,311.172,595.120,189.666,437.783,71414.400,18018.254,48156.177,167.984,999,0.870,6.000,99,9999,99999,9,999999999,0.000,0.999,0,0,999,0.000,0
8,23,2019,14,0,,21.250,5.260,35.000,89238.930,1012.900,1335.251,314.298,562.370,250.609,372.303,67484.400,23807.814,40953.383,156.256,999,1.790,6.000,99,9999,99999,9,999999999,0.000,0.999,0,0,999,0.000,0
8,23,2019,15,0,,21.450,5.240,34.000,89238.930,842.525,1335.251,314.371,481.960,318.110,281.326,57835.200,30220.409,30945.891,141.982,999,1.510,6.000,99,9999,99999,9,999999999,0.000,0.999,0,0,999,0.000,0
8,23,2019,16,0,,21.040,5.280,35.000,89238.930,608.370,1335.251,312.857,359.930,419.096,169.193,43191.600,39814.129,18611.258,118.335,999,0.880,7.000,99,9999,99999,9,999999999,0.000,0.999,0,0,999,0.000,0
8,23,2019,17,0,,19.970,5.400,38.000,89238.930,326.758,1335.251,309.205,206.650,591.545,62.538,24798.000,56196.806,6879.230,81.712,999,1.180,7.000,99,9999,99999,9,999999999,0.000,0.999,0,0,999,0.000,0
8,23,2019,18,0,,18.370,5.580,42.000,89238.930,23.584,1335.251,302.758,45.340,0.000,45.340,5440.800,0.000,4987.400,1356.188,999,0.750,8.000,99,9999,99999,9,999999999,0.000,0.999,0,0,999,0.000,0
8,23,2019,19,0,,17.360,5.690,46.000,89238.930,0.000,1335.251,299.902,0.000,0.000,0.000,0.000,0.000,0.000,-0.000,999,0.370,8.000,99,9999,99999,9,999999999,0.000,0.999,0,0,999,0.000,0
8,23,2019,20,0,,16.350,5.800,49.000,89238.930,0.000,1335.251,295.861,0.000,0.000,0.000,0.000,0.000,0.000,-0.000,999,0.230,8.000,99,9999,99999,9,999999999,0.000,0.999,0,0,999,0.000,0
8,23,2019,21,0,,15.350,5.900,53.000,89238.930,0.000,1335.251,292.544,0.000,0.000,0.000,0.000,0.000,0.000,-0.000,999,0.410,7.000,99,9999,99999,9,999999999,0.000,0.999,0,0,999,0.000,0
8,23,2019,22,0,,14.340,6.010,57.000,89238.930,0.000,1335.251,288.929,0.000,0.000,0.000,0.000,0.000,0.000,-0.000,999,0.450,7.000,99,9999,99999,9,999999999,0.000,0.999,0,0,999,0.000,0
8,23,2019,23,0,,13.330,6.120,61.000,89238.930,0.000,1335.251,285.123,0.000,0.000,0.000,0.000,0.000,0.000,-0.000,999,0.460,7.000,99,9999,99999,9,999999999,0.000,0.999,0,0,999,0.000,0
8,23,2019,24,0,,12.320,5.840,64.000,89238.930,0.000,1335.251,280.538,0.000,0.000,0.000,0.000,0.000,0.000,-0.000,999,0.540,7.000,99,9999,99999,9,999999999,0.000,0.999,0,0,999,0.000,0
8,24,2019,1,0,,11.820,5.970,67.000,89238.930,0.000,1335.251,279.160,0.000,0.000,0.000,0.000,0.000,0.000,-0.000,999,0.240,6.000,99,9999,99999,9,999999999,0.000,0.999,0,0,999,0.000,0
8,24,2019,2,0,,11.310,6.110,70.000,89238.930,0.000,1335.251,277.637,0.000,0.000,0.000,0.000,0.000,0.000,-0.000,999,0.170,6.000,99,9999,99999,9,999999999,0.000,0.999,0,0,999,0.000,0
8,24,2019,3,0,,10.810,6.250,73.000,89238.930,0.000,1335.251,276.105,0.000,0.000,0.000,0.000,0.000,0.000,-0.000,999,0.220,6.000,99,9999,99999,9,999999999,0.000,0.999,0,0,999,0.000,0
8,24,2019,4,0,,10.300,6.380,76.000,89238.930,0.000,1335.826,274.443,0.000,0.000,0.000,0.000,0.000,0.000,-0.000,999,0.180,6.000,99,9999,99999,9,999999999,0.000,0.999,0,0,999,0.000,0
8,24,2019,5,0,,9.800,6.510,79.000,89238.930,0.000,1335.826,272.785,0.000,0.000,0.000,0.000,0.000,0.000,-0.000,999,0.170,6.000,99,9999,99999,9,999999999,0.000,0.999,0,0,999,0.000,0
8,24,2019,6,0,,9.410,6.620,82.000,89238.930,0.000,1335.826,271.767,0.000,0.000,0.000,0.000,0.000,0.000,-0.000,999,0.230,5.000,99,9999,99999,9,999999999,0.000,0.999,0,0,999,0.000,0
8,24,2019,7,0,,9.080,6.700,85.000,89238.930,120.619,1335.826,271.075,0.000,0.000,0.000,0.000,0.000,0.000,0.000,999,0.420,5.000,99,9999,99999,9,999999999,0.000,0.999,0,0,999,0.000,0
8,24,2019,8,0,,8.740,6.790,87.000,89238.930,422.797,1335.826,269.829,150.160,76.260,126.086,18019.200,7244.724,13869.443,127.135,999,0.700,5.000,99,9999,99999,9,999999999,0.000,0.999,0,0,999,0.000,0
8,24,2019,9,0,,14.840,5.130,52.000,89238.930,691.968,1335.826,288.410,370.740,275.145,228.327,44488.800,26138.746,25115.935,140.416,999,1.280,3.000,99,9999,99999,9,999999999,0.000,0.999,0,0,999,0.000,0
8,24,2019,10,0,,17.210,4.430,42.000,89238.930,907.975,1335.826,295.041,563.560,422.766,276.299,67627.200,40162.801,30392.944,129.436,999,1.830,1.000,99,9999,99999,9,999999999,0.000,0.999,0,0,999,0.000,0
8,24,2019,11,0,,18.680,3.980,37.000,89238.930,1055.889,1335.826,299.377,613.260,274.847,396.048,73591.200,26110.503,43565.308,159.517,999,2.890,4.000,99,9999,99999,9,999999999,0.000,0.999,0,0,999,0.000,0
8,24,2019,12,0,,19.770,3.640,34.000,89238.930,1125.571,1335.826,302.993,657.270,267.520,431.884,78872.400,25414.382,47507.247,163.172,999,3.330,5.000,99,9999,99999,9,999999999,0.000,0.999,0,0,999,0.000,0
8,24,2019,13,0,,20.700,3.340,31.000,89238.930,1112.254,1335.826,305.197,708.480,400.406,375.132,85017.600,38038.573,41264.477,143.429,999,4.400,4.000,99,9999,99999,9,999999999,0.000,0.999,0,0,999,0.000,0
8,24,2019,14,0,,21.290,3.150,30.000,89238.930,1016.849,1335.826,307.721,686.690,509.735,298.755,82402.800,48424.843,32863.069,124.954,999,4.590,4.000,99,9999,99999,9,999999999,0.000,0.999,0,0,999,0.000,0
8,24,2019,15,0,,21.360,3.130,30.000,89238.930,845.886,1335.826,308.193,561.580,598.008,183.069,67389.600,56810.797,20137.563,92.065,999,5.530,5.000,99,9999,99999,9,999999999,0.000,0.999,0,0,999,0.000,0
8,24,2019,16,0,,20.730,3.330,31.000,89238.930,611.101,1335.826,305.398,396.360,553.905,143.245,47563.200,52620.967,15756.901,99.780,999,4.310,6.000,99,9999,99999,9,999999999,0.000,0.999,0,0,999,0.000,0
8,24,2019,17,0,,19.520,3.720,35.000,89238.930,328.855,1335.826,302.578,219.370,592.827,74.074,26324.400,56318.533,8148.126,96.203,999,2.620,7.000,99,9999,99999,9,999999999,0.000,0.999,0,0,999,0.000,0
8,24,2019,18,0,,17.920,4.210,40.000,89238.930,24.939,1335.826,297.664,49.790,0.000,49.790,5974.800,0.000,5476.900,1345.758,999,1.950,8.000,99,9999,99999,9,999999999,0.000,0.999,0,0,999,0.000,0
8,24,2019,19,0,,16.960,4.500,43.000,89238.930,0.000,1335.826,294.385,0.000,0.000,0.000,0.000,0.000,0.000,-0.000,999,1.250,8.000,99,9999,99999,9,999999999,0.000,0.999,0,0,999,0.000,0
8,24,2019,20,0,,16.010,4.780,47.000,89238.930,0.000,1335.826,291.869,0.000,0.000,0.000,0.000,0.000,0.000,-0.000,999,0.910,8.000,99,9999,99999,9,999999999,0.000,0.999,0,0,999,0.000,0
8,24,2019,21,0,,15.050,5.060,51.000,89238.930,0.000,1335.826,288.978,0.000,0.000,0.000,0.000,0.000,0.000,-0.000,999,0.620,8.000,99,9999,99999,9,999999999,0.000,0.999,0,0,999,0.000,0
8,24,2019,22,0,,14.090,5.340,55.000,89238.930,0.000,1335.826,285.833,0.000,0.000,0.000,0.000,0.000,0.000,-0.000,999,0.630,8.000,99,9999,99999,9,999999999,0.000,0.999,0,0,999,0.000,0
8,24,2019,23,0,,13.130,5.610,60.000,89238.930,0.000,1335.826,283.157,0.000,0.000,0.000,0.000,0.000,0.000,-0.000,999,0.400,8.000,99,9999,99999,9,999999999,0.000,0.999,0,0,999,0.000,0
8,24,2019,24,0,,12.170,8.200,76.000,89238.930,0.000,1335.826,286.524,0.000,0.000,0.000,0.000,0.000,0.000,-0.000,999,0.090,8.000,99,9999,99999,9,999999999,0.000,0.999,0,0,999,0.000,0
8,25,2019,1,0,,11.690,8.100,78.000,89238.930,0.000,1335.826,284.438,0.000,0.000,0.000,0.000,0.000,0.000,-0.000,999,0.110,8.000,99,9999,99999,9,999999999,0.000,0.999,0,0,999,0.000,0
8,25,2019,2,0,,11.220,7.990,80.000,89238.930,0.000,1335.826,282.398,0.000,0.000,0.000,0.000,0.000,0.000,-0.000,999,0.080,7.000,99,9999,99999,9,999999999,0.000,0.999,0,0,999,0.000,0
8,25,2019,3,0,,10.740,7.880,82.000,89238.930,0.000,1335.826,280.276,0.000,0.000,0.000,0.000,0.000,0.000,-0.000,999,0.080,7.000,99,9999,99999,9,999999999,0.000,0.999,0,0,999,0.000,0
8,25,2019,4,0,,10.260,7.780,84.000,89238.930,0.000,1336.410,278.138,0.000,0.000,0.000,0.000,0.000,0.000,-0.000,999,0.080,7.000,99,9999,99999,9,999999999,0.000,0.999,0,0,999,0.000,0
8,25,2019,5,0,,9.780,7.670,86.000,89238.930,0.000,1336.410,275.986,0.000,0.000,0.000,0.000,0.000,0.000,-0.000,999,0.080,7.000,99,9999,99999,9,999999999,0.000,0.999,0,0,999,0.000,0
8,25,2019,6,0,,9.410,7.580,88.000,89238.930,0.000,1336.410,274.523,0.000,0.000,0.000,0.000,0.000,0.000,-0.000,999,0.100,7.000,99,9999,99999,9,999999999,0.000,0.999,0,0,999,0.000,0
8,25,2019,7,0,,9.090,7.510,89.000,89238.930,125.041,1336.410,272.926,0.000,0.000,0.000,0.000,0.000,0.000,0.000,999,0.100,7.000,99,9999,99999,9,999999999,0.000,0.999,0,0,999,0.000,0
8,25,2019,8,0,,8.780,7.440,91.000,89238.930,427.689,1336.410,271.821,121.730,15.555,116.765,14607.600,1477.685,12844.118,116.433,999,0.080,7.000,99,9999,99999,9,999999999,0.000,0.999,0,0,999,0.000,0
8,25,2019,9,0,,13.990,8.600,69.000,89238.930,697.100,1336.410,294.576,325.200,155.554,244.123,39024.000,14777.621,26853.562,149.088,999,0.080,5.000,99,9999,99999,9,999999999,0.000,0.999,0,0,999,0.000,0
8,25,2019,10,0,,16.240,9.080,62.000,89238.930,913.180,1336.410,305.222,511.780,279.035,321.177,61413.600,26508.362,35329.447,149.666,999,0.150,4.000,99,9999,99999,9,999999999,0.000,0.999,0,0,999,0.000,0
8,25,2019,11,0,,18.100,9.470,57.000,89238.930,1060.998,1336.410,314.368,638.080,312.703,389.863,76569.600,29706.759,42884.924,156.337,999,0.440,4.000,99,9999,99999,9,999999999,0.000,0.999,0,0,999,0.000,0
8,25,2019,12,0,,19.630,9.780,52.000,89238.930,1130.424,1336.410,320.961,728.210,407.385,383.657,87385.200,38701.577,42202.279,144.392,999,1.180,3.000,99,9999,99999,9,999999999,0.000,0.999,0,0,999,0.000,0
8,25,2019,13,0,,20.800,10.010,50.000,89238.930,1116.709,1336.410,327.485,764.470,461.058,379.257,91736.400,43800.524,41718.296,144.490,999,1.300,3.000,99,9999,99999,9,999999999,0.000,0.999,0,0,999,0.000,0
8,25,2019,14,0,,21.430,10.140,48.000,89238.930,1020.790,1336.410,330.101,703.650,538.172,292.664,84438.000,51126.378,32193.055,121.987,999,2.020,3.000,99,9999,99999,9,999999999,0.000,0.999,0,0,999,0.000,0
8,25,2019,15,0,,21.660,10.180,47.000,89238.930,849.233,1336.410,330.767,620.770,712.192,168.398,74492.400,67658.225,18523.786,84.390,999,2.350,3.000,99,9999,99999,9,999999999,0.000,0.999,0,0,999,0.000,0
8,25,2019,16,0,,21.310,10.110,48.000,89238.930,613.814,1336.410,329.236,472.790,776.452,116.555,56734.800,73762.985,12820.996,80.864,999,2.310,3.000,99,9999,99999,9,999999999,0.000,0.999,0,0,999,0.000,0
8,25,2019,17,0,,20.250,9.900,51.000,89238.930,330.936,1336.410,324.471,276.300,608.061,126.385,33156.000,57765.778,13902.315,163.172,999,1.630,5.000,99,9999,99999,9,999999999,0.000,0.999,0,0,999,0.000,0
8,25,2019,18,0,,18.640,9.580,55.000,89238.930,26.286,1336.410,316.539,70.640,0.000,70.640,8476.800,0.000,7770.400,1742.930,999,0.730,8.000,99,9999,99999,9,999999999,0.000,0.999,0,0,999,0.000,0
8,25,2019,19,0,,17.650,9.370,58.000,89238.930,0.000,1336.410,312.010,0.000,0.000,0.000,0.000,0.000,0.000,-0.000,999,0.350,8.000,99,9999,99999,9,999999999,0.000,0.999,0,0,999,0.000,0
8,25,2019,20,0,,16.660,9.170,61.000,89238.930,0.000,1336.410,307.394,0.000,0.000,0.000,0.000,0.000,0.000,-0.000,999,0.180,8.000,99,9999,99999,9,999999999,0.000,0.999,0,0,999,0.000,0
8,25,2019,21,0,,15.670,8.960,64.000,89238.930,0.000,1336.410,302.707,0.000,0.000,0.000,0.000,0.000,0.000,-0.000,999,0.220,8.000,99,9999,99999,9,999999999,0.000,0.999,0,0,999,0.000,0
8,25,2019,22,0,,14.680,8.750,67.000,89238.930,0.000,1336.410,297.964,0.000,0.000,0.000,0.000,0.000,0.000,-0.000,999,0.200,8.000,99,9999,99999,9,999999999,0.000,0.999,0,0,999,0.000,0
8,25,2019,23,0,,13.690,8.540,71.000,89238.930,0.000,1336.410,293.771,0.000,0.000,0.000,0.000,0.000,0.000,-0.000,999,0.140,8.000,99,9999,99999,9,999999999,0.000,0.999,0,0,999,0.000,0
8,25,2019,24,0,,12.700,7.990,73.000,89238.930,0.000,1336.410,288.357,0.000,0.000,0.000,0.000,0.000,0.000,-0.000,999,0.570,8.000,99,9999,99999,9,999999999,0.000,0.999,0,0,999,0.000,0
8,26,2019,1,0,,12.210,8.150,76.000,89238.930,0.000,1336.410,286.786,0.000,0.000,0.000,0.000,0.000,0.000,-0.000,999,0.540,8.000,99,9999,99999,9,999999999,0.000,0.999,0,0,999,0.000,0
8,26,2019,2,0,,11.710,8.310,79.000,89238.930,0.000,1336.410,285.087,0.000,0.000,0.000,0.000,0.000,0.000,-0.000,999,0.460,8.000,99,9999,99999,9,999999999,0.000,0.999,0,0,999,0.000,0
8,26,2019,3,0,,11.220,8.470,88.000,89238.930,0.000,1336.410,286.269,0.000,0.000,0.000,0.000,0.000,0.000,-0.000,999,1.310,8.000,99,9999,99999,9,999999999,0.010,0.999,0,0,999,0.010,99
8,26,2019,4,0,,10.720,8.620,86.000,89238.930,0.000,1337.004,282.059,0.000,0.000,0.000,0.000,0.000,0.000,-0.000,999,1.330,8.000,99,9999,99999,9,999999999,0.000,0.999,0,0,999,0.000,0
8,26,2019,5,0,,10.230,8.770,90.000,89238.930,0.000,1337.004,280.697,0.000,0.000,0.000,0.000,0.000,0.000,-0.000,999,1.110,8.000,99,9999,99999,9,999999999,0.000,0.999,0,0,999,0.000,0
8,26,2019,6,0,,9.840,8.890,93.000,89238.930,0.000,1337.004,279.477,0.000,0.000,0.000,0.000,0.000,0.000,-0.000,999,0.690,8.000,99,9999,99999,9,999999999,0.000,0.999,0,0,999,0.000,0
8,26,2019,7,0,,9.520,8.990,96.000,89238.930,129.532,1337.004,278.669,0.000,0.000,0.000,0.000,0.000,0.000,0.000,999,0.590,8.000,99,9999,99999,9,999999999,0.000,0.999,0,0,999,0.000,0
8,26,2019,8,0,,9.190,9.090,99.000,89238.930,432.636,1337.004,277.755,102.770,0.000,102.770,12332.400,0.000,11304.700,101.345,999,0.960,8.000,99,9999,99999,9,999999999,0.000,0.999,0,0,999,0.000,0
8,26,2019,9,0,,11.850,8.270,78.000,89238.930,702.276,1337.004,285.485,80.810,0.000,80.810,9697.200,0.000,8889.100,49.009,999,1.090,8.000,99,9999,99999,9,999999999,0.000,0.999,0,0,999,0.000,0
8,26,2019,10,0,,15.030,7.220,59.000,89238.930,918.416,1337.004,294.924,421.950,148.425,320.028,50634.000,14100.328,35203.031,148.345,999,2.380,6.000,99,9999,99999,9,999999999,0.000,0.999,0,0,999,0.000,0
8,26,2019,11,0,,17.440,6.390,48.000,89238.930,1066.127,1337.004,302.270,535.090,149.934,415.552,64210.800,14243.760,45710.774,165.910,999,3.990,6.000,99,9999,99999,9,999999999,0.000,0.999,0,0,999,0.000,0
8,26,2019,12,0,,19.280,5.710,40.000,89238.930,1135.285,1337.004,306.775,602.770,177.888,451.738,72332.400,16899.340,49691.174,169.361,999,5.860,6.000,99,9999,99999,9,999999999,0.000,0.999,0,0,999,0.000,0
8,26,2019,13,0,,20.590,5.220,36.000,89238.930,1121.161,1337.004,311.035,619.960,210.923,443.110,74395.200,20037.645,48742.125,168.221,999,6.570,6.000,99,9999,99999,9,999999999,0.000,0.999,0,0,999,0.000,0
8,26,2019,14,0,,21.380,4.910,34.000,89238.930,1024.720,1337.004,313.890,585.430,264.362,382.857,70251.600,25114.364,42114.268,159.039,999,5.920,6.000,99,9999,99999,9,999999999,0.000,0.999,0,0,999,0.000,0
8,26,2019,15,0,,21.670,4.800,33.000,89238.930,852.564,1337.004,314.540,501.680,350.395,278.340,60201.600,33287.538,30617.414,139.001,999,6.540,6.000,99,9999,99999,9,999999999,0.000,0.999,0,0,999,0.000,0
8,26,2019,16,0,,21.360,4.920,34.000,89238.930,616.509,1337.004,313.753,375.030,459.524,163.367,45003.600,43654.741,17970.370,112.896,999,5.480,6.000,99,9999,99999,9,999999999,0.000,0.999,0,0,999,0.000,0
8,26,2019,17,0,,20.340,5.310,37.000,89238.930,333.000,1337.004,310.546,216.190,513.193,88.925,25942.800,48753.305,9781.731,114.142,999,3.060,7.000,99,9999,99999,9,999999999,0.000,0.999,0,0,999,0.000,0
8,26,2019,18,0,,18.750,5.910,42.000,89238.930,27.627,1337.004,305.320,48.810,0.000,48.810,5857.200,0.000,5369.100,1108.621,999,1.650,8.000,99,9999,99999,9,999999999,0.000,0.999,0,0,999,0.000,0
8,26,2019,19,0,,17.780,6.260,51.000,89238.930,0.000,1337.004,307.218,0.000,0.000,0.000,0.000,0.000,0.000,-0.000,999,1.250,8.000,99,9999,99999,9,999999999,0.970,0.999,0,0,999,0.970,99
8,26,2019,20,0,,16.810,6.610,50.000,89238.930,0.000,1337.004,299.789,0.000,0.000,0.000,0.000,0.000,0.000,-0.000,999,0.610,8.000,99,9999,99999,9,999999999,0.000,0.999,0,0,999,0.000,0
8,26,2019,21,0,,15.830,6.950,60.000,89238.930,0.000,1337.004,301.010,0.000,0.000,0.000,0.000,0.000,0.000,-0.000,999,0.790,8.000,99,9999,99999,9,999999999,0.020,0.999,0,0,999,0.020,99
8,26,2019,22,0,,14.860,7.280,60.000,89238.930,0.000,1337.004,294.499,0.000,0.000,0.000,0.000,0.000,0.000,-0.000,999,0.670,8.000,99,9999,99999,9,999999999,0.000,0.999,0,0,999,0.000,0
8,26,2019,23,0,,13.890,7.610,65.000,89238.930,0.000,1337.004,291.411,0.000,0.000,0.000,0.000,0.000,0.000,-0.000,999,0.370,8.000,99,9999,99999,9,999999999,0.000,0.999,0,0,999,0.000,0
8,26,2019,24,0,,12.920,9.770,81.000,89238.930,0.000,1337.004,294.147,0.000,0.000,0.000,0.000,0.000,0.000,-0.000,999,0.060,8.000,99,9999,99999,9,999999999,0.000,0.999,0,0,999,0.000,0
8,27,2019,1,0,,12.440,9.720,83.000,89238.930,0.000,1337.004,291.953,0.000,0.000,0.000,0.000,0.000,0.000,-0.000,999,0.060,8.000,99,9999,99999,9,999999999,0.000,0.999,0,0,999,0.000,0
8,27,2019,2,0,,11.950,9.660,85.000,89238.930,0.000,1337.004,289.676,0.000,0.000,0.000,0.000,0.000,0.000,-0.000,999,0.060,8.000,99,9999,99999,9,999999999,0.000,0.999,0,0,999,0.000,0
8,27,2019,3,0,,11.470,9.610,88.000,89238.930,0.000,1337.004,287.922,0.000,0.000,0.000,0.000,0.000,0.000,-0.000,999,0.060,8.000,99,9999,99999,9,999999999,0.000,0.999,0,0,999,0.000,0
8,27,2019,4,0,,10.980,9.550,90.000,89238.930,0.000,1337.606,285.606,0.000,0.000,0.000,0.000,0.000,0.000,-0.000,999,0.060,8.000,99,9999,99999,9,999999999,0.000,0.999,0,0,999,0.000,0
8,27,2019,5,0,,10.490,9.500,93.000,89238.930,0.000,1337.606,283.717,0.000,0.000,0.000,0.000,0.000,0.000,-0.000,999,0.060,8.000,99,9999,99999,9,999999999,0.000,0.999,0,0,999,0.000,0
8,27,2019,6,0,,10.120,9.450,95.000,89238.930,0.000,1337.606,282.154,0.000,0.000,0.000,0.000,0.000,0.000,-0.000,999,0.060,8.000,99,9999,99999,9,999999999,0.000,0.999,0,0,999,0.000,0
8,27,2019,7,0,,9.800,9.420,97.000,89238.930,134.089,1337.606,280.902,0.000,0.000,0.000,0.000,0.000,0.000,0.000,999,0.060,8.000,99,9999,99999,9,999999999,0.000,0.999,0,0,999,0.000,0
8,27,2019,8,0,,9.480,9.380,99.000,89238.930,437.635,1337.606,279.636,98.300,0.000,98.300,11796.000,0.000,10813.000,95.867,999,0.070,8.000,99,9999,99999,9,999999999,0.000,0.999,0,0,999,0.000,0
8,27,2019,9,0,,14.320,9.930,74.000,89238.930,707.493,1337.606,299.770,257.030,43.872,233.842,30843.600,4167.839,25722.675,140.834,999,0.120,7.000,99,9999,99999,9,999999999,0.000,0.999,0,0,999,0.000,0
8,27,2019,10,0,,16.310,10.150,66.000,89238.930,923.682,1337.606,308.444,396.800,76.905,343.711,47616.000,7305.964,37808.163,158.485,999,0.220,7.000,99,9999,99999,9,999999999,0.000,0.999,0,0,999,0.000,0
8,27,2019,11,0,,18.020,10.330,60.000,89238.930,1071.272,1337.606,316.117,502.430,113.889,411.233,60291.600,10819.413,45235.635,163.470,999,0.630,7.000,99,9999,99999,9,999999999,0.000,0.999,0,0,999,0.000,0
8,27,2019,12,0,,19.390,10.480,56.000,89238.930,1140.151,1337.606,322.664,565.510,135.116,450.353,67861.200,12835.995,49538.777,168.196,999,1.100,6.000,99,9999,99999,9,999999999,0.000,0.999,0,0,999,0.000,0
8,27,2019,13,0,,20.380,10.580,53.000,89238.930,1125.608,1337.606,327.193,581.360,160.666,446.174,69763.200,15263.265,49079.189,168.791,999,1.400,6.000,99,9999,99999,9,999999999,0.000,0.999,0,0,999,0.000,0
8,27,2019,14,0,,20.960,10.650,51.000,89238.930,1028.638,1337.606,329.566,548.840,196.649,397.645,65860.800,18681.654,43740.933,164.626,999,2.100,7.000,99,9999,99999,9,999999999,0.000,0.999,0,0,999,0.000,0
8,27,2019,15,0,,21.120,10.660,51.000,89238.930,855.878,1337.606,330.723,470.300,272.108,296.263,56436.000,25850.259,32588.962,147.444,999,1.360,7.000,99,9999,99999,9,999999999,0.000,0.999,0,0,999,0.000,0
8,27,2019,16,0,,20.730,10.620,52.000,89238.930,619.186,1337.606,328.820,351.680,362.805,183.915,42201.600,34466.469,20230.674,126.602,999,1.470,7.000,99,9999,99999,9,999999999,0.000,0.999,0,0,999,0.000,0
8,27,2019,17,0,,19.730,10.520,55.000,89238.930,335.046,1337.606,324.258,202.990,421.231,97.930,24358.800,40016.951,10772.300,124.982,999,1.390,8.000,99,9999,99999,9,999999999,0.000,0.999,0,0,999,0.000,0
8,27,2019,18,0,,18.250,10.360,59.000,89238.930,28.961,1337.606,316.975,46.240,0.000,46.240,5548.800,0.000,5086.400,973.620,999,0.900,8.000,99,9999,99999,9,999999999,0.000,0.999,0,0,999,0.000,0
8,27,2019,19,0,,17.280,10.250,68.000,89238.930,0.000,1337.606,316.559,0.000,0.000,0.000,0.000,0.000,0.000,-0.000,999,0.450,8.000,99,9999,99999,9,999999999,0.020,0.999,0,0,999,0.020,99
8,27,2019,20,0,,16.310,10.150,71.000,89238.930,0.000,1337.606,311.679,0.000,0.000,0.000,0.000,0.000,0.000,-0.000,999,0.150,8.000,99,9999,99999,9,999999999,0.010,0.999,0,0,999,0.010,99
8,27,2019,21,0,,15.330,10.040,70.000,89238.930,0.000,1337.606,304.268,0.000,0.000,0.000,0.000,0.000,0.000,-0.000,999,0.100,8.000,99,9999,99999,9,999999999,0.000,0.999,0,0,999,0.000,0
8,27,2019,22,0,,14.360,9.930,84.000,89238.930,0.000,1337.606,305.524,0.000,0.000,0.000,0.000,0.000,0.000,-0.000,999,0.160,8.000,99,9999,99999,9,999999999,1.910,0.999,0,0,999,1.910,99
8,27,2019,23,0,,13.390,9.820,83.000,89238.930,0.000,1337.606,298.355,0.000,0.000,0.000,0.000,0.000,0.000,-0.000,999,0.200,8.000,99,9999,99999,9,999999999,0.060,0.999,0,0,999,0.060,99
8,27,2019,24,0,,12.410,9.110,80.000,89238.930,0.000,1337.606,290.222,0.000,0.000,0.000,0.000,0.000,0.000,-0.000,999,1.080,8.000,99,9999,99999,9,999999999,0.000,0.999,0,0,999,0.000,0
8,28,2019,1,0,,11.920,9.080,87.000,89238.930,0.000,1337.606,290.440,0.000,0.000,0.000,0.000,0.000,0.000,-0.000,999,0.840,8.000,99,9999,99999,9,999999999,0.010,0.999,0,0,999,0.010,99
8,28,2019,2,0,,11.440,9.040,90.000,89238.930,0.000,1337.606,288.648,0.000,0.000,0.000,0.000,0.000,0.000,-0.000,999,0.660,8.000,99,9999,99999,9,999999999,0.020,0.999,0,0,999,0.020,99
8,28,2019,3,0,,10.950,9.010,87.000,89238.930,0.000,1337.606,284.029,0.000,0.000,0.000,0.000,0.000,0.000,-0.000,999,0.500,8.000,99,9999,99999,9,999999999,0.000,0.999,0,0,999,0.000,0
8,28,2019,4,0,,10.460,8.970,95.000,89238.930,0.000,1338.217,284.384,0.000,0.000,0.000,0.000,0.000,0.000,-0.000,999,0.530,8.000,99,9999,99999,9,999999999,0.970,0.999,0,0,999,0.970,99
8,28,2019,5,0,,9.980,8.930,93.000,89238.930,0.000,1338.217,280.386,0.000,0.000,0.000,0.000,0.000,0.000,-0.000,999,0.330,8.000,99,9999,99999,9,999999999,0.000,0.999,0,0,999,0.000,0
8,28,2019,6,0,,9.600,8.910,95.000,89238.930,0.000,1338.217,278.770,0.000,0.000,0.000,0.000,0.000,0.000,-0.000,999,0.330,8.000,99,9999,99999,9,999999999,0.000,0.999,0,0,999,0.000,0
8,28,2019,7,0,,9.280,8.880,97.000,89238.930,138.709,1338.217,277.528,0.000,0.000,0.000,0.000,0.000,0.000,0.000,999,0.330,8.000,99,9999,99999,9,999999999,0.000,0.999,0,0,999,0.000,0
8,28,2019,8,0,,8.960,8.860,99.000,89238.930,442.685,1338.217,276.271,94.430,0.000,94.430,11331.600,0.000,10387.300,91.079,999,0.400,8.000,99,9999,99999,9,999999999,0.000,0.999,0,0,999,0.000,0
8,28,2019,9,0,,13.560,9.190,74.000,89238.930,712.749,1338.217,294.641,243.640,33.324,225.904,29236.800,3165.779,24849.485,135.110,999,0.570,8.000,99,9999,99999,9,999999999,0.000,0.999,0,0,999,0.000,0
8,28,2019,10,0,,15.430,9.330,66.000,89238.930,928.973,1338.217,302.402,374.830,59.375,333.626,44979.600,5640.602,36698.840,153.028,999,1.050,7.000,99,9999,99999,9,999999999,0.000,0.999,0,0,999,0.000,0
8,28,2019,11,0,,17.040,9.440,60.000,89238.930,1076.431,1338.217,309.287,473.890,87.919,403.182,56866.800,8352.279,44349.967,159.573,999,1.300,7.000,99,9999,99999,9,999999999,0.000,0.999,0,0,999,0.000,0
8,28,2019,12,0,,18.330,9.530,56.000,89238.930,1145.020,1338.217,315.180,532.940,104.213,443.781,63952.800,9900.265,48815.958,165.112,999,1.940,7.000,99,9999,99999,9,999999999,0.000,0.999,0,0,999,0.000,0
8,28,2019,13,0,,19.250,9.600,53.000,89238.930,1130.049,1338.217,319.148,547.620,124.103,442.835,65714.400,11789.761,48711.811,166.945,999,3.930,7.000,99,9999,99999,9,999999999,0.000,0.999,0,0,999,0.000,0
8,28,2019,14,0,,19.790,9.640,51.000,89238.930,1032.542,1338.217,321.203,516.850,152.650,399.092,62022.000,14501.770,43900.082,164.675,999,5.490,7.000,99,9999,99999,9,999999999,0.000,0.999,0,0,999,0.000,0
8,28,2019,15,0,,19.950,9.650,51.000,89238.930,859.173,1338.217,322.337,442.870,167.938,335.094,53144.400,15954.140,36860.340,166.205,999,5.370,7.000,99,9999,99999,9,999999999,0.000,0.999,0,0,999,0.000,0
8,28,2019,16,0,,19.580,9.620,52.000,89238.930,621.843,1338.217,320.608,331.260,289.796,196.740,39751.200,27530.610,21641.443,134.912,999,5.370,7.000,99,9999,99999,9,999999999,0.000,0.999,0,0,999,0.000,0
8,28,2019,17,0,,18.630,9.550,55.000,89238.930,337.076,1338.217,316.469,191.440,353.814,102.696,22972.800,33612.366,11296.576,130.329,999,4.290,8.000,99,9999,99999,9,999999999,0.000,0.999,0,0,999,0.000,0
8,28,2019,18,0,,17.240,9.460,60.000,89238.930,30.287,1338.217,310.672,43.990,0.000,43.990,5278.800,0.000,4838.900,863.813,999,2.520,8.000,99,9999,99999,9,999999999,0.000,0.999,0,0,999,0.000,0
8,28,2019,19,0,,16.280,9.390,63.000,89238.930,0.000,1338.217,306.195,0.000,0.000,0.000,0.000,0.000,0.000,-0.000,999,1.490,8.000,99,9999,99999,9,999999999,0.000,0.999,0,0,999,0.000,0
8,28,2019,20,0,,15.320,9.320,67.000,89238.930,0.000,1338.217,302.302,0.000,0.000,0.000,0.000,0.000,0.000,-0.000,999,0.640,8.000,99,9999,99999,9,999999999,0.000,0.999,0,0,999,0.000,0
8,28,2019,21,0,,14.370,9.250,71.000,89238.930,0.000,1338.217,298.341,0.000,0.000,0.000,0.000,0.000,0.000,-0.000,999,0.380,8.000,99,9999,99999,9,999999999,0.000,0.999,0,0,999,0.000,0
8,28,2019,22,0,,13.410,9.180,75.000,89238.930,0.000,1338.217,294.200,0.000,0.000,0.000,0.000,0.000,0.000,-0.000,999,0.330,8.000,99,9999,99999,9,999999999,0.000,0.999,0,0,999,0.000,0
8,28,2019,23,0,,12.450,9.110,80.000,89238.930,0.000,1338.217,290.488,0.000,0.000,0.000,0.000,0.000,0.000,-0.000,999,0.330,8.000,99,9999,99999,9,999999999,0.000,0.999,0,0,999,0.000,0
8,28,2019,24,0,,11.490,6.620,71.000,89238.930,0.000,1338.217,279.355,0.000,0.000,0.000,0.000,0.000,0.000,-0.000,999,0.120,8.000,99,9999,99999,9,999999999,0.000,0.999,0,0,999,0.000,0
8,29,2019,1,0,,11.020,6.650,74.000,89238.930,0.000,1338.217,277.986,0.000,0.000,0.000,0.000,0.000,0.000,-0.000,999,0.120,8.000,99,9999,99999,9,999999999,0.000,0.999,0,0,999,0.000,0
8,29,2019,2,0,,10.540,6.680,76.000,89238.930,0.000,1338.217,275.971,0.000,0.000,0.000,0.000,0.000,0.000,-0.000,999,0.120,8.000,99,9999,99999,9,999999999,0.000,0.999,0,0,999,0.000,0
8,29,2019,3,0,,10.060,6.700,79.000,89238.930,0.000,1338.217,274.435,0.000,0.000,0.000,0.000,0.000,0.000,-0.000,999,0.120,8.000,99,9999,99999,9,999999999,0.000,0.999,0,0,999,0.000,0
8,29,2019,4,0,,9.580,6.730,82.000,89238.930,0.000,1338.837,272.844,0.000,0.000,0.000,0.000,0.000,0.000,-0.000,999,0.120,8.000,99,9999,99999,9,999999999,0.000,0.999,0,0,999,0.000,0
8,29,2019,5,0,,9.100,6.760,85.000,89238.930,0.000,1338.837,271.202,0.000,0.000,0.000,0.000,0.000,0.000,-0.000,999,0.120,8.000,99,9999,99999,9,999999999,0.000,0.999,0,0,999,0.000,0
8,29,2019,6,0,,8.730,6.780,87.000,89238.930,0.000,1338.837,269.766,0.000,0.000,0.000,0.000,0.000,0.000,-0.000,999,0.120,8.000,99,9999,99999,9,999999999,0.000,0.999,0,0,999,0.000,0
8,29,2019,7,0,,8.410,6.800,89.000,89238.930,143.390,1338.837,268.628,0.000,0.000,0.000,0.000,0.000,0.000,0.000,999,0.120,8.000,99,9999,99999,9,999999999,0.000,0.999,0,0,999,0.000,0
8,29,2019,8,0,,8.100,6.820,91.000,89238.930,447.782,1338.837,267.534,77.650,0.000,77.650,9318.000,0.000,8541.500,74.072,999,0.120,8.000,99,9999,99999,9,999999999,0.000,0.999,0,0,999,0.000,0
8,29,2019,9,0,,11.570,6.610,71.000,89238.930,718.040,1338.837,279.870,209.140,15.633,200.762,25096.800,1485.128,22083.807,119.241,999,0.230,8.000,99,9999,99999,9,999999999,0.000,0.999,0,0,999,0.000,0
8,29,2019,10,0,,13.950,6.470,60.000,89238.930,934.288,1338.837,288.490,438.950,135.846,344.181,52674.000,12905.338,37859.952,157.043,999,0.730,6.000,99,9999,99999,9,999999999,0.000,0.999,0,0,999,0.000,0
8,29,2019,11,0,,15.960,6.350,52.000,89238.930,1081.602,1338.837,295.782,573.940,188.466,421.709,68872.800,17904.236,46387.955,166.185,999,0.980,5.000,99,9999,99999,9,999999999,0.000,0.999,0,0,999,0.000,0
8,29,2019,12,0,,17.610,6.250,47.000,89238.930,1149.889,1338.837,302.507,667.120,257.715,445.799,80054.400,24482.935,49037.882,165.237,999,1.160,5.000,99,9999,99999,9,999999999,0.000,0.999,0,0,999,0.000,0
8,29,2019,13,0,,18.750,6.180,43.000,89238.930,1134.480,1338.837,306.348,675.870,326.407,399.317,81104.400,31008.618,43924.908,150.020,999,1.250,5.000,99,9999,99999,9,999999999,0.000,0.999,0,0,999,0.000,0
8,29,2019,14,0,,19.780,6.120,40.000,89238.930,1036.429,1338.837,310.178,737.850,588.721,282.195,88542.000,55928.522,31041.414,116.057,999,1.780,2.000,99,9999,99999,9,999999999,0.000,0.999,0,0,999,0.000,0
8,29,2019,15,0,,20.290,6.080,39.000,89238.930,862.448,1338.837,312.546,650.920,799.765,135.943,78110.400,75977.649,14953.698,67.202,999,2.260,2.000,99,9999,99999,9,999999999,0.000,0.999,0,0,999,0.000,0
8,29,2019,16,0,,19.890,6.110,40.000,89238.930,624.480,1338.837,310.931,417.640,603.672,136.363,50116.800,57348.811,14999.880,93.156,999,1.240,5.000,99,9999,99999,9,999999999,0.000,0.999,0,0,999,0.000,0
8,29,2019,17,0,,18.920,6.170,43.000,89238.930,339.087,1338.837,307.504,258.750,613.629,103.985,31050.000,58294.786,11438.346,131.236,999,0.450,6.000,99,9999,99999,9,999999999,0.000,0.999,0,0,999,0.000,0
8,29,2019,18,0,,17.460,6.260,47.000,89238.930,31.607,1338.837,301.497,79.930,0.000,79.930,9591.600,0.000,8792.300,1471.320,999,0.270,7.000,99,9999,99999,9,999999999,0.000,0.999,0,0,999,0.000,0
8,29,2019,19,0,,16.610,6.310,50.000,89238.930,0.000,1338.837,298.450,0.000,0.000,0.000,0.000,0.000,0.000,-0.000,999,0.280,7.000,99,9999,99999,9,999999999,0.000,0.999,0,0,999,0.000,0
8,29,2019,20,0,,15.770,6.360,53.000,89238.930,0.000,1338.837,295.324,0.000,0.000,0.000,0.000,0.000,0.000,-0.000,999,0.150,7.000,99,9999,99999,9,999999999,0.000,0.999,0,0,999,0.000,0
8,29,2019,21,0,,14.920,6.410,56.000,89238.930,0.000,1338.837,292.007,0.000,0.000,0.000,0.000,0.000,0.000,-0.000,999,0.160,7.000,99,9999,99999,9,999999999,0.000,0.999,0,0,999,0.000,0
8,29,2019,22,0,,14.070,6.460,60.000,89238.930,0.000,1338.837,289.277,0.000,0.000,0.000,0.000,0.000,0.000,-0.000,999,0.150,7.000,99,9999,99999,9,999999999,0.000,0.999,0,0,999,0.000,0
8,29,2019,23,0,,13.220,6.520,63.000,89238.930,0.000,1338.837,285.723,0.000,0.000,0.000,0.000,0.000,0.000,-0.000,999,0.120,7.000,99,9999,99999,9,999999999,0.000,0.999,0,0,999,0.000,0
8,29,2019,24,0,,12.370,8.170,75.000,89238.930,0.000,1338.837,287.295,0.000,0.000,0.000,0.000,0.000,0.000,-0.000,999,0.410,7.000,99,9999,99999,9,999999999,0.000,0.999,0,0,999,0.000,0
8,30,2019,1,0,,11.950,8.130,77.000,89238.930,0.000,1338.837,285.614,0.000,0.000,0.000,0.000,0.000,0.000,-0.000,999,0.280,7.000,99,9999,99999,9,999999999,0.000,0.999,0,0,999,0.000,0
8,30,2019,2,0,,11.530,8.080,79.000,89238.930,0.000,1338.837,283.910,0.000,0.000,0.000,0.000,0.000,0.000,-0.000,999,0.280,7.000,99,9999,99999,9,999999999,0.000,0.999,0,0,999,0.000,0
8,30,2019,3,0,,11.100,8.040,81.000,89238.930,0.000,1338.837,282.118,0.000,0.000,0.000,0.000,0.000,0.000,-0.000,999,0.280,7.000,99,9999,99999,9,999999999,0.000,0.999,0,0,999,0.000,0
8,30,2019,4,0,,10.680,7.990,83.000,89238.930,0.000,1339.464,280.372,0.000,0.000,0.000,0.000,0.000,0.000,-0.000,999,0.280,7.000,99,9999,99999,9,999999999,0.000,0.999,0,0,999,0.000,0
8,30,2019,5,0,,10.250,7.940,85.000,89238.930,0.000,1339.464,278.544,0.000,0.000,0.000,0.000,0.000,0.000,-0.000,999,0.280,7.000,99,9999,99999,9,999999999,0.000,0.999,0,0,999,0.000,0
8,30,2019,6,0,,9.930,7.910,87.000,89238.930,0.000,1339.464,277.406,0.000,0.000,0.000,0.000,0.000,0.000,-0.000,999,0.280,7.000,99,9999,99999,9,999999999,0.000,0.999,0,0,999,0.000,0
8,30,2019,7,0,,9.650,7.880,88.000,89238.930,148.131,1339.464,276.059,0.000,0.000,0.000,0.000,0.000,0.000,0.000,999,0.280,7.000,99,9999,99999,9,999999999,0.000,0.999,0,0,999,0.000,0
8,30,2019,8,0,,9.370,7.850,90.000,89238.930,452.925,1339.464,275.150,129.380,15.797,124.050,15525.600,1500.729,13645.540,117.039,999,0.280,7.000,99,9999,99999,9,999999999,0.000,0.999,0,0,999,0.000,0
8,30,2019,9,0,,14.170,8.360,68.000,89238.930,723.365,1339.464,295.165,280.800,71.899,241.999,33696.000,6830.370,26619.941,142.741,999,0.280,7.000,99,9999,99999,9,999999999,0.000,0.999,0,0,999,0.000,0
8,30,2019,10,0,,14.720,8.420,65.000,89238.930,939.623,1339.464,296.945,275.060,19.054,261.698,33007.200,1810.168,28786.730,118.784,999,0.280,8.000,99,9999,99999,9,999999999,0.000,0.999,0,0,999,0.000,0
8,30,2019,11,0,,17.210,8.680,57.000,89238.930,1086.780,1339.464,308.197,654.750,323.782,392.088,78570.000,30759.311,43129.673,153.847,999,0.840,4.000,99,9999,99999,9,999999999,0.000,0.999,0,0,999,0.000,0
8,30,2019,12,0,,18.770,8.840,52.000,89238.930,1154.755,1339.464,314.919,667.080,286.249,420.329,80049.600,27193.689,46236.180,155.212,999,1.360,5.000,99,9999,99999,9,999999999,0.000,0.999,0,0,999,0.000,0
8,30,2019,13,0,,19.260,8.890,51.000,89238.930,1138.899,1339.464,317.469,527.660,124.894,421.479,63319.200,11864.964,46362.658,157.805,999,2.250,7.000,99,9999,99999,9,999999999,0.000,0.999,0,0,999,0.000,0
8,30,2019,14,0,,19.710,8.930,49.000,89238.930,1040.299,1339.464,318.810,558.020,203.039,400.359,66962.400,19288.738,44039.536,164.118,999,2.010,6.000,99,9999,99999,9,999999999,0.000,0.999,0,0,999,0.000,0
8,30,2019,15,0,,19.830,8.940,49.000,89238.930,865.702,1339.464,319.654,482.080,284.262,298.435,57849.600,27004.928,32827.847,147.042,999,2.220,7.000,99,9999,99999,9,999999999,0.000,0.999,0,0,999,0.000,0
8,30,2019,16,0,,19.210,8.880,51.000,89238.930,627.094,1339.464,317.118,306.750,201.974,212.291,36810.000,19187.540,23351.965,144.488,999,2.720,8.000,99,9999,99999,9,999999999,0.000,0.999,0,0,999,0.000,0
8,30,2019,17,0,,18.260,8.780,53.000,89238.930,341.081,1339.464,312.225,191.420,341.057,104.932,22970.400,32400.446,11542.509,131.713,999,1.420,8.000,99,9999,99999,9,999999999,0.000,0.999,0,0,999,0.000,0
8,30,2019,18,0,,17.120,8.670,57.000,89238.930,32.918,1339.464,307.578,92.450,0.000,92.450,11094.000,0.000,10169.500,1602.443,999,0.570,6.000,99,9999,99999,9,999999999,0.000,0.999,0,0,999,0.000,0
8,30,2019,19,0,,16.190,8.570,60.000,89238.930,0.000,1339.464,303.455,0.000,0.000,0.000,0.000,0.000,0.000,-0.000,999,0.590,6.000,99,9999,99999,9,999999999,0.000,0.999,0,0,999,0.000,0
8,30,2019,20,0,,15.260,8.480,63.000,89238.930,0.000,1339.464,299.250,0.000,0.000,0.000,0.000,0.000,0.000,-0.000,999,0.280,6.000,99,9999,99999,9,999999999,0.000,0.999,0,0,999,0.000,0
8,30,2019,21,0,,14.330,8.380,67.000,89238.930,0.000,1339.464,295.612,0.000,0.000,0.000,0.000,0.000,0.000,-0.000,999,0.280,6.000,99,9999,99999,9,999999999,0.000,0.999,0,0,999,0.000,0
8,30,2019,22,0,,13.410,8.280,71.000,89238.930,0.000,1339.464,291.905,0.000,0.000,0.000,0.000,0.000,0.000,-0.000,999,0.280,6.000,99,9999,99999,9,999999999,0.000,0.999,0,0,999,0.000,0
8,30,2019,23,0,,12.480,8.180,75.000,89238.930,0.000,1339.464,288.020,0.000,0.000,0.000,0.000,0.000,0.000,-0.000,999,0.280,6.000,99,9999,99999,9,999999999,0.000,0.999,0,0,999,0.000,0
8,30,2019,24,0,,11.550,7.410,75.000,89238.930,0.000,1339.464,281.940,0.000,0.000,0.000,0.000,0.000,0.000,-0.000,999,0.510,6.000,99,9999,99999,9,999999999,0.000,0.999,0,0,999,0.000,0
8,31,2019,1,0,,11.090,7.340,77.000,89238.930,0.000,1339.464,280.020,0.000,0.000,0.000,0.000,0.000,0.000,-0.000,999,0.510,6.000,99,9999,99999,9,999999999,0.000,0.999,0,0,999,0.000,0
8,31,2019,2,0,,10.630,7.280,79.000,89238.930,0.000,1339.464,278.080,0.000,0.000,0.000,0.000,0.000,0.000,-0.000,999,0.510,7.000,99,9999,99999,9,999999999,0.000,0.999,0,0,999,0.000,0
8,31,2019,3,0,,10.160,7.210,81.000,89238.930,0.000,1339.464,276.056,0.000,0.000,0.000,0.000,0.000,0.000,-0.000,999,0.510,7.000,99,9999,99999,9,999999999,0.000,0.999,0,0,999,0.000,0
8,31,2019,4,0,,9.700,7.150,84.000,89238.930,0.000,1340.101,274.549,0.000,0.000,0.000,0.000,0.000,0.000,-0.000,999,0.510,7.000,99,9999,99999,9,999999999,0.000,0.999,0,0,999,0.000,0
8,31,2019,5,0,,9.240,7.080,86.000,89238.930,0.000,1340.101,272.543,0.000,0.000,0.000,0.000,0.000,0.000,-0.000,999,0.510,7.000,99,9999,99999,9,999999999,0.000,0.999,0,0,999,0.000,0
8,31,2019,6,0,,8.880,7.030,88.000,89238.930,0.000,1340.101,271.155,0.000,0.000,0.000,0.000,0.000,0.000,-0.000,999,0.510,7.000,99,9999,99999,9,999999999,0.000,0.999,0,0,999,0.000,0
8,31,2019,7,0,,8.570,6.990,89.000,89238.930,152.930,1340.101,269.634,0.000,0.000,0.000,0.000,0.000,0.000,0.000,999,0.510,7.000,99,9999,99999,9,999999999,0.000,0.999,0,0,999,0.000,0
8,31,2019,8,0,,8.270,6.940,91.000,89238.930,458.111,1340.101,268.601,145.570,32.218,134.581,17468.400,3060.665,14803.869,125.589,999,0.510,7.000,99,9999,99999,9,999999999,0.000,0.999,0,0,999,0.000,0
8,31,2019,9,0,,13.480,7.670,67.000,89238.930,728.720,1340.101,289.959,357.710,183.932,257.761,42925.200,17473.522,28353.746,150.990,999,0.510,4.000,99,9999,99999,9,999999999,0.000,0.999,0,0,999,0.000,0
8,31,2019,10,0,,15.630,7.960,60.000,89238.930,944.977,1340.101,299.659,562.700,342.596,321.189,67524.000,32546.662,35330.745,145.029,999,0.510,3.000,99,9999,99999,9,999999999,0.000,0.999,0,0,999,0.000,0
8,31,2019,11,0,,17.340,8.190,54.000,89238.930,1091.965,1340.101,306.714,686.750,382.212,375.355,82410.000,36310.170,41289.066,146.651,999,0.510,3.000,99,9999,99999,9,999999999,0.000,0.999,0,0,999,0.000,0
8,31,2019,12,0,,18.740,8.380,50.000,89238.930,1159.616,1340.101,312.951,775.170,420.517,411.324,93020.400,39949.142,45245.609,151.321,999,0.510,2.000,99,9999,99999,9,999999999,0.000,0.999,0,0,999,0.000,0
8,31,2019,13,0,,19.730,8.510,48.000,89238.930,1143.305,1340.101,318.013,790.870,466.605,392.830,94904.400,44327.514,43211.295,146.581,999,0.510,2.000,99,9999,99999,9,999999999,0.000,0.999,0,0,999,0.000,0
8,31,2019,14,0,,20.340,8.590,46.000,89238.930,1044.148,1340.101,320.357,759.210,647.987,254.422,91105.200,61558.774,27986.470,103.959,999,0.510,2.000,99,9999,99999,9,999999999,0.000,0.999,0,0,999,0.000,0
8,31,2019,15,0,,20.510,8.610,46.000,89238.930,868.934,1340.101,321.555,651.450,786.517,141.671,78174.000,74719.154,15583.815,69.576,999,0.510,2.000,99,9999,99999,9,999999999,0.000,0.999,0,0,999,0.000,0
8,31,2019,16,0,,20.100,8.560,47.000,89238.930,629.687,1340.101,319.651,486.130,781.919,119.100,58335.600,74282.290,13101.055,80.765,999,0.510,3.000,99,9999,99999,9,999999999,0.000,0.999,0,0,999,0.000,0
8,31,2019,17,0,,19.030,8.420,50.000,89238.930,343.055,1340.101,314.967,275.920,617.289,118.544,33110.400,58642.482,13039.844,148.006,999,0.510,5.000,99,9999,99999,9,999999999,0.000,0.999,0,0,999,0.000,0
8,31,2019,18,0,,17.858,8.262,53.200,89238.930,34.223,1340.101,309.614,165.510,0.000,165.510,19861.200,0.000,18206.100,2711.991,999,0.510,6.400,99,9999,99999,9,999999999,0.000,0.999,0,0,999,0.000,0
8,31,2019,19,0,,16.874,8.130,56.000,89238.930,0.000,1340.101,305.119,68.284,0.000,0.000,8194.080,0.000,0.000,-0.000,999,0.510,7.400,99,9999,99999,9,999999999,0.000,0.999,0,0,999,0.000,0
8,31,2019,20,0,,15.952,8.006,58.800,89238.930,0.000,1340.101,300.967,13.100,0.000,0.000,1572.000,0.000,0.000,-0.000,999,0.510,7.800,99,9999,99999,9,999999999,0.000,0.999,0,0,999,0.000,0
8,31,2019,21,0,,15.184,7.904,61.400,89238.930,0.000,1340.101,297.641,0.000,0.000,0.000,0.000,0.000,0.000,-0.000,999,0.510,7.600,99,9999,99999,9,999999999,0.000,0.999,0,0,999,0.000,0
8,31,2019,22,0,,14.704,8.678,67.200,89238.930,0.000,1340.101,298.252,0.000,0.000,0.000,0.000,0.000,0.000,-0.000,999,0.480,7.600,99,9999,99999,9,999999999,0.000,0.999,0,0,999,0.000,0
8,31,2019,23,0,,14.320,9.478,72.800,89238.930,0.000,1340.101,299.071,0.000,0.000,0.000,0.000,0.000,0.000,-0.000,999,0.450,7.600,99,9999,99999,9,999999999,0.000,0.999,0,0,999,0.000,0
8,31,2014,24,0,,14.032,10.306,78.400,89238.930,0.000,1340.101,300.286,0.000,0.000,0.000,0.000,0.000,0.000,-0.000,999,0.420,7.600,99,9999,99999,9,999999999,0.000,0.999,0,0,999,0.000,0
9,1,2014,1,0,,13.838,11.158,83.800,89238.930,0.000,1340.101,301.824,0.000,0.000,0.000,0.000,0.000,0.000,-0.000,999,0.390,7.800,99,9999,99999,9,999999999,0.000,0.999,0,0,999,0.000,0
9,1,2014,2,0,,13.742,12.036,89.000,89238.930,0.000,1340.101,303.768,0.000,0.000,0.000,0.000,0.000,0.000,-0.000,999,0.360,8.000,99,9999,99999,9,999999999,0.000,0.999,0,0,999,0.000,0
9,1,2014,3,0,,13.454,12.062,91.000,89238.930,0.000,1340.101,302.743,0.000,0.000,0.000,0.000,0.000,0.000,-0.000,999,0.360,8.000,99,9999,99999,9,999999999,0.000,0.999,0,0,999,0.000,0
9,1,2014,4,0,,13.180,12.086,92.800,89238.930,0.000,1340.745,301.702,0.000,0.000,0.000,0.000,0.000,0.000,-0.000,999,0.360,8.000,99,9999,99999,9,999999999,0.000,0.999,0,0,999,0.000,0
9,1,2014,5,0,,12.926,12.108,94.400,89238.930,0.000,1340.745,300.692,0.000,0.000,0.000,0.000,0.000,0.000,-0.000,999,0.360,8.000,99,9999,99999,9,999999999,0.000,0.999,0,0,999,0.000,0
9,1,2014,6,0,,12.660,12.130,96.000,89238.930,0.000,1340.745,299.589,0.000,0.000,0.000,0.000,0.000,0.000,-0.000,999,0.360,8.000,99,9999,99999,9,999999999,0.000,0.999,0,0,999,0.000,0
9,1,2014,7,0,,12.470,12.150,97.000,89238.930,158.778,1340.745,298.732,0.000,0.000,0.000,0.000,0.000,0.000,0.000,999,0.360,8.000,99,9999,99999,9,999999999,0.000,0.999,0,0,999,0.000,0
9,1,2014,8,0,,12.280,12.170,99.000,89238.930,464.384,1340.745,298.303,87.060,0.000,87.060,10447.200,0.000,9576.600,80.179,999,0.360,8.000,99,9999,99999,9,999999999,0.000,0.999,0,0,999,0.000,0
9,1,2014,9,0,,14.810,11.940,82.000,89238.930,735.165,1340.745,307.591,227.780,19.736,216.965,27333.600,1874.966,23866.189,126.037,999,0.360,8.000,99,9999,99999,9,999999999,0.000,0.999,0,0,999,0.000,0
9,1,2014,10,0,,15.820,11.850,77.000,89238.930,951.393,1340.745,311.861,345.440,20.704,330.753,41452.800,1966.879,36382.796,148.411,999,0.360,8.000,99,9999,99999,9,999999999,0.000,0.999,0,0,999,0.000,0
9,1,2014,11,0,,16.680,11.770,72.000,89238.930,1098.160,1340.745,314.902,433.930,33.431,406.552,52071.600,3175.965,44720.671,158.019,999,0.360,8.000,99,9999,99999,9,999999999,0.000,0.999,0,0,999,0.000,0
9,1,2014,12,0,,17.360,11.700,69.000,89238.930,1165.413,1340.745,317.787,486.280,99.764,399.571,58353.600,9477.561,43952.785,146.336,999,0.420,8.000,99,9999,99999,9,999999999,0.000,0.999,0,0,999,0.000,0
9,1,2014,13,0,,17.850,11.660,67.000,89238.930,1148.554,1340.745,319.928,498.620,118.445,397.165,59834.400,11252.231,43688.132,147.592,999,2.170,8.000,99,9999,99999,9,999999999,0.000,0.999,0,0,999,0.000,0
9,1,2014,14,0,,18.130,11.630,65.000,89238.930,1048.740,1340.745,320.536,470.050,146.041,355.837,56406.000,13873.921,39142.052,144.831,999,1.620,8.000,99,9999,99999,9,999999999,0.000,0.999,0,0,999,0.000,0
9,1,2014,15,0,,18.210,11.620,65.000,89238.930,872.801,1340.745,321.106,402.670,123.623,322.226,48320.400,11744.165,35444.851,157.621,999,1.040,8.000,99,9999,99999,9,999999999,0.000,0.999,0,0,999,0.000,0
9,1,2014,16,0,,18.010,11.640,66.000,89238.930,632.813,1340.745,320.380,301.530,189.566,212.149,36183.600,18008.764,23336.358,143.220,999,0.810,8.000,99,9999,99999,9,999999999,0.000,0.999,0,0,999,0.000,0
9,1,2014,17,0,,17.500,11.690,68.000,89238.930,345.471,1340.745,318.116,175.130,324.857,91.761,21015.600,30861.458,10093.685,113.814,999,1.120,8.000,99,9999,99999,9,999999999,0.000,0.999,0,0,999,0.000,0
9,1,2014,18,0,,16.750,11.760,72.000,89238.930,35.866,1340.745,315.396,41.680,0.000,41.680,5001.600,0.000,4584.800,639.003,999,0.360,8.000,99,9999,99999,9,999999999,0.000,0.999,0,0,999,0.000,0
9,1,2014,19,0,,15.970,11.830,76.000,89238.930,0.000,1340.745,312.330,0.000,0.000,0.000,0.000,0.000,0.000,-0.000,999,0.360,8.000,99,9999,99999,9,999999999,0.000,0.999,0,0,999,0.000,0
9,1,2014,20,0,,15.190,11.900,80.000,89238.930,0.000,1340.745,309.150,0.000,0.000,0.000,0.000,0.000,0.000,-0.000,999,0.360,8.000,99,9999,99999,9,999999999,0.000,0.999,0,0,999,0.000,0
9,1,2014,21,0,,14.410,11.970,85.000,89238.930,0.000,1340.745,306.388,0.000,0.000,0.000,0.000,0.000,0.000,-0.000,999,0.360,8.000,99,9999,99999,9,999999999,0.000,0.999,0,0,999,0.000,0
9,1,2014,22,0,,13.630,12.050,90.000,89238.930,0.000,1340.745,303.479,0.000,0.000,0.000,0.000,0.000,0.000,-0.000,999,0.360,8.000,99,9999,99999,9,999999999,0.000,0.999,0,0,999,0.000,0
9,1,2014,23,0,,12.850,12.120,95.000,89238.930,0.000,1340.745,300.443,0.000,0.000,0.000,0.000,0.000,0.000,-0.000,999,0.360,8.000,99,9999,99999,9,999999999,0.000,0.999,0,0,999,0.000,0
9,1,2014,24,0,,12.070,9.340,83.000,89238.930,0.000,1340.745,289.488,0.000,0.000,0.000,0.000,0.000,0.000,-0.000,999,0.170,8.000,99,9999,99999,9,999999999,0.000,0.999,0,0,999,0.000,0
9,2,2014,1,0,,11.680,9.320,85.000,89238.930,0.000,1340.745,287.885,0.000,0.000,0.000,0.000,0.000,0.000,-0.000,999,0.170,8.000,99,9999,99999,9,999999999,0.000,0.999,0,0,999,0.000,0
9,2,2014,2,0,,11.280,9.300,87.000,89238.930,0.000,1340.745,286.198,0.000,0.000,0.000,0.000,0.000,0.000,-0.000,999,0.170,7.000,99,9999,99999,9,999999999,0.000,0.999,0,0,999,0.000,0
9,2,2014,3,0,,10.890,9.280,89.000,89238.930,0.000,1340.745,284.559,0.000,0.000,0.000,0.000,0.000,0.000,-0.000,999,0.170,7.000,99,9999,99999,9,999999999,0.000,0.999,0,0,999,0.000,0
9,2,2014,4,0,,10.500,9.250,92.000,89238.930,0.000,1341.397,283.345,0.000,0.000,0.000,0.000,0.000,0.000,-0.000,999,0.170,7.000,99,9999,99999,9,999999999,0.000,0.999,0,0,999,0.000,0
9,2,2014,5,0,,10.110,9.230,94.000,89238.930,0.000,1341.397,281.662,0.000,0.000,0.000,0.000,0.000,0.000,-0.000,999,0.170,7.000,99,9999,99999,9,999999999,0.000,0.999,0,0,999,0.000,0
9,2,2014,6,0,,9.810,9.220,96.000,89238.930,0.000,1341.397,280.552,0.000,0.000,0.000,0.000,0.000,0.000,-0.000,999,0.170,7.000,99,9999,99999,9,999999999,0.000,0.999,0,0,999,0.000,0
9,2,2014,7,0,,9.550,9.200,97.000,89238.930,163.697,1341.397,279.276,0.000,0.000,0.000,0.000,0.000,0.000,0.000,999,0.170,7.000,99,9999,99999,9,999999999,0.000,0.999,0,0,999,0.000,0
9,2,2014,8,0,,9.300,9.190,99.000,89238.930,469.659,1341.397,278.468,141.250,44.269,125.782,16950.000,4205.562,13836.065,114.590,999,0.170,7.000,99,9999,99999,9,999999999,0.000,0.999,0,0,999,0.000,0
9,2,2014,9,0,,14.580,9.470,71.000,89238.930,740.579,1341.397,299.763,344.990,148.704,262.946,41398.800,14126.895,28924.055,151.702,999,0.170,5.000,99,9999,99999,9,999999999,0.000,0.999,0,0,999,0.000,0
9,2,2014,10,0,,16.340,9.560,64.000,89238.930,956.776,1341.397,307.298,485.380,145.708,381.481,58245.600,13842.256,41962.863,170.291,999,0.170,5.000,99,9999,99999,9,999999999,0.000,0.999,0,0,999,0.000,0
9,2,2014,11,0,,18.310,9.660,57.000,89238.930,1103.346,1341.397,315.838,687.150,413.982,346.683,82458.000,39328.305,38135.121,134.180,999,0.540,3.000,99,9999,99999,9,999999999,0.000,0.999,0,0,999,0.000,0
9,2,2014,12,0,,19.290,9.710,53.000,89238.930,1170.252,1341.397,319.430,639.860,199.615,465.729,76783.200,18963.446,51230.216,169.942,999,0.980,6.000,99,9999,99999,9,999999999,0.000,0.999,0,0,999,0.000,0
9,2,2014,13,0,,19.990,9.750,51.000,89238.930,1152.919,1341.397,322.621,651.930,233.539,451.226,78231.600,22186.251,49634.834,167.127,999,1.410,6.000,99,9999,99999,9,999999999,0.000,0.999,0,0,999,0.000,0
9,2,2014,14,0,,20.170,9.760,51.000,89238.930,1052.535,1341.397,323.901,549.470,216.088,379.946,65936.400,20528.381,41794.081,154.160,999,2.090,7.000,99,9999,99999,9,999999999,0.000,0.999,0,0,999,0.000,0
9,2,2014,15,0,,20.350,9.770,50.000,89238.930,875.972,1341.397,324.267,567.080,482.584,252.062,68049.600,45845.514,27726.860,122.913,999,2.120,5.000,99,9999,99999,9,999999999,0.000,0.999,0,0,999,0.000,0
9,2,2014,16,0,,20.080,9.750,51.000,89238.930,635.348,1341.397,323.261,441.280,600.639,157.077,52953.600,57060.706,17278.435,105.669,999,1.620,5.000,99,9999,99999,9,999999999,0.000,0.999,0,0,999,0.000,0
9,2,2014,17,0,,19.330,9.710,53.000,89238.930,347.399,1341.397,319.712,299.080,617.545,139.784,35889.600,58666.771,15376.220,172.493,999,1.140,4.000,99,9999,99999,9,999999999,0.000,0.999,0,0,999,0.000,0
9,2,2014,18,0,,18.010,9.650,58.000,89238.930,37.150,1341.397,314.520,89.320,0.000,89.320,10718.400,0.000,9825.200,1304.268,999,0.710,7.000,99,9999,99999,9,999999999,0.000,0.999,0,0,999,0.000,0
9,2,2014,19,0,,17.070,9.600,61.000,89238.930,0.000,1341.397,310.226,0.000,0.000,0.000,0.000,0.000,0.000,-0.000,999,0.290,7.000,99,9999,99999,9,999999999,0.000,0.999,0,0,999,0.000,0
9,2,2014,20,0,,16.130,9.550,64.000,89238.930,0.000,1341.397,305.853,0.000,0.000,0.000,0.000,0.000,0.000,-0.000,999,0.230,7.000,99,9999,99999,9,999999999,0.000,0.999,0,0,999,0.000,0
9,2,2014,21,0,,15.190,9.500,68.000,89238.930,0.000,1341.397,302.055,0.000,0.000,0.000,0.000,0.000,0.000,-0.000,999,0.200,7.000,99,9999,99999,9,999999999,0.000,0.999,0,0,999,0.000,0
9,2,2014,22,0,,14.250,9.450,72.000,89238.930,0.000,1341.397,298.126,0.000,0.000,0.000,0.000,0.000,0.000,-0.000,999,0.280,7.000,99,9999,99999,9,999999999,0.000,0.999,0,0,999,0.000,0
9,2,2014,23,0,,13.310,9.400,77.000,89238.930,0.000,1341.397,294.636,0.000,0.000,0.000,0.000,0.000,0.000,-0.000,999,0.170,7.000,99,9999,99999,9,999999999,0.000,0.999,0,0,999,0.000,0
9,2,2014,24,0,,12.370,9.350,81.000,89238.930,0.000,1341.397,290.471,0.000,0.000,0.000,0.000,0.000,0.000,-0.000,999,0.190,7.000,99,9999,99999,9,999999999,0.000,0.999,0,0,999,0.000,0
9,3,2014,1,0,,11.900,9.290,84.000,89238.930,0.000,1341.397,288.855,0.000,0.000,0.000,0.000,0.000,0.000,-0.000,999,0.420,8.000,99,9999,99999,9,999999999,0.000,0.999,0,0,999,0.000,0
9,3,2014,2,0,,11.420,9.230,86.000,89238.930,0.000,1341.397,286.648,0.000,0.000,0.000,0.000,0.000,0.000,-0.000,999,0.250,8.000,99,9999,99999,9,999999999,0.000,0.999,0,0,999,0.000,0
9,3,2014,3,0,,10.950,9.170,88.000,89238.930,0.000,1341.397,284.493,0.000,0.000,0.000,0.000,0.000,0.000,-0.000,999,0.190,8.000,99,9999,99999,9,999999999,0.000,0.999,0,0,999,0.000,0
9,3,2014,4,0,,10.480,9.110,91.000,89238.930,0.000,1342.057,282.772,0.000,0.000,0.000,0.000,0.000,0.000,-0.000,999,0.190,8.000,99,9999,99999,9,999999999,0.000,0.999,0,0,999,0.000,0
9,3,2014,5,0,,10.010,9.050,93.000,89238.930,0.000,1342.057,280.581,0.000,0.000,0.000,0.000,0.000,0.000,-0.000,999,0.190,8.000,99,9999,99999,9,999999999,0.000,0.999,0,0,999,0.000,0
9,3,2014,6,0,,9.650,9.000,95.000,89238.930,0.000,1342.057,279.094,0.000,0.000,0.000,0.000,0.000,0.000,-0.000,999,0.190,8.000,99,9999,99999,9,999999999,0.000,0.999,0,0,999,0.000,0
9,3,2014,7,0,,9.340,8.960,97.000,89238.930,168.667,1342.057,277.915,0.240,0.000,0.240,28.800,0.000,26.400,0.618,999,0.190,8.000,99,9999,99999,9,999999999,0.000,0.999,0,0,999,0.000,0
9,3,2014,8,0,,9.030,8.920,99.000,89238.930,474.968,1342.057,276.722,131.330,23.182,123.142,15759.600,2202.262,13545.661,110.980,999,0.190,8.000,99,9999,99999,9,999999999,0.000,0.999,0,0,999,0.000,0
9,3,2014,9,0,,14.000,9.550,74.000,89238.930,746.016,1342.057,297.602,313.400,97.849,259.044,37608.000,9295.687,28494.798,148.433,999,0.350,6.000,99,9999,99999,9,999999999,0.000,0.999,0,0,999,0.000,0
9,3,2014,10,0,,15.860,9.780,67.000,89238.930,962.169,1342.057,305.999,472.090,127.324,380.832,56650.800,12095.786,41891.534,169.131,999,0.650,6.000,99,9999,99999,9,999999999,0.000,0.999,0,0,999,0.000,0
9,3,2014,11,0,,17.450,9.980,61.000,89238.930,1108.530,1342.057,312.869,591.220,185.943,437.653,70946.400,17664.575,48141.872,168.680,999,0.750,5.000,99,9999,99999,9,999999999,0.000,0.999,0,0,999,0.000,0
9,3,2014,12,0,,18.730,10.130,57.000,89238.930,1175.077,1342.057,318.794,661.400,226.139,463.415,79368.000,21483.160,50975.697,168.486,999,1.040,5.000,99,9999,99999,9,999999999,0.000,0.999,0,0,999,0.000,0
9,3,2014,13,0,,19.630,10.240,54.000,89238.930,1157.262,1342.057,322.697,677.480,266.702,447.525,81297.600,25336.691,49227.733,165.215,999,1.950,5.000,99,9999,99999,9,999999999,0.000,0.999,0,0,999,0.000,0
9,3,2014,14,0,,20.160,10.300,53.000,89238.930,1056.305,1342.057,325.614,638.300,317.392,388.532,76596.000,30152.234,42738.571,157.158,999,1.700,5.000,99,9999,99999,9,999999999,0.000,0.999,0,0,999,0.000,0
9,3,2014,15,0,,20.290,10.320,52.000,89238.930,879.117,1342.057,325.659,546.690,437.972,259.907,65602.800,41607.377,28589.805,126.346,999,1.740,5.000,99,9999,99999,9,999999999,0.000,0.999,0,0,999,0.000,0
9,3,2014,16,0,,19.890,10.270,53.000,89238.930,637.859,1342.057,323.685,409.550,558.746,144.253,49146.000,53080.856,15867.803,96.707,999,1.220,6.000,99,9999,99999,9,999999999,0.000,0.999,0,0,999,0.000,0
9,3,2014,17,0,,18.930,10.160,56.000,89238.930,349.307,1342.057,319.400,238.370,545.414,96.971,28604.400,51814.363,10666.810,119.062,999,0.810,7.000,99,9999,99999,9,999999999,0.000,0.999,0,0,999,0.000,0
9,3,2014,18,0,,17.510,9.980,61.000,89238.930,38.426,1342.057,313.287,57.580,0.000,57.580,6909.600,0.000,6333.800,802.978,999,0.390,8.000,99,9999,99999,9,999999999,0.000,0.999,0,0,999,0.000,0
9,3,2014,19,0,,16.840,9.900,63.000,89238.930,0.000,1342.057,310.061,0.000,0.000,0.000,0.000,0.000,0.000,-0.000,999,0.190,8.000,99,9999,99999,9,999999999,0.000,0.999,0,0,999,0.000,0
9,3,2014,20,0,,16.170,9.820,66.000,89238.930,0.000,1342.057,307.477,0.000,0.000,0.000,0.000,0.000,0.000,-0.000,999,0.190,8.000,99,9999,99999,9,999999999,0.000,0.999,0,0,999,0.000,0
9,3,2014,21,0,,15.500,9.740,68.000,89238.930,0.000,1342.057,304.173,0.000,0.000,0.000,0.000,0.000,0.000,-0.000,999,0.190,8.000,99,9999,99999,9,999999999,0.000,0.999,0,0,999,0.000,0
9,3,2014,22,0,,14.840,9.660,71.000,89238.930,0.000,1342.057,301.531,0.000,0.000,0.000,0.000,0.000,0.000,-0.000,999,0.190,8.000,99,9999,99999,9,999999999,0.000,0.999,0,0,999,0.000,0
9,3,2014,23,0,,14.170,9.570,73.000,89238.930,0.000,1342.057,298.172,0.000,0.000,0.000,0.000,0.000,0.000,-0.000,999,0.190,8.000,99,9999,99999,9,999999999,0.000,0.999,0,0,999,0.000,0
9,3,2014,24,0,,13.500,10.250,80.000,89238.930,0.000,1342.057,297.534,0.000,0.000,0.000,0.000,0.000,0.000,-0.000,999,0.400,8.000,99,9999,99999,9,999999999,0.000,0.999,0,0,999,0.000,0
9,4,2014,1,0,,13.170,10.210,82.000,89238.930,0.000,1342.057,296.349,0.000,0.000,0.000,0.000,0.000,0.000,-0.000,999,0.400,8.000,99,9999,99999,9,999999999,0.000,0.999,0,0,999,0.000,0
9,4,2014,2,0,,12.830,10.160,83.000,89238.930,0.000,1342.057,294.568,0.000,0.000,0.000,0.000,0.000,0.000,-0.000,999,0.400,8.000,99,9999,99999,9,999999999,0.000,0.999,0,0,999,0.000,0
9,4,2014,3,0,,12.500,10.120,85.000,89238.930,0.000,1342.057,293.350,0.000,0.000,0.000,0.000,0.000,0.000,-0.000,999,0.400,8.000,99,9999,99999,9,999999999,0.000,0.999,0,0,999,0.000,0
9,4,2014,4,0,,12.170,10.080,87.000,89238.930,0.000,1342.724,292.110,0.000,0.000,0.000,0.000,0.000,0.000,-0.000,999,0.400,8.000,99,9999,99999,9,999999999,0.000,0.999,0,0,999,0.000,0
9,4,2014,5,0,,11.830,10.040,88.000,89238.930,0.000,1342.724,290.314,0.000,0.000,0.000,0.000,0.000,0.000,-0.000,999,0.400,8.000,99,9999,99999,9,999999999,0.000,0.999,0,0,999,0.000,0
9,4,2014,6,0,,11.580,10.000,90.000,89238.930,0.000,1342.724,289.579,0.000,0.000,0.000,0.000,0.000,0.000,-0.000,999,0.400,8.000,99,9999,99999,9,999999999,0.000,0.999,0,0,999,0.000,0
9,4,2014,7,0,,11.350,9.970,91.000,89238.930,173.685,1342.724,288.506,0.360,0.000,0.360,43.200,0.000,39.600,0.900,999,0.400,8.000,99,9999,99999,9,999999999,0.000,0.999,0,0,999,0.000,0
9,4,2014,8,0,,11.130,9.950,92.000,89238.930,480.311,1342.724,287.496,121.200,6.870,118.747,14544.000,652.697,13062.191,105.876,999,0.400,8.000,99,9999,99999,9,999999999,0.000,0.999,0,0,999,0.000,0
9,4,2014,9,0,,15.130,10.450,73.000,89238.930,751.472,1342.724,304.719,285.850,64.347,249.861,34302.000,6112.956,27484.664,142.200,999,0.400,7.000,99,9999,99999,9,999999999,0.000,0.999,0,0,999,0.000,0
9,4,2014,10,0,,16.610,10.640,67.000,89238.930,967.568,1342.724,311.193,429.160,84.728,368.122,51499.200,8049.143,40493.383,162.654,999,0.400,7.000,99,9999,99999,9,999999999,0.000,0.999,0,0,999,0.000,0
9,4,2014,11,0,,17.870,10.790,63.000,89238.930,1113.709,1342.724,317.268,536.620,123.605,434.110,64394.400,11742.511,47752.147,166.619,999,0.400,6.000,99,9999,99999,9,999999999,0.000,0.999,0,0,999,0.000,0
9,4,2014,12,0,,18.880,10.920,59.000,89238.930,1179.888,1342.724,321.434,599.810,145.865,471.645,71977.200,13857.200,51880.986,170.863,999,0.400,6.000,99,9999,99999,9,999999999,0.000,0.999,0,0,999,0.000,0
9,4,2014,13,0,,19.600,11.000,57.000,89238.930,1161.583,1342.724,324.984,614.080,260.185,389.018,73689.600,24717.558,42791.959,143.153,999,0.780,6.000,99,9999,99999,9,999999999,0.000,0.999,0,0,999,0.000,0
9,4,2014,14,0,,20.010,11.050,56.000,89238.930,1060.048,1342.724,327.104,578.380,317.332,327.899,69405.600,30146.498,36068.881,132.230,999,1.740,6.000,99,9999,99999,9,999999999,0.000,0.999,0,0,999,0.000,0
9,4,2014,15,0,,20.120,11.070,55.000,89238.930,882.234,1342.724,327.054,495.320,288.698,305.705,59438.400,27426.304,33627.544,148.157,999,2.440,6.000,99,9999,99999,9,999999999,0.000,0.999,0,0,999,0.000,0
9,4,2014,16,0,,19.800,11.030,56.000,89238.930,640.344,1342.724,325.595,371.140,380.998,189.623,44536.800,36194.788,20858.527,126.691,999,0.610,7.000,99,9999,99999,9,999999999,0.000,0.999,0,0,999,0.000,0
9,4,2014,17,0,,19.030,10.930,59.000,89238.930,351.195,1342.724,322.503,216.230,435.154,102.858,25947.600,41339.614,11314.380,125.668,999,0.400,7.000,99,9999,99999,9,999999999,0.000,0.999,0,0,999,0.000,0
9,4,2014,18,0,,17.900,10.800,63.000,89238.930,39.695,1342.724,317.480,52.620,0.000,52.620,6314.400,0.000,5788.200,702.500,999,0.400,8.000,99,9999,99999,9,999999999,0.000,0.999,0,0,999,0.000,0
9,4,2014,19,0,,17.120,10.700,65.000,89238.930,0.000,1342.724,313.403,0.000,0.000,0.000,0.000,0.000,0.000,-0.000,999,0.400,8.000,99,9999,99999,9,999999999,0.000,0.999,0,0,999,0.000,0
9,4,2014,20,0,,16.350,10.610,68.000,89238.930,0.000,1342.724,310.040,0.000,0.000,0.000,0.000,0.000,0.000,-0.000,999,0.400,8.000,99,9999,99999,9,999999999,0.000,0.999,0,0,999,0.000,0
9,4,2014,21,0,,15.570,10.510,71.000,89238.930,0.000,1342.724,306.538,0.000,0.000,0.000,0.000,0.000,0.000,-0.000,999,0.400,8.000,99,9999,99999,9,999999999,0.000,0.999,0,0,999,0.000,0
9,4,2014,22,0,,14.800,10.410,74.000,89238.930,0.000,1342.724,303.045,0.000,0.000,0.000,0.000,0.000,0.000,-0.000,999,0.400,8.000,99,9999,99999,9,999999999,0.000,0.999,0,0,999,0.000,0
9,4,2014,23,0,,14.030,10.320,78.000,89238.930,0.000,1342.724,300.053,0.000,0.000,0.000,0.000,0.000,0.000,-0.000,999,0.400,8.000,99,9999,99999,9,999999999,0.000,0.999,0,0,999,0.000,0
9,4,2014,24,0,,13.250,9.100,75.000,89238.930,0.000,1342.724,293.129,0.000,0.000,0.000,0.000,0.000,0.000,-0.000,999,0.170,8.000,99,9999,99999,9,999999999,0.000,0.999,0,0,999,0.000,0
9,5,2014,1,0,,12.860,9.070,77.000,89238.930,0.000,1342.724,291.627,0.000,0.000,0.000,0.000,0.000,0.000,-0.000,999,0.170,8.000,99,9999,99999,9,999999999,0.000,0.999,0,0,999,0.000,0
9,5,2014,2,0,,12.480,9.050,79.000,89238.930,0.000,1342.724,290.166,0.000,0.000,0.000,0.000,0.000,0.000,-0.000,999,0.170,7.000,99,9999,99999,9,999999999,0.000,0.999,0,0,999,0.000,0
9,5,2014,3,0,,12.090,9.020,81.000,89238.930,0.000,1342.724,288.614,0.000,0.000,0.000,0.000,0.000,0.000,-0.000,999,0.170,7.000,99,9999,99999,9,999999999,0.000,0.999,0,0,999,0.000,0
9,5,2014,4,0,,11.700,9.000,83.000,89238.930,0.000,1343.399,287.040,0.000,0.000,0.000,0.000,0.000,0.000,-0.000,999,0.170,7.000,99,9999,99999,9,999999999,0.000,0.999,0,0,999,0.000,0
9,5,2014,5,0,,11.320,8.970,85.000,89238.930,0.000,1343.399,285.511,0.000,0.000,0.000,0.000,0.000,0.000,-0.000,999,0.170,7.000,99,9999,99999,9,999999999,0.000,0.999,0,0,999,0.000,0
9,5,2014,6,0,,11.020,8.950,87.000,89238.930,0.000,1343.399,284.488,0.000,0.000,0.000,0.000,0.000,0.000,-0.000,999,0.170,7.000,99,9999,99999,9,999999999,0.000,0.999,0,0,999,0.000,0
9,5,2014,7,0,,10.760,8.930,88.000,89238.930,178.747,1343.399,283.248,0.840,0.000,0.840,100.800,0.000,92.400,2.040,999,0.170,7.000,99,9999,99999,9,999999999,0.000,0.999,0,0,999,0.000,0
9,5,2014,8,0,,10.510,8.920,89.000,89238.930,485.683,1343.399,282.071,161.210,77.399,133.282,19345.200,7352.865,14661.009,117.574,999,0.170,7.000,99,9999,99999,9,999999999,0.000,0.999,0,0,999,0.000,0
9,5,2014,9,0,,15.340,9.240,66.000,89238.930,756.945,1343.399,301.789,365.960,169.374,270.585,43915.200,16090.565,29764.374,152.957,999,0.170,5.000,99,9999,99999,9,999999999,0.000,0.999,0,0,999,0.000,0
9,5,2014,10,0,,17.100,9.360,60.000,89238.930,972.971,1343.399,309.702,550.810,279.175,348.668,66097.200,26521.619,38353.521,153.279,999,0.170,4.000,99,9999,99999,9,999999999,0.000,0.999,0,0,999,0.000,0
9,5,2014,11,0,,18.670,9.460,55.000,89238.930,1118.880,1343.399,316.750,702.320,383.924,382.602,84278.400,36472.736,42086.242,146.243,999,0.420,3.000,99,9999,99999,9,999999999,0.000,0.999,0,0,999,0.000,0
9,5,2014,12,0,,19.860,9.540,51.000,89238.930,1184.682,1343.399,321.699,771.210,394.946,422.954,92545.200,37519.892,46524.984,152.680,999,0.510,3.000,99,9999,99999,9,999999999,0.000,0.999,0,0,999,0.000,0
9,5,2014,13,0,,20.760,9.600,48.000,89238.930,1165.880,1343.399,325.295,802.550,462.519,401.188,96306.000,43939.311,44130.651,147.160,999,0.910,2.000,99,9999,99999,9,999999999,0.000,0.999,0,0,999,0.000,0
9,5,2014,14,0,,21.350,9.630,47.000,89238.930,1063.763,1343.399,328.535,786.550,685.411,243.906,94386.000,65114.054,26829.643,98.064,999,1.380,1.000,99,9999,99999,9,999999999,0.000,0.999,0,0,999,0.000,0
9,5,2014,15,0,,21.530,9.650,46.000,89238.930,885.322,1343.399,328.817,670.360,802.940,141.411,80443.200,76279.316,15555.247,68.329,999,1.470,2.000,99,9999,99999,9,999999999,0.000,0.999,0,0,999,0.000,0
9,5,2014,16,0,,21.250,9.630,47.000,89238.930,642.803,1343.399,327.817,518.150,797.685,136.841,62178.000,75780.100,15052.519,91.122,999,2.210,2.000,99,9999,99999,9,999999999,0.000,0.999,0,0,999,0.000,0
9,5,2014,17,0,,20.370,9.570,49.000,89238.930,353.065,1343.399,323.474,309.960,650.967,139.538,37195.200,61841.864,15349.144,169.658,999,1.630,4.000,99,9999,99999,9,999999999,0.000,0.999,0,0,999,0.000,0
9,5,2014,18,0,,19.000,9.480,53.000,89238.930,40.958,1343.399,317.389,82.140,0.000,82.140,9856.800,0.000,9035.400,1052.095,999,1.150,7.000,99,9999,99999,9,999999999,0.000,0.999,0,0,999,0.000,0
9,5,2014,19,0,,18.080,9.420,56.000,89238.930,0.000,1343.399,313.435,0.000,0.000,0.000,0.000,0.000,0.000,-0.000,999,0.680,7.000,99,9999,99999,9,999999999,0.000,0.999,0,0,999,0.000,0
9,5,2014,20,0,,17.160,9.360,60.000,89238.930,0.000,1343.399,310.117,0.000,0.000,0.000,0.000,0.000,0.000,-0.000,999,0.400,7.000,99,9999,99999,9,999999999,0.000,0.999,0,0,999,0.000,0
9,5,2014,21,0,,16.230,9.300,63.000,89238.930,0.000,1343.399,305.852,0.000,0.000,0.000,0.000,0.000,0.000,-0.000,999,0.310,7.000,99,9999,99999,9,999999999,0.000,0.999,0,0,999,0.000,0
9,5,2014,22,0,,15.310,9.240,67.000,89238.930,0.000,1343.399,302.233,0.000,0.000,0.000,0.000,0.000,0.000,-0.000,999,0.290,7.000,99,9999,99999,9,999999999,0.000,0.999,0,0,999,0.000,0
9,5,2014,23,0,,14.390,9.180,70.000,89238.930,0.000,1343.399,297.872,0.000,0.000,0.000,0.000,0.000,0.000,-0.000,999,0.340,7.000,99,9999,99999,9,999999999,0.000,0.999,0,0,999,0.000,0
9,5,2014,24,0,,13.470,9.530,77.000,89238.930,0.000,1343.399,295.712,0.000,0.000,0.000,0.000,0.000,0.000,-0.000,999,0.490,7.000,99,9999,99999,9,999999999,0.000,0.999,0,0,999,0.000,0
9,6,2014,1,0,,13.000,9.460,79.000,89238.930,0.000,1343.399,293.634,0.000,0.000,0.000,0.000,0.000,0.000,-0.000,999,0.830,7.000,99,9999,99999,9,999999999,0.000,0.999,0,0,999,0.000,0
9,6,2014,2,0,,12.540,9.380,81.000,89238.930,0.000,1343.399,291.604,0.000,0.000,0.000,0.000,0.000,0.000,-0.000,999,0.490,7.000,99,9999,99999,9,999999999,0.000,0.999,0,0,999,0.000,0
9,6,2014,3,0,,12.080,9.310,83.000,89238.930,0.000,1343.399,289.555,0.000,0.000,0.000,0.000,0.000,0.000,-0.000,999,0.490,7.000,99,9999,99999,9,999999999,0.000,0.999,0,0,999,0.000,0
9,6,2014,4,0,,11.620,9.230,85.000,89238.930,0.000,1344.081,287.489,0.000,0.000,0.000,0.000,0.000,0.000,-0.000,999,0.490,7.000,99,9999,99999,9,999999999,0.000,0.999,0,0,999,0.000,0
9,6,2014,5,0,,11.160,9.160,87.000,89238.930,0.000,1344.081,285.408,0.000,0.000,0.000,0.000,0.000,0.000,-0.000,999,0.490,7.000,99,9999,99999,9,999999999,0.000,0.999,0,0,999,0.000,0
9,6,2014,6,0,,10.800,9.100,89.000,89238.930,0.000,1344.081,283.968,0.000,0.000,0.000,0.000,0.000,0.000,-0.000,999,0.490,7.000,99,9999,99999,9,999999999,0.000,0.999,0,0,999,0.000,0
9,6,2014,7,0,,10.500,9.050,90.000,89238.930,183.852,1344.081,282.457,1.080,0.000,1.080,129.600,0.000,118.800,2.550,999,0.490,7.000,99,9999,99999,9,999999999,0.000,0.999,0,0,999,0.000,0
9,6,2014,8,0,,10.190,9.000,92.000,89238.930,491.082,1344.081,281.319,164.670,81.106,135.092,19760.400,7705.063,14860.174,117.916,999,0.490,7.000,99,9999,99999,9,999999999,0.000,0.999,0,0,999,0.000,0
9,6,2014,9,0,,15.680,9.880,68.000,89238.930,762.432,1344.081,305.409,390.020,209.041,271.514,46802.400,19858.928,29866.569,152.453,999,0.490,4.000,99,9999,99999,9,999999999,0.000,0.999,0,0,999,0.000,0
9,6,2014,10,0,,17.630,10.190,61.000,89238.930,978.375,1344.081,314.126,572.720,315.496,343.126,68726.400,29972.114,37743.867,150.085,999,0.490,3.000,99,9999,99999,9,999999999,0.000,0.999,0,0,999,0.000,0
9,6,2014,11,0,,19.290,10.440,56.000,89238.930,1124.040,1344.081,321.952,710.510,383.188,390.094,85261.200,36402.881,42910.386,148.497,999,0.490,3.000,99,9999,99999,9,999999999,0.000,0.999,0,0,999,0.000,0
9,6,2014,12,0,,20.540,10.630,52.000,89238.930,1189.455,1344.081,327.452,775.840,395.322,426.025,93100.800,37555.597,46862.760,153.249,999,0.490,3.000,99,9999,99999,9,999999999,0.000,0.999,0,0,999,0.000,0
9,6,2014,13,0,,21.450,10.770,50.000,89238.930,1170.150,1344.081,332.177,800.870,442.782,415.423,96104.400,42064.265,45696.492,151.903,999,0.690,2.000,99,9999,99999,9,999999999,0.000,0.999,0,0,999,0.000,0
9,6,2014,14,0,,21.970,10.840,49.000,89238.930,1067.449,1344.081,334.999,751.730,589.941,283.288,90207.600,56044.410,31161.712,113.562,999,0.760,3.000,99,9999,99999,9,999999999,0.000,0.999,0,0,999,0.000,0
9,6,2014,15,0,,22.090,10.860,48.000,89238.930,888.382,1344.081,334.888,643.330,707.643,175.784,77199.600,67226.111,19336.258,84.688,999,1.320,3.000,99,9999,99999,9,999999999,0.000,0.999,0,0,999,0.000,0
9,6,2014,16,0,,21.640,10.790,50.000,89238.930,645.238,1344.081,333.558,482.070,765.501,114.944,57848.400,72722.553,12643.792,76.289,999,0.660,4.000,99,9999,99999,9,999999999,0.000,0.999,0,0,999,0.000,0
9,6,2014,17,0,,20.650,10.650,52.000,89238.930,354.916,1344.081,328.243,291.130,625.951,126.475,34935.600,59465.326,13912.248,153.045,999,0.490,5.000,99,9999,99999,9,999999999,0.000,0.999,0,0,999,0.000,0
9,6,2014,18,0,,19.160,10.420,56.000,89238.930,42.215,1344.081,321.029,73.410,0.000,73.410,8809.200,0.000,8075.100,903.873,999,0.490,8.000,99,9999,99999,9,999999999,0.000,0.999,0,0,999,0.000,0
9,6,2014,19,0,,18.190,10.270,59.000,89238.930,0.000,1344.081,316.553,0.000,0.000,0.000,0.000,0.000,0.000,-0.000,999,0.490,8.000,99,9999,99999,9,999999999,0.000,0.999,0,0,999,0.000,0
9,6,2014,20,0,,17.220,10.120,63.000,89238.930,0.000,1344.081,312.705,0.000,0.000,0.000,0.000,0.000,0.000,-0.000,999,0.490,8.000,99,9999,99999,9,999999999,0.000,0.999,0,0,999,0.000,0
9,6,2014,21,0,,16.250,9.970,66.000,89238.930,0.000,1344.081,308.029,0.000,0.000,0.000,0.000,0.000,0.000,-0.000,999,0.490,8.000,99,9999,99999,9,999999999,0.000,0.999,0,0,999,0.000,0
9,6,2014,22,0,,15.280,9.820,69.000,89238.930,0.000,1344.081,303.301,0.000,0.000,0.000,0.000,0.000,0.000,-0.000,999,0.490,8.000,99,9999,99999,9,999999999,0.000,0.999,0,0,999,0.000,0
9,6,2014,23,0,,14.310,9.670,73.000,89238.930,0.000,1344.081,299.120,0.000,0.000,0.000,0.000,0.000,0.000,-0.000,999,0.490,8.000,99,9999,99999,9,999999999,0.000,0.999,0,0,999,0.000,0
9,6,2014,24,0,,13.340,9.060,75.000,89238.930,0.000,1344.081,293.731,0.000,0.000,0.000,0.000,0.000,0.000,-0.000,999,0.240,8.000,99,9999,99999,9,999999999,0.000,0.999,0,0,999,0.000,0
9,7,2014,1,0,,12.850,8.930,77.000,89238.930,0.000,1344.081,291.560,0.000,0.000,0.000,0.000,0.000,0.000,-0.000,999,0.240,8.000,99,9999,99999,9,999999999,0.000,0.999,0,0,999,0.000,0
9,7,2014,2,0,,12.360,8.790,78.000,89238.930,0.000,1344.081,288.843,0.000,0.000,0.000,0.000,0.000,0.000,-0.000,999,0.240,7.000,99,9999,99999,9,999999999,0.000,0.999,0,0,999,0.000,0
9,7,2014,3,0,,11.880,8.660,80.000,89238.930,0.000,1344.081,286.717,0.000,0.000,0.000,0.000,0.000,0.000,-0.000,999,0.240,7.000,99,9999,99999,9,999999999,0.000,0.999,0,0,999,0.000,0
9,7,2014,4,0,,11.390,8.520,82.000,89238.930,0.000,1344.770,284.508,0.000,0.000,0.000,0.000,0.000,0.000,-0.000,999,0.240,7.000,99,9999,99999,9,999999999,0.000,0.999,0,0,999,0.000,0
9,7,2014,5,0,,10.910,8.390,84.000,89238.930,0.000,1344.770,282.348,0.000,0.000,0.000,0.000,0.000,0.000,-0.000,999,0.240,7.000,99,9999,99999,9,999999999,0.000,0.999,0,0,999,0.000,0
9,7,2014,6,0,,10.530,8.280,85.000,89238.930,0.000,1344.770,280.354,0.000,0.000,0.000,0.000,0.000,0.000,-0.000,999,0.240,7.000,99,9999,99999,9,999999999,0.000,0.999,0,0,999,0.000,0
9,7,2014,7,0,,10.210,8.190,87.000,89238.930,188.995,1344.770,279.212,1.460,0.000,1.460,175.200,0.000,160.600,3.352,999,0.240,7.000,99,9999,99999,9,999999999,0.000,0.999,0,0,999,0.000,0
9,7,2014,8,0,,9.890,8.100,88.000,89238.930,496.505,1344.770,277.601,165.610,78.432,136.705,19873.200,7451.043,15037.582,118.076,999,0.240,7.000,99,9999,99999,9,999999999,0.000,0.999,0,0,999,0.000,0
9,7,2014,9,0,,15.400,9.610,68.000,89238.930,767.928,1344.770,303.489,368.770,163.499,275.461,44252.400,15532.422,30300.673,153.639,999,0.240,5.000,99,9999,99999,9,999999999,0.000,0.999,0,0,999,0.000,0
9,7,2014,10,0,,17.540,10.150,61.000,89238.930,983.776,1344.770,313.497,578.570,305.313,355.273,69428.400,29004.711,39080.056,154.623,999,0.240,3.000,99,9999,99999,9,999999999,0.000,0.999,0,0,999,0.000,0
9,7,2014,11,0,,19.400,10.620,56.000,89238.930,1129.187,1344.770,322.735,733.460,409.881,389.330,88015.200,38938.728,42826.298,147.606,999,0.640,2.000,99,9999,99999,9,999999999,0.000,0.999,0,0,999,0.000,0
9,7,2014,12,0,,20.780,10.950,53.000,89238.930,1194.206,1344.770,330.077,795.980,408.870,432.916,95517.600,38842.666,47620.814,155.188,999,0.580,2.000,99,9999,99999,9,999999999,0.000,0.999,0,0,999,0.000,0
9,7,2014,13,0,,21.750,11.180,51.000,89238.930,1174.392,1344.770,335.307,811.440,487.270,385.944,97372.800,46290.664,42453.854,140.685,999,1.600,2.000,99,9999,99999,9,999999999,0.000,0.999,0,0,999,0.000,0
9,7,2014,14,0,,22.350,11.330,49.000,89238.930,1071.104,1344.770,337.782,778.590,692.955,226.747,93430.800,65830.769,24942.192,90.632,999,1.380,2.000,99,9999,99999,9,999999999,0.000,0.999,0,0,999,0.000,0
9,7,2014,15,0,,22.440,11.350,49.000,89238.930,891.412,1344.770,338.444,638.590,739.434,148.623,76630.800,70246.272,16348.475,71.395,999,1.500,3.000,99,9999,99999,9,999999999,0.000,0.999,0,0,999,0.000,0
9,7,2014,16,0,,21.850,11.210,50.000,89238.930,647.647,1344.770,335.090,457.300,665.454,137.125,54876.000,63218.137,15083.722,90.719,999,1.810,5.000,99,9999,99999,9,999999999,0.000,0.999,0,0,999,0.000,0
9,7,2014,17,0,,20.680,10.930,53.000,89238.930,356.749,1344.770,329.354,257.490,625.888,92.080,30898.800,59459.346,10128.757,110.904,999,1.320,6.000,99,9999,99999,9,999999999,0.000,0.999,0,0,999,0.000,0
9,7,2014,18,0,,19.090,10.540,57.000,89238.930,43.467,1344.770,321.344,60.290,0.000,60.290,7234.800,0.000,6631.900,714.846,999,0.420,8.000,99,9999,99999,9,999999999,0.000,0.999,0,0,999,0.000,0
9,7,2014,19,0,,18.110,10.300,60.000,89238.930,0.000,1344.770,316.751,0.000,0.000,0.000,0.000,0.000,0.000,-0.000,999,0.340,8.000,99,9999,99999,9,999999999,0.000,0.999,0,0,999,0.000,0
9,7,2014,20,0,,17.140,10.050,63.000,89238.930,0.000,1344.770,312.147,0.000,0.000,0.000,0.000,0.000,0.000,-0.000,999,0.400,8.000,99,9999,99999,9,999999999,0.000,0.999,0,0,999,0.000,0
9,7,2014,21,0,,16.160,9.800,65.000,89238.930,0.000,1344.770,306.738,0.000,0.000,0.000,0.000,0.000,0.000,-0.000,999,0.380,8.000,99,9999,99999,9,999999999,0.000,0.999,0,0,999,0.000,0
9,7,2014,22,0,,15.180,9.550,69.000,89238.930,0.000,1344.770,302.617,0.000,0.000,0.000,0.000,0.000,0.000,-0.000,999,0.320,7.000,99,9999,99999,9,999999999,0.000,0.999,0,0,999,0.000,0
9,7,2014,23,0,,14.210,9.290,72.000,89238.930,0.000,1344.770,297.855,0.000,0.000,0.000,0.000,0.000,0.000,-0.000,999,0.240,7.000,99,9999,99999,9,999999999,0.000,0.999,0,0,999,0.000,0
9,7,2014,24,0,,13.230,9.240,76.000,89238.930,0.000,1344.770,293.551,0.000,0.000,0.000,0.000,0.000,0.000,-0.000,999,0.250,7.000,99,9999,99999,9,999999999,0.000,0.999,0,0,999,0.000,0
9,8,2014,1,0,,12.740,9.160,78.000,89238.930,0.000,1344.770,291.365,0.000,0.000,0.000,0.000,0.000,0.000,-0.000,999,0.250,7.000,99,9999,99999,9,999999999,0.000,0.999,0,0,999,0.000,0
9,8,2014,2,0,,12.250,9.080,80.000,89238.930,0.000,1344.770,289.160,0.000,0.000,0.000,0.000,0.000,0.000,-0.000,999,0.250,7.000,99,9999,99999,9,999999999,0.000,0.999,0,0,999,0.000,0
9,8,2014,3,0,,11.760,9.000,83.000,89238.930,0.000,1344.770,287.436,0.000,0.000,0.000,0.000,0.000,0.000,-0.000,999,0.250,7.000,99,9999,99999,9,999999999,0.000,0.999,0,0,999,0.000,0
9,8,2014,4,0,,11.270,8.920,85.000,89238.930,0.000,1345.466,285.183,0.000,0.000,0.000,0.000,0.000,0.000,-0.000,999,0.250,7.000,99,9999,99999,9,999999999,0.000,0.999,0,0,999,0.000,0
9,8,2014,5,0,,10.790,8.840,87.000,89238.930,0.000,1345.466,282.982,0.000,0.000,0.000,0.000,0.000,0.000,-0.000,999,0.250,6.000,99,9999,99999,9,999999999,0.000,0.999,0,0,999,0.000,0
9,8,2014,6,0,,10.410,8.770,89.000,89238.930,0.000,1345.466,281.420,0.000,0.000,0.000,0.000,0.000,0.000,-0.000,999,0.250,6.000,99,9999,99999,9,999999999,0.000,0.999,0,0,999,0.000,0
9,8,2014,7,0,,10.090,8.720,91.000,89238.930,194.174,1345.466,280.230,1.950,0.000,1.950,234.000,0.000,214.500,4.357,999,0.250,6.000,99,9999,99999,9,999999999,0.000,0.999,0,0,999,0.000,0
9,8,2014,8,0,,9.760,8.660,92.000,89238.930,501.948,1345.466,278.528,180.620,73.215,153.355,21674.400,6955.432,16869.055,131.082,999,0.250,6.000,99,9999,99999,9,999999999,0.000,0.999,0,0,999,0.000,0
9,8,2014,9,0,,15.800,9.660,66.000,89238.930,773.432,1345.466,304.931,406.340,244.609,265.812,48760.800,23237.839,29239.295,147.276,999,0.250,3.000,99,9999,99999,9,999999999,0.000,0.999,0,0,999,0.000,0
9,8,2014,10,0,,17.880,9.990,59.000,89238.930,989.172,1345.466,314.379,595.740,340.999,345.103,71488.800,32394.947,37961.378,149.454,999,0.250,2.000,99,9999,99999,9,999999999,0.000,0.999,0,0,999,0.000,0
9,8,2014,11,0,,19.570,10.250,54.000,89238.930,1134.318,1345.466,322.270,722.980,390.940,393.431,86757.600,37139.300,43277.393,148.562,999,0.250,2.000,99,9999,99999,9,999999999,0.000,0.999,0,0,999,0.000,0
9,8,2014,12,0,,20.810,10.450,51.000,89238.930,1198.934,1345.466,328.485,778.150,415.405,408.014,93378.000,39463.490,44881.548,145.759,999,0.250,3.000,99,9999,99999,9,999999999,0.000,0.999,0,0,999,0.000,0
9,8,2014,13,0,,21.590,10.560,49.000,89238.930,1178.606,1345.466,332.234,763.190,393.843,418.221,91582.800,37415.067,46004.313,151.984,999,0.810,4.000,99,9999,99999,9,999999999,0.000,0.999,0,0,999,0.000,0
9,8,2014,14,0,,22.130,10.650,48.000,89238.930,1074.728,1345.466,335.180,758.660,563.488,308.634,91039.200,53531.329,33949.714,123.010,999,1.390,3.000,99,9999,99999,9,999999999,0.000,0.999,0,0,999,0.000,0
9,8,2014,15,0,,22.210,10.660,47.000,89238.930,894.412,1345.466,334.756,632.150,649.681,200.428,75858.000,61719.735,22047.071,96.007,999,2.120,4.000,99,9999,99999,9,999999999,0.000,0.999,0,0,999,0.000,0
9,8,2014,16,0,,21.780,10.590,48.000,89238.930,650.031,1345.466,332.633,493.880,778.900,117.933,59265.600,73995.547,12972.644,77.775,999,1.950,4.000,99,9999,99999,9,999999999,0.000,0.999,0,0,999,0.000,0
9,8,2014,17,0,,20.740,10.430,51.000,89238.930,358.566,1345.466,327.981,295.070,628.558,128.188,35408.400,59712.973,14100.714,153.686,999,1.820,5.000,99,9999,99999,9,999999999,0.000,0.999,0,0,999,0.000,0
9,8,2014,18,0,,19.160,10.190,56.000,89238.930,44.717,1345.466,321.029,67.070,0.000,67.070,8048.400,0.000,7377.700,767.003,999,0.910,8.000,99,9999,99999,9,999999999,0.000,0.999,0,0,999,0.000,0
9,8,2014,19,0,,18.400,10.070,58.000,89238.930,0.000,1345.466,317.257,0.000,0.000,0.000,0.000,0.000,0.000,-0.000,999,0.340,8.000,99,9999,99999,9,999999999,0.000,0.999,0,0,999,0.000,0
9,8,2014,20,0,,17.630,9.950,60.000,89238.930,0.000,1345.466,313.385,0.000,0.000,0.000,0.000,0.000,0.000,-0.000,999,0.250,8.000,99,9999,99999,9,999999999,0.000,0.999,0,0,999,0.000,0
9,8,2014,21,0,,16.870,9.830,63.000,89238.930,0.000,1345.466,310.269,0.000,0.000,0.000,0.000,0.000,0.000,-0.000,999,0.250,8.000,99,9999,99999,9,999999999,0.000,0.999,0,0,999,0.000,0
9,8,2014,22,0,,16.100,9.710,65.000,89238.930,0.000,1345.466,306.325,0.000,0.000,0.000,0.000,0.000,0.000,-0.000,999,0.250,8.000,99,9999,99999,9,999999999,0.000,0.999,0,0,999,0.000,0
9,8,2014,23,0,,15.340,9.590,68.000,89238.930,0.000,1345.466,303.079,0.000,0.000,0.000,0.000,0.000,0.000,-0.000,999,0.250,8.000,99,9999,99999,9,999999999,0.000,0.999,0,0,999,0.000,0
9,8,2014,24,0,,14.580,10.640,75.000,89238.930,0.000,1345.466,302.119,0.000,0.000,0.000,0.000,0.000,0.000,-0.000,999,0.380,8.000,99,9999,99999,9,999999999,0.000,0.999,0,0,999,0.000,0
9,9,2014,1,0,,14.190,10.640,77.000,89238.930,0.000,1345.466,300.589,0.000,0.000,0.000,0.000,0.000,0.000,-0.000,999,0.190,8.000,99,9999,99999,9,999999999,0.000,0.999,0,0,999,0.000,0
9,9,2014,2,0,,13.810,10.640,78.000,89238.930,0.000,1345.466,298.557,0.000,0.000,0.000,0.000,0.000,0.000,-0.000,999,0.190,8.000,99,9999,99999,9,999999999,0.000,0.999,0,0,999,0.000,0
9,9,2014,3,0,,13.430,10.630,80.000,89238.930,0.000,1345.466,297.060,0.000,0.000,0.000,0.000,0.000,0.000,-0.000,999,0.210,8.000,99,9999,99999,9,999999999,0.000,0.999,0,0,999,0.000,0
9,9,2014,4,0,,13.050,10.630,82.000,89238.930,0.000,1346.169,295.539,0.000,0.000,0.000,0.000,0.000,0.000,-0.000,999,0.190,8.000,99,9999,99999,9,999999999,0.000,0.999,0,0,999,0.000,0
9,9,2014,5,0,,12.660,10.630,89.000,89238.930,0.000,1346.169,296.366,0.000,0.000,0.000,0.000,0.000,0.000,-0.000,999,0.190,8.000,99,9999,99999,9,999999999,0.980,0.999,0,0,999,0.980,99
9,9,2014,6,0,,12.370,10.620,86.000,89238.930,0.000,1346.169,292.968,0.000,0.000,0.000,0.000,0.000,0.000,-0.000,999,0.200,8.000,99,9999,99999,9,999999999,0.000,0.999,0,0,999,0.000,0
9,9,2014,7,0,,12.120,10.620,92.000,89238.930,199.386,1346.169,294.114,1.850,0.000,1.850,222.000,0.000,203.500,4.025,999,0.280,8.000,99,9999,99999,9,999999999,0.020,0.999,0,0,999,0.020,99
9,9,2014,8,0,,11.860,10.620,88.000,89238.930,507.408,1346.169,290.514,129.230,9.177,125.777,15507.600,871.811,13835.473,106.404,999,0.280,8.000,99,9999,99999,9,999999999,0.000,0.999,0,0,999,0.000,0
9,9,2014,9,0,,15.410,10.650,71.000,89238.930,778.940,1346.169,305.435,288.300,23.428,274.752,34596.000,2225.681,30222.667,151.230,999,0.870,7.000,99,9999,99999,9,999999999,0.000,0.999,0,0,999,0.000,0
9,9,2014,10,0,,16.640,10.660,66.000,89238.930,994.560,1346.169,310.734,425.850,72.100,372.595,51102.000,6849.453,40985.486,160.569,999,1.210,7.000,99,9999,99999,9,999999999,0.000,0.999,0,0,999,0.000,0
9,9,2014,11,0,,17.690,10.670,62.000,89238.930,1139.430,1346.169,315.278,528.460,104.341,440.153,63415.200,9912.430,48416.849,165.545,999,2.160,7.000,99,9999,99999,9,999999999,0.000,0.999,0,0,999,0.000,0
9,9,2014,12,0,,18.520,10.680,59.000,89238.930,1203.635,1346.169,318.880,588.150,122.753,478.403,70578.000,11661.505,52624.286,170.326,999,3.050,7.000,99,9999,99999,9,999999999,0.000,0.999,0,0,999,0.000,0
9,9,2014,13,0,,19.110,10.680,57.000,89238.930,1182.788,1346.169,321.486,600.540,145.526,472.687,72064.800,13824.954,51995.606,171.259,999,3.590,7.000,99,9999,99999,9,999999999,0.000,0.999,0,0,999,0.000,0
9,9,2014,14,0,,19.450,10.690,56.000,89238.930,1078.320,1346.169,323.092,564.730,178.007,422.165,67767.600,16910.645,46438.133,167.786,999,4.090,7.000,99,9999,99999,9,999999999,0.000,0.999,0,0,999,0.000,0
9,9,2014,15,0,,19.530,10.690,56.000,89238.930,897.382,1346.169,323.663,483.340,194.054,354.027,58000.800,18435.145,38942.990,169.110,999,4.970,7.000,99,9999,99999,9,999999999,0.000,0.999,0,0,999,0.000,0
9,9,2014,16,0,,19.240,10.690,57.000,89238.930,652.392,1346.169,322.411,362.460,329.229,203.058,43495.200,31276.780,22336.385,133.498,999,2.800,7.000,99,9999,99999,9,999999999,0.000,0.999,0,0,999,0.000,0
9,9,2014,17,0,,18.580,10.680,59.000,89238.930,360.368,1346.169,319.305,212.170,387.174,108.909,25460.400,36781.508,11980.039,129.983,999,1.380,8.000,99,9999,99999,9,999999999,0.000,0.999,0,0,999,0.000,0
9,9,2014,18,0,,17.620,10.670,63.000,89238.930,45.964,1346.169,315.507,53.400,0.000,53.400,6408.000,0.000,5874.000,589.836,999,0.390,8.000,99,9999,99999,9,999999999,0.000,0.999,0,0,999,0.000,0
9,9,2014,19,0,,16.980,10.670,65.000,89238.930,0.000,1346.169,312.424,0.000,0.000,0.000,0.000,0.000,0.000,-0.000,999,0.190,8.000,99,9999,99999,9,999999999,0.000,0.999,0,0,999,0.000,0
9,9,2014,20,0,,16.340,10.660,67.000,89238.930,0.000,1346.169,309.316,0.000,0.000,0.000,0.000,0.000,0.000,-0.000,999,0.190,8.000,99,9999,99999,9,999999999,0.000,0.999,0,0,999,0.000,0
9,9,2014,21,0,,15.690,10.650,70.000,89238.930,0.000,1346.169,306.745,0.000,0.000,0.000,0.000,0.000,0.000,-0.000,999,0.190,8.000,99,9999,99999,9,999999999,0.000,0.999,0,0,999,0.000,0
9,9,2014,22,0,,15.050,10.650,73.000,89238.930,0.000,1346.169,304.170,0.000,0.000,0.000,0.000,0.000,0.000,-0.000,999,0.190,8.000,99,9999,99999,9,999999999,0.000,0.999,0,0,999,0.000,0
9,9,2014,23,0,,14.410,10.640,76.000,89238.930,0.000,1346.169,301.529,0.000,0.000,0.000,0.000,0.000,0.000,-0.000,999,0.190,8.000,99,9999,99999,9,999999999,0.000,0.999,0,0,999,0.000,0
9,9,2014,24,0,,13.760,9.910,77.000,89238.930,0.000,1346.169,297.669,0.000,0.000,0.000,0.000,0.000,0.000,-0.000,999,0.560,8.000,99,9999,99999,9,999999999,0.000,0.999,0,0,999,0.000,0
9,10,2014,1,0,,13.440,9.980,79.000,89238.930,0.000,1346.169,296.594,0.000,0.000,0.000,0.000,0.000,0.000,-0.000,999,0.560,8.000,99,9999,99999,9,999999999,0.000,0.999,0,0,999,0.000,0
9,10,2014,2,0,,13.120,10.060,81.000,89238.930,0.000,1346.169,295.493,0.000,0.000,0.000,0.000,0.000,0.000,-0.000,999,0.560,8.000,99,9999,99999,9,999999999,0.000,0.999,0,0,999,0.000,0
9,10,2014,3,0,,12.800,10.130,83.000,89238.930,0.000,1346.169,294.366,0.000,0.000,0.000,0.000,0.000,0.000,-0.000,999,0.560,8.000,99,9999,99999,9,999999999,0.000,0.999,0,0,999,0.000,0
9,10,2014,4,0,,12.480,10.200,85.000,89238.930,0.000,1346.878,293.216,0.000,0.000,0.000,0.000,0.000,0.000,-0.000,999,0.560,8.000,99,9999,99999,9,999999999,0.000,0.999,0,0,999,0.000,0
9,10,2014,5,0,,12.160,10.280,88.000,89238.930,0.000,1346.878,292.521,0.000,0.000,0.000,0.000,0.000,0.000,-0.000,999,0.560,8.000,99,9999,99999,9,999999999,0.000,0.999,0,0,999,0.000,0
9,10,2014,6,0,,11.910,10.330,90.000,89238.930,0.000,1346.878,291.783,0.000,0.000,0.000,0.000,0.000,0.000,-0.000,999,0.560,8.000,99,9999,99999,9,999999999,0.000,0.999,0,0,999,0.000,0
9,10,2014,7,0,,11.700,10.380,91.000,89238.930,204.626,1346.878,290.838,2.660,0.000,2.660,319.200,0.000,292.600,5.639,999,0.560,8.000,99,9999,99999,9,999999999,0.000,0.999,0,0,999,0.000,0
9,10,2014,8,0,,11.480,10.430,93.000,89238.930,512.882,1346.878,290.271,147.930,32.391,135.617,17751.600,3077.169,14917.846,113.559,999,0.560,8.000,99,9999,99999,9,999999999,0.000,0.999,0,0,999,0.000,0
9,10,2014,9,0,,15.060,9.600,69.000,89238.930,784.448,1346.878,301.799,326.550,97.357,269.880,39186.000,9248.937,29686.759,147.582,999,0.560,6.000,99,9999,99999,9,999999999,0.000,0.999,0,0,999,0.000,0
9,10,2014,10,0,,16.280,9.310,63.000,89238.930,999.937,1346.878,306.195,480.830,114.569,395.793,57699.600,10884.028,43537.261,169.738,999,0.560,6.000,99,9999,99999,9,999999999,0.000,0.999,0,0,999,0.000,0
9,10,2014,11,0,,17.320,9.060,58.000,89238.930,1144.521,1346.878,309.723,595.800,165.572,455.119,71496.000,15729.360,50063.138,170.502,999,0.580,6.000,99,9999,99999,9,999999999,0.000,0.999,0,0,999,0.000,0
9,10,2014,12,0,,18.150,8.850,54.000,89238.930,1208.307,1346.878,312.296,662.520,194.614,487.941,79502.400,18488.359,53673.462,173.141,999,0.560,6.000,99,9999,99999,9,999999999,0.000,0.999,0,0,999,0.000,0
9,10,2014,13,0,,18.740,8.700,52.000,89238.930,1186.938,1346.878,314.710,676.120,236.653,467.587,81134.400,22482.066,51434.522,168.908,999,0.600,5.000,99,9999,99999,9,999999999,0.000,0.999,0,0,999,0.000,0
9,10,2014,14,0,,19.070,8.620,50.000,89238.930,1081.879,1346.878,315.245,635.600,286.060,405.859,76272.000,27175.731,44644.526,160.859,999,0.560,6.000,99,9999,99999,9,999999999,0.000,0.999,0,0,999,0.000,0
9,10,2014,15,0,,19.140,8.600,50.000,89238.930,900.323,1346.878,315.734,543.920,372.870,294.765,65270.400,35422.633,32424.158,140.415,999,0.680,6.000,99,9999,99999,9,999999999,0.000,0.999,0,0,999,0.000,0
9,10,2014,16,0,,18.860,8.670,51.000,89238.930,654.728,1346.878,314.673,407.950,498.555,165.827,48954.000,47362.732,18240.994,108.688,999,0.560,6.000,99,9999,99999,9,999999999,0.000,0.999,0,0,999,0.000,0
9,10,2014,17,0,,18.200,8.840,54.000,89238.930,362.154,1346.878,312.643,239.010,531.265,96.687,28681.200,50470.133,10635.620,114.883,999,0.560,7.000,99,9999,99999,9,999999999,0.000,0.999,0,0,999,0.000,0
9,10,2014,18,0,,17.240,9.070,58.000,89238.930,47.210,1346.878,309.171,60.540,0.000,60.540,7264.800,0.000,6659.400,646.716,999,0.560,8.000,99,9999,99999,9,999999999,0.000,0.999,0,0,999,0.000,0
9,10,2014,19,0,,16.590,9.230,61.000,89238.930,0.000,1346.878,306.913,0.000,0.000,0.000,0.000,0.000,0.000,-0.000,999,0.560,8.000,99,9999,99999,9,999999999,0.000,0.999,0,0,999,0.000,0
9,10,2014,20,0,,15.930,9.390,65.000,89238.930,0.000,1346.878,305.157,0.000,0.000,0.000,0.000,0.000,0.000,-0.000,999,0.560,8.000,99,9999,99999,9,999999999,0.000,0.999,0,0,999,0.000,0
9,10,2014,21,0,,15.280,9.550,68.000,89238.930,0.000,1346.878,302.669,0.000,0.000,0.000,0.000,0.000,0.000,-0.000,999,0.560,8.000,99,9999,99999,9,999999999,0.000,0.999,0,0,999,0.000,0
9,10,2014,22,0,,14.630,9.700,72.000,89238.930,0.000,1346.878,300.703,0.000,0.000,0.000,0.000,0.000,0.000,-0.000,999,0.560,8.000,99,9999,99999,9,999999999,0.000,0.999,0,0,999,0.000,0
9,10,2014,23,0,,13.970,9.860,76.000,89238.930,0.000,1346.878,298.534,0.000,0.000,0.000,0.000,0.000,0.000,-0.000,999,0.560,8.000,99,9999,99999,9,999999999,0.000,0.999,0,0,999,0.000,0
9,10,2014,24,0,,13.320,10.110,80.000,89238.930,0.000,1346.878,296.317,0.000,0.000,0.000,0.000,0.000,0.000,-0.000,999,0.330,8.000,99,9999,99999,9,999999999,0.000,0.999,0,0,999,0.000,0
9,11,2014,1,0,,13.000,10.080,82.000,89238.930,0.000,1346.878,295.202,0.000,0.000,0.000,0.000,0.000,0.000,-0.000,999,0.330,8.000,99,9999,99999,9,999999999,0.000,0.999,0,0,999,0.000,0
9,11,2014,2,0,,12.670,10.060,84.000,89238.930,0.000,1346.878,293.995,0.000,0.000,0.000,0.000,0.000,0.000,-0.000,999,0.330,8.000,99,9999,99999,9,999999999,0.000,0.999,0,0,999,0.000,0
9,11,2014,3,0,,12.340,10.040,85.000,89238.930,0.000,1346.878,292.278,0.000,0.000,0.000,0.000,0.000,0.000,-0.000,999,0.330,8.000,99,9999,99999,9,999999999,0.000,0.999,0,0,999,0.000,0
9,11,2014,4,0,,12.020,10.020,87.000,89238.930,0.000,1347.593,291.107,0.000,0.000,0.000,0.000,0.000,0.000,-0.000,999,0.330,8.000,99,9999,99999,9,999999999,0.000,0.999,0,0,999,0.000,0
9,11,2014,5,0,,11.690,10.000,89.000,89238.930,0.000,1347.593,289.850,0.000,0.000,0.000,0.000,0.000,0.000,-0.000,999,0.330,8.000,99,9999,99999,9,999999999,0.000,0.999,0,0,999,0.000,0
9,11,2014,6,0,,11.440,9.980,90.000,89238.930,0.000,1347.593,288.648,0.000,0.000,0.000,0.000,0.000,0.000,-0.000,999,0.330,8.000,99,9999,99999,9,999999999,0.000,0.999,0,0,999,0.000,0
9,11,2014,7,0,,11.220,9.970,92.000,89238.930,209.893,1347.593,288.093,2.670,0.000,2.670,320.400,0.000,293.700,5.518,999,0.330,8.000,99,9999,99999,9,999999999,0.000,0.999,0,0,999,0.000,0
9,11,2014,8,0,,11.010,9.960,93.000,89238.930,518.366,1347.593,287.145,86.960,0.000,86.960,10435.200,0.000,9565.600,72.081,999,0.330,8.000,99,9999,99999,9,999999999,0.000,0.999,0,0,999,0.000,0
9,11,2014,9,0,,14.420,10.180,75.000,89238.930,789.953,1347.593,301.027,264.390,15.082,255.554,31726.800,1432.766,28110.950,138.846,999,0.330,8.000,99,9999,99999,9,999999999,0.000,0.999,0,0,999,0.000,0
9,11,2014,10,0,,15.790,10.260,69.000,89238.930,1005.299,1347.593,306.805,388.080,16.552,375.735,46569.600,1572.429,41330.878,160.360,999,0.330,8.000,99,9999,99999,9,999999999,0.000,0.999,0,0,999,0.000,0
9,11,2014,11,0,,16.930,10.340,65.000,89238.930,1149.589,1347.593,312.075,480.140,68.016,422.124,57616.800,6461.506,46433.663,157.527,999,0.330,7.000,99,9999,99999,9,999999999,0.000,0.999,0,0,999,0.000,0
9,11,2014,12,0,,17.810,10.390,61.000,89238.930,1212.950,1347.593,315.388,533.470,79.728,461.713,64016.400,7574.154,50788.423,163.293,999,0.540,7.000,99,9999,99999,9,999999999,0.000,0.999,0,0,999,0.000,0
9,11,2014,13,0,,18.440,10.430,59.000,89238.930,1191.054,1347.593,318.315,544.120,94.508,460.597,65294.400,8978.227,50665.716,165.896,999,1.090,7.000,99,9999,99999,9,999999999,0.000,0.999,0,0,999,0.000,0
9,11,2014,14,0,,18.800,10.450,58.000,89238.930,1085.404,1347.593,320.083,511.350,116.257,417.727,61362.000,11044.381,45949.998,165.112,999,2.190,7.000,99,9999,99999,9,999999999,0.000,0.999,0,0,999,0.000,0
9,11,2014,15,0,,18.890,10.460,58.000,89238.930,903.233,1347.593,320.721,437.530,176.241,319.446,52503.600,16742.858,35139.066,151.762,999,2.190,7.000,99,9999,99999,9,999999999,0.000,0.999,0,0,999,0.000,0
9,11,2014,16,0,,18.600,10.440,59.000,89238.930,657.042,1347.593,319.446,328.200,213.580,224.163,39384.000,20290.054,24657.962,146.483,999,1.070,8.000,99,9999,99999,9,999999999,0.000,0.999,0,0,999,0.000,0
9,11,2014,17,0,,17.930,10.400,61.000,89238.930,363.928,1347.593,316.231,192.460,316.806,107.216,23095.200,30096.587,11793.800,126.836,999,0.560,8.000,99,9999,99999,9,999999999,0.000,0.999,0,0,999,0.000,0
9,11,2014,18,0,,16.940,10.340,65.000,89238.930,48.456,1347.593,312.145,49.050,0.000,49.050,5886.000,0.000,5395.500,507.337,999,0.330,8.000,99,9999,99999,9,999999999,0.000,0.999,0,0,999,0.000,0
9,11,2014,19,0,,16.410,10.300,67.000,89238.930,0.000,1347.593,309.801,0.000,0.000,0.000,0.000,0.000,0.000,-0.000,999,0.330,8.000,99,9999,99999,9,999999999,0.000,0.999,0,0,999,0.000,0
9,11,2014,20,0,,15.890,10.270,69.000,89238.930,0.000,1347.593,307.495,0.000,0.000,0.000,0.000,0.000,0.000,-0.000,999,0.330,8.000,99,9999,99999,9,999999999,0.000,0.999,0,0,999,0.000,0
9,11,2014,21,0,,15.360,10.240,71.000,89238.930,0.000,1347.593,305.091,0.000,0.000,0.000,0.000,0.000,0.000,-0.000,999,0.330,8.000,99,9999,99999,9,999999999,0.000,0.999,0,0,999,0.000,0
9,11,2014,22,0,,14.830,10.200,73.000,89238.930,0.000,1347.593,302.662,0.000,0.000,0.000,0.000,0.000,0.000,-0.000,999,0.330,8.000,99,9999,99999,9,999999999,0.000,0.999,0,0,999,0.000,0
9,11,2014,23,0,,14.300,10.170,76.000,89238.930,0.000,1347.593,300.778,0.000,0.000,0.000,0.000,0.000,0.000,-0.000,999,0.330,8.000,99,9999,99999,9,999999999,0.000,0.999,0,0,999,0.000,0
9,11,2014,24,0,,13.780,10.720,81.000,89238.930,0.000,1347.593,299.967,0.000,0.000,0.000,0.000,0.000,0.000,-0.000,999,0.300,8.000,99,9999,99999,9,999999999,0.000,0.999,0,0,999,0.000,0
9,12,2014,1,0,,13.510,10.740,83.000,89238.930,0.000,1347.593,299.171,0.000,0.000,0.000,0.000,0.000,0.000,-0.000,999,0.300,8.000,99,9999,99999,9,999999999,0.000,0.999,0,0,999,0.000,0
9,12,2014,2,0,,13.250,10.760,84.000,89238.930,0.000,1347.593,297.914,0.000,0.000,0.000,0.000,0.000,0.000,-0.000,999,0.300,8.000,99,9999,99999,9,999999999,0.000,0.999,0,0,999,0.000,0
9,12,2014,3,0,,12.990,10.780,86.000,89238.930,0.000,1347.593,297.149,0.000,0.000,0.000,0.000,0.000,0.000,-0.000,999,0.300,8.000,99,9999,99999,9,999999999,0.000,0.999,0,0,999,0.000,0
9,12,2014,4,0,,12.720,10.790,88.000,89238.930,0.000,1348.315,296.294,0.000,0.000,0.000,0.000,0.000,0.000,-0.000,999,0.300,8.000,99,9999,99999,9,999999999,0.000,0.999,0,0,999,0.000,0
9,12,2014,5,0,,12.460,10.810,89.000,89238.930,0.000,1348.315,295.013,0.000,0.000,0.000,0.000,0.000,0.000,-0.000,999,0.300,8.000,99,9999,99999,9,999999999,0.000,0.999,0,0,999,0.000,0
9,12,2014,6,0,,12.250,10.830,91.000,89238.930,0.000,1348.315,294.532,0.000,0.000,0.000,0.000,0.000,0.000,-0.000,999,0.300,8.000,99,9999,99999,9,999999999,0.000,0.999,0,0,999,0.000,0
9,12,2014,7,0,,12.080,10.840,92.000,89238.930,215.182,1348.315,293.845,3.830,0.000,3.830,459.600,0.000,421.300,7.721,999,0.300,8.000,99,9999,99999,9,999999999,0.000,0.999,0,0,999,0.000,0
9,12,2014,8,0,,11.910,10.850,93.000,89238.930,523.858,1348.315,293.153,143.860,22.121,135.279,17263.200,2101.508,14880.732,111.012,999,0.300,8.000,99,9999,99999,9,999999999,0.000,0.999,0,0,999,0.000,0
9,12,2014,9,0,,15.360,10.610,73.000,89238.930,795.453,1348.315,306.304,311.190,74.585,267.212,37342.800,7085.562,29393.319,144.252,999,0.300,7.000,99,9999,99999,9,999999999,0.000,0.999,0,0,999,0.000,0
9,12,2014,10,0,,16.520,10.530,67.000,89238.930,1010.644,1348.315,310.566,455.360,87.620,389.698,54643.200,8323.938,42866.802,165.528,999,0.300,7.000,99,9999,99999,9,999999999,0.000,0.999,0,0,999,0.000,0
9,12,2014,11,0,,17.500,10.460,63.000,89238.930,1154.630,1348.315,314.664,562.560,126.230,454.474,67507.200,11991.842,49992.190,168.948,999,0.300,6.000,99,9999,99999,9,999999999,0.000,0.999,0,0,999,0.000,0
9,12,2014,12,0,,18.280,10.410,60.000,89238.930,1217.560,1348.315,317.949,624.490,148.277,490.601,74938.800,14086.342,53966.113,172.945,999,1.030,6.000,99,9999,99999,9,999999999,0.000,0.999,0,0,999,0.000,0
9,12,2014,13,0,,18.830,10.370,57.000,89238.930,1195.135,1348.315,319.500,636.630,175.368,481.198,76395.600,16659.950,52931.756,172.816,999,1.820,6.000,99,9999,99999,9,999999999,0.000,0.999,0,0,999,0.000,0
9,12,2014,14,0,,19.140,10.350,56.000,89238.930,1088.895,1348.315,320.887,598.090,213.473,425.717,71770.800,20279.967,46828.818,167.820,999,1.810,6.000,99,9999,99999,9,999999999,0.000,0.999,0,0,999,0.000,0
9,12,2014,15,0,,19.210,10.340,56.000,89238.930,906.114,1348.315,321.384,511.680,293.075,314.794,61401.600,27842.078,34627.345,149.156,999,1.850,6.000,99,9999,99999,9,999999999,0.000,0.999,0,0,999,0.000,0
9,12,2014,16,0,,18.930,10.360,57.000,89238.930,659.333,1348.315,320.208,383.870,385.411,195.578,46064.400,36614.006,21513.528,127.426,999,1.200,7.000,99,9999,99999,9,999999999,0.000,0.999,0,0,999,0.000,0
9,12,2014,17,0,,18.300,10.410,59.000,89238.930,365.689,1348.315,317.327,225.290,434.710,107.815,27034.800,41297.493,11859.614,126.993,999,0.520,7.000,99,9999,99999,9,999999999,0.000,0.999,0,0,999,0.000,0
9,12,2014,18,0,,17.390,10.470,63.000,89238.930,49.705,1348.315,313.893,57.780,0.000,57.780,6933.600,0.000,6355.800,579.269,999,0.300,8.000,99,9999,99999,9,999999999,0.000,0.999,0,0,999,0.000,0
9,12,2014,19,0,,16.750,10.520,66.000,89238.930,0.000,1348.315,311.500,0.000,0.000,0.000,0.000,0.000,0.000,-0.000,999,0.300,8.000,99,9999,99999,9,999999999,0.000,0.999,0,0,999,0.000,0
9,12,2014,20,0,,16.120,10.560,69.000,89238.930,0.000,1348.315,309.088,0.000,0.000,0.000,0.000,0.000,0.000,-0.000,999,0.300,8.000,99,9999,99999,9,999999999,0.000,0.999,0,0,999,0.000,0
9,12,2014,21,0,,15.490,10.600,72.000,89238.930,0.000,1348.315,306.598,0.000,0.000,0.000,0.000,0.000,0.000,-0.000,999,0.300,8.000,99,9999,99999,9,999999999,0.000,0.999,0,0,999,0.000,0
9,12,2014,22,0,,14.850,10.650,75.000,89238.930,0.000,1348.315,303.970,0.000,0.000,0.000,0.000,0.000,0.000,-0.000,999,0.300,8.000,99,9999,99999,9,999999999,0.000,0.999,0,0,999,0.000,0
9,12,2014,23,0,,14.220,10.690,79.000,89238.930,0.000,1348.315,301.898,0.000,0.000,0.000,0.000,0.000,0.000,-0.000,999,0.300,8.000,99,9999,99999,9,999999999,0.000,0.999,0,0,999,0.000,0
9,12,2014,24,0,,13.590,9.560,76.000,89238.930,0.000,1348.315,295.967,0.000,0.000,0.000,0.000,0.000,0.000,-0.000,999,0.100,8.000,99,9999,99999,9,999999999,0.000,0.999,0,0,999,0.000,0
9,13,2014,1,0,,13.270,9.640,78.000,89238.930,0.000,1348.315,294.911,0.000,0.000,0.000,0.000,0.000,0.000,-0.000,999,0.100,8.000,99,9999,99999,9,999999999,0.000,0.999,0,0,999,0.000,0
9,13,2014,2,0,,12.950,9.720,80.000,89238.930,0.000,1348.315,293.827,0.000,0.000,0.000,0.000,0.000,0.000,-0.000,999,0.100,8.000,99,9999,99999,9,999999999,0.000,0.999,0,0,999,0.000,0
9,13,2014,3,0,,12.640,9.800,82.000,89238.930,0.000,1348.315,292.784,0.000,0.000,0.000,0.000,0.000,0.000,-0.000,999,0.120,8.000,99,9999,99999,9,999999999,0.000,0.999,0,0,999,0.000,0
9,13,2014,4,0,,12.320,9.880,85.000,89238.930,0.000,1349.042,292.144,0.000,0.000,0.000,0.000,0.000,0.000,-0.000,999,0.100,8.000,99,9999,99999,9,999999999,0.000,0.999,0,0,999,0.000,0
9,13,2014,5,0,,12.010,9.950,87.000,89238.930,0.000,1349.042,291.041,0.000,0.000,0.000,0.000,0.000,0.000,-0.000,999,0.100,8.000,99,9999,99999,9,999999999,0.000,0.999,0,0,999,0.000,0
9,13,2014,6,0,,11.760,10.010,89.000,89238.930,0.000,1349.042,290.316,0.000,0.000,0.000,0.000,0.000,0.000,-0.000,999,0.100,8.000,99,9999,99999,9,999999999,0.000,0.999,0,0,999,0.000,0
9,13,2014,7,0,,11.550,10.070,90.000,89238.930,220.490,1349.042,289.380,5.440,0.000,5.440,652.800,0.000,598.400,10.703,999,0.100,8.000,99,9999,99999,9,999999999,0.000,0.999,0,0,999,0.000,0
9,13,2014,8,0,,11.340,10.120,92.000,89238.930,529.353,1349.042,288.890,155.150,35.964,141.061,18618.000,3416.578,15516.665,114.612,999,0.100,8.000,99,9999,99999,9,999999999,0.000,0.999,0,0,999,0.000,0
9,13,2014,9,0,,15.730,9.020,64.000,89238.930,800.944,1349.042,303.116,365.600,139.278,282.953,43872.000,13231.418,31124.862,151.783,999,0.170,6.000,99,9999,99999,9,999999999,0.000,0.999,0,0,999,0.000,0
9,13,2014,10,0,,17.210,8.630,57.000,89238.930,1015.969,1349.042,308.197,523.270,204.160,369.551,62792.400,19395.224,40650.556,156.231,999,0.210,5.000,99,9999,99999,9,999999999,0.000,0.999,0,0,999,0.000,0
9,13,2014,11,0,,18.380,8.310,51.000,89238.930,1159.643,1349.042,311.343,626.550,193.832,459.948,75186.000,18414.054,50594.308,170.336,999,0.670,5.000,99,9999,99999,9,999999999,0.000,0.999,0,0,999,0.000,0
9,13,2014,12,0,,19.460,8.020,47.000,89238.930,1222.136,1349.042,315.175,737.500,290.290,474.535,88500.000,27577.582,52198.808,166.745,999,0.810,4.000,99,9999,99999,9,999999999,0.000,0.999,0,0,999,0.000,0
9,13,2014,13,0,,20.310,7.780,44.000,89238.930,1199.180,1349.042,318.119,784.180,406.554,422.817,94101.600,38622.640,46509.907,151.418,999,1.320,3.000,99,9999,99999,9,999999999,0.000,0.999,0,0,999,0.000,0
9,13,2014,14,0,,20.880,7.620,42.000,89238.930,1092.351,1349.042,319.989,769.150,580.059,299.535,92298.000,55105.631,32948.822,117.768,999,1.470,3.000,99,9999,99999,9,999999999,0.000,0.999,0,0,999,0.000,0
9,13,2014,15,0,,21.030,7.580,41.000,89238.930,908.964,1349.042,319.939,634.630,618.181,218.256,76155.600,58727.194,24008.161,103.145,999,1.590,4.000,99,9999,99999,9,999999999,0.000,0.999,0,0,999,0.000,0
9,13,2014,16,0,,20.780,7.650,42.000,89238.930,661.602,1349.042,319.289,495.290,770.180,117.924,59434.800,73167.139,12971.659,76.610,999,1.720,4.000,99,9999,99999,9,999999999,0.000,0.999,0,0,999,0.000,0
9,13,2014,17,0,,20.050,7.850,45.000,89238.930,367.438,1349.042,317.322,312.970,633.269,141.105,37556.400,60160.550,15521.548,165.498,999,1.500,4.000,99,9999,99999,9,999999999,0.000,0.999,0,0,999,0.000,0
9,13,2014,18,0,,18.860,8.180,49.000,89238.930,50.956,1349.042,312.880,84.170,0.000,84.170,10100.400,0.000,9258.700,818.692,999,0.820,8.000,99,9999,99999,9,999999999,0.000,0.999,0,0,999,0.000,0
9,13,2014,19,0,,17.860,8.450,54.000,89238.930,0.000,1349.042,310.289,0.000,0.000,0.000,0.000,0.000,0.000,-0.000,999,0.580,8.000,99,9999,99999,9,999999999,0.000,0.999,0,0,999,0.000,0
9,13,2014,20,0,,16.850,8.720,58.000,89238.930,0.000,1349.042,306.488,0.000,0.000,0.000,0.000,0.000,0.000,-0.000,999,0.320,8.000,99,9999,99999,9,999999999,0.000,0.999,0,0,999,0.000,0
9,13,2014,21,0,,15.840,8.990,63.000,89238.930,0.000,1349.042,303.184,0.000,0.000,0.000,0.000,0.000,0.000,-0.000,999,0.580,8.000,99,9999,99999,9,999999999,0.000,0.999,0,0,999,0.000,0
9,13,2014,22,0,,14.840,9.240,69.000,89238.930,0.000,1349.042,300.303,0.000,0.000,0.000,0.000,0.000,0.000,-0.000,999,0.560,8.000,99,9999,99999,9,999999999,0.000,0.999,0,0,999,0.000,0
9,13,2014,23,0,,13.830,9.500,75.000,89238.930,0.000,1349.042,297.024,0.000,0.000,0.000,0.000,0.000,0.000,-0.000,999,0.350,8.000,99,9999,99999,9,999999999,0.000,0.999,0,0,999,0.000,0
9,13,2014,24,0,,12.830,7.690,70.000,89238.930,0.000,1349.042,287.486,0.000,0.000,0.000,0.000,0.000,0.000,-0.000,999,0.740,8.000,99,9999,99999,9,999999999,0.000,0.999,0,0,999,0.000,0
9,14,2014,1,0,,12.320,7.720,73.000,89238.930,0.000,1349.042,285.861,0.000,0.000,0.000,0.000,0.000,0.000,-0.000,999,0.450,8.000,99,9999,99999,9,999999999,0.000,0.999,0,0,999,0.000,0
9,14,2014,2,0,,11.820,7.760,76.000,89238.930,0.000,1349.042,284.232,0.000,0.000,0.000,0.000,0.000,0.000,-0.000,999,0.300,7.000,99,9999,99999,9,999999999,0.000,0.999,0,0,999,0.000,0
9,14,2014,3,0,,11.320,7.800,78.000,89238.930,0.000,1349.042,282.027,0.000,0.000,0.000,0.000,0.000,0.000,-0.000,999,0.300,7.000,99,9999,99999,9,999999999,0.000,0.999,0,0,999,0.000,0
9,14,2014,4,0,,10.820,7.830,81.000,89238.930,0.000,1349.775,280.302,0.000,0.000,0.000,0.000,0.000,0.000,-0.000,999,0.430,7.000,99,9999,99999,9,999999999,0.000,0.999,0,0,999,0.000,0
9,14,2014,5,0,,10.310,7.870,84.000,89238.930,0.000,1349.775,278.460,0.000,0.000,0.000,0.000,0.000,0.000,-0.000,999,0.300,7.000,99,9999,99999,9,999999999,0.000,0.999,0,0,999,0.000,0
9,14,2014,6,0,,9.920,7.900,87.000,89238.930,0.000,1349.775,277.341,0.000,0.000,0.000,0.000,0.000,0.000,-0.000,999,0.470,7.000,99,9999,99999,9,999999999,0.000,0.999,0,0,999,0.000,0
9,14,2014,7,0,,9.590,7.920,89.000,89238.930,225.814,1349.775,276.120,6.750,0.000,6.750,810.000,0.000,742.500,12.968,999,0.410,7.000,99,9999,99999,9,999999999,0.000,0.999,0,0,999,0.000,0
9,14,2014,8,0,,9.260,7.950,91.000,89238.930,534.850,1349.775,274.880,186.760,94.468,149.386,22411.200,8974.422,16432.420,120.190,999,0.420,7.000,99,9999,99999,9,999999999,0.000,0.999,0,0,999,0.000,0
9,14,2014,9,0,,14.600,7.550,62.000,89238.930,806.423,1349.775,294.147,391.710,176.963,286.039,47005.200,16811.490,31464.324,152.477,999,0.910,5.000,99,9999,99999,9,999999999,0.000,0.999,0,0,999,0.000,0
9,14,2014,10,0,,16.420,7.420,55.000,89238.930,1021.272,1349.775,301.256,584.890,283.758,370.239,70186.800,26957.000,40726.316,155.793,999,1.240,4.000,99,9999,99999,9,999999999,0.000,0.999,0,0,999,0.000,0
9,14,2014,11,0,,18.080,7.290,49.000,89238.930,1164.625,1349.775,307.512,746.650,400.808,400.857,89598.000,38076.733,44094.220,147.897,999,1.420,2.000,99,9999,99999,9,999999999,0.000,0.999,0,0,999,0.000,0
9,14,2014,12,0,,19.310,7.190,45.000,89238.930,1226.675,1349.775,312.188,810.100,415.349,432.654,97212.000,39458.167,47591.973,151.548,999,1.800,2.000,99,9999,99999,9,999999999,0.000,0.999,0,0,999,0.000,0
9,14,2014,13,0,,20.220,7.120,42.000,89238.930,1203.187,1349.775,315.387,841.200,473.399,419.245,100944.000,44972.936,46116.942,149.720,999,3.750,2.000,99,9999,99999,9,999999999,0.000,0.999,0,0,999,0.000,0
9,14,2014,14,0,,20.760,7.080,41.000,89238.930,1095.772,1349.775,318.052,795.390,656.305,262.671,95446.800,62348.989,28893.780,103.008,999,4.640,2.000,99,9999,99999,9,999999999,0.000,0.999,0,0,999,0.000,0
9,14,2014,15,0,,20.770,7.080,41.000,89238.930,911.785,1349.775,318.122,626.930,585.676,231.439,75231.600,55639.235,25458.315,109.096,999,4.130,4.000,99,9999,99999,9,999999999,0.000,0.999,0,0,999,0.000,0
9,14,2014,16,0,,20.220,7.120,42.000,89238.930,663.849,1349.775,315.387,466.020,681.333,131.232,55922.400,64726.649,14435.560,85.012,999,3.390,5.000,99,9999,99999,9,999999999,0.000,0.999,0,0,999,0.000,0
9,14,2014,17,0,,19.200,7.200,45.000,89238.930,369.178,1349.775,311.430,279.640,635.095,106.552,33556.800,60333.992,11720.747,124.447,999,2.790,6.000,99,9999,99999,9,999999999,0.000,0.999,0,0,999,0.000,0
9,14,2014,18,0,,17.750,7.310,50.000,89238.930,52.212,1349.775,306.145,67.750,0.000,67.750,8130.000,0.000,7452.500,639.900,999,1.910,8.000,99,9999,99999,9,999999999,0.000,0.999,0,0,999,0.000,0
9,14,2014,19,0,,16.860,7.380,53.000,89238.930,0.000,1349.775,302.634,0.000,0.000,0.000,0.000,0.000,0.000,-0.000,999,1.040,8.000,99,9999,99999,9,999999999,0.000,0.999,0,0,999,0.000,0
9,14,2014,20,0,,15.970,7.450,56.000,89238.930,0.000,1349.775,298.998,0.000,0.000,0.000,0.000,0.000,0.000,-0.000,999,1.050,8.000,99,9999,99999,9,999999999,0.000,0.999,0,0,999,0.000,0
9,14,2014,21,0,,15.070,7.520,60.000,89238.930,0.000,1349.775,295.900,0.000,0.000,0.000,0.000,0.000,0.000,-0.000,999,0.540,8.000,99,9999,99999,9,999999999,0.000,0.999,0,0,999,0.000,0
9,14,2014,22,0,,14.180,7.580,64.000,89238.930,0.000,1349.775,292.686,0.000,0.000,0.000,0.000,0.000,0.000,-0.000,999,0.320,8.000,99,9999,99999,9,999999999,0.000,0.999,0,0,999,0.000,0
9,14,2014,23,0,,13.280,7.650,68.000,89238.930,0.000,1349.775,289.253,0.000,0.000,0.000,0.000,0.000,0.000,-0.000,999,0.320,8.000,99,9999,99999,9,999999999,0.000,0.999,0,0,999,0.000,0
9,14,2014,24,0,,12.390,7.600,72.000,89238.930,0.000,1349.775,285.756,0.000,0.000,0.000,0.000,0.000,0.000,-0.000,999,0.380,8.000,99,9999,99999,9,999999999,0.000,0.999,0,0,999,0.000,0
9,15,2014,1,0,,11.940,7.540,74.000,89238.930,0.000,1349.775,283.932,0.000,0.000,0.000,0.000,0.000,0.000,-0.000,999,0.830,8.000,99,9999,99999,9,999999999,0.000,0.999,0,0,999,0.000,0
9,15,2014,2,0,,11.500,7.470,76.000,89238.930,0.000,1349.775,282.149,0.000,0.000,0.000,0.000,0.000,0.000,-0.000,999,0.410,8.000,99,9999,99999,9,999999999,0.000,0.999,0,0,999,0.000,0
9,15,2014,3,0,,11.050,7.410,78.000,89238.930,0.000,1349.775,280.278,0.000,0.000,0.000,0.000,0.000,0.000,-0.000,999,0.280,8.000,99,9999,99999,9,999999999,0.000,0.999,0,0,999,0.000,0
9,15,2014,4,0,,10.600,7.340,80.000,89238.930,0.000,1350.514,278.387,0.000,0.000,0.000,0.000,0.000,0.000,-0.000,999,0.490,8.000,99,9999,99999,9,999999999,0.000,0.999,0,0,999,0.000,0
9,15,2014,5,0,,10.160,7.280,82.000,89238.930,0.000,1350.514,276.540,0.000,0.000,0.000,0.000,0.000,0.000,-0.000,999,0.280,8.000,99,9999,99999,9,999999999,0.000,0.999,0,0,999,0.000,0
9,15,2014,6,0,,9.810,7.230,83.000,89238.930,0.000,1350.514,274.780,0.000,0.000,0.000,0.000,0.000,0.000,-0.000,999,0.280,8.000,99,9999,99999,9,999999999,0.000,0.999,0,0,999,0.000,0
9,15,2014,7,0,,9.510,7.190,85.000,89238.930,231.151,1350.514,273.802,7.850,0.000,7.850,942.000,0.000,863.500,14.735,999,0.280,8.000,99,9999,99999,9,999999999,0.000,0.999,0,0,999,0.000,0
9,15,2014,8,0,,9.220,7.140,86.000,89238.930,540.343,1350.514,272.416,160.200,38.567,144.793,19224.000,3663.848,15927.221,115.369,999,0.300,8.000,99,9999,99999,9,999999999,0.000,0.999,0,0,999,0.000,0
9,15,2014,9,0,,14.260,7.860,65.000,89238.930,811.887,1350.514,293.868,388.860,166.834,288.616,46663.200,15849.256,31747.809,152.897,999,0.300,5.000,99,9999,99999,9,999999999,0.000,0.999,0,0,999,0.000,0
9,15,2014,10,0,,16.260,8.140,58.000,89238.930,1026.548,1350.514,302.463,601.880,309.177,366.920,72225.600,29371.815,40361.190,153.686,999,0.350,3.000,99,9999,99999,9,999999999,0.000,0.999,0,0,999,0.000,0
9,15,2014,11,0,,17.770,8.350,54.000,89238.930,1169.573,1350.514,309.668,712.300,314.537,439.931,85476.000,29881.013,48392.440,161.715,999,0.710,3.000,99,9999,99999,9,999999999,0.000,0.999,0,0,999,0.000,0
9,15,2014,12,0,,18.980,8.510,50.000,89238.930,1231.177,1350.514,314.618,793.500,361.716,463.767,95220.000,34362.984,51014.359,161.940,999,1.210,3.000,99,9999,99999,9,999999999,0.000,0.999,0,0,999,0.000,0
9,15,2014,13,0,,19.960,8.640,48.000,89238.930,1207.155,1350.514,319.628,852.080,496.699,408.140,102249.600,47186.371,44895.357,145.354,999,1.120,2.000,99,9999,99999,9,999999999,0.000,0.999,0,0,999,0.000,0
9,15,2014,14,0,,20.300,8.690,47.000,89238.930,1099.156,1350.514,321.060,713.970,432.152,362.303,85676.400,41054.454,39853.317,141.719,999,1.490,4.000,99,9999,99999,9,999999999,0.000,0.999,0,0,999,0.000,0
9,15,2014,15,0,,20.010,8.650,47.000,89238.930,914.575,1350.514,319.019,531.220,324.031,311.861,63746.400,30782.959,34304.668,146.636,999,2.840,6.000,99,9999,99999,9,999999999,0.000,0.999,0,0,999,0.000,0
9,15,2014,16,0,,19.130,8.530,50.000,89238.930,666.076,1350.514,315.664,337.680,224.320,227.145,40521.600,21310.443,24985.998,146.732,999,2.820,8.000,99,9999,99999,9,999999999,0.000,0.999,0,0,999,0.000,0
9,15,2014,17,0,,18.050,8.390,53.000,89238.930,370.907,1350.514,310.772,219.760,392.421,112.364,26371.200,37280.037,12360.082,130.691,999,2.240,8.000,99,9999,99999,9,999999999,0.000,0.999,0,0,999,0.000,0
9,15,2014,18,0,,16.730,8.210,57.000,89238.930,53.473,1350.514,304.908,66.120,0.000,66.120,7934.400,0.000,7273.200,606.906,999,0.420,8.000,99,9999,99999,9,999999999,0.000,0.999,0,0,999,0.000,0
9,15,2014,19,0,,16.070,8.120,59.000,89238.930,0.000,1350.514,301.913,0.000,0.000,0.000,0.000,0.000,0.000,-0.000,999,0.280,8.000,99,9999,99999,9,999999999,0.000,0.999,0,0,999,0.000,0
9,15,2014,20,0,,15.410,8.030,61.000,89238.930,0.000,1350.514,298.883,0.000,0.000,0.000,0.000,0.000,0.000,-0.000,999,0.280,8.000,99,9999,99999,9,999999999,0.000,0.999,0,0,999,0.000,0
9,15,2014,21,0,,14.750,7.930,63.000,89238.930,0.000,1350.514,295.823,0.000,0.000,0.000,0.000,0.000,0.000,-0.000,999,0.280,8.000,99,9999,99999,9,999999999,0.000,0.999,0,0,999,0.000,0
9,15,2014,22,0,,14.090,7.840,66.000,89238.930,0.000,1350.514,293.376,0.000,0.000,0.000,0.000,0.000,0.000,-0.000,999,0.280,8.000,99,9999,99999,9,999999999,0.000,0.999,0,0,999,0.000,0
9,15,2014,23,0,,13.430,7.750,68.000,89238.930,0.000,1350.514,290.243,0.000,0.000,0.000,0.000,0.000,0.000,-0.000,999,0.280,8.000,99,9999,99999,9,999999999,0.000,0.999,0,0,999,0.000,0
9,15,2014,24,0,,12.770,9.190,78.000,89238.930,0.000,1350.514,291.565,0.000,0.000,0.000,0.000,0.000,0.000,-0.000,999,0.180,8.000,99,9999,99999,9,999999999,0.000,0.999,0,0,999,0.000,0
9,16,2014,1,0,,12.440,9.160,80.000,89238.930,0.000,1350.514,290.421,0.000,0.000,0.000,0.000,0.000,0.000,-0.000,999,0.180,8.000,99,9999,99999,9,999999999,0.000,0.999,0,0,999,0.000,0
9,16,2014,2,0,,12.110,9.120,81.000,89238.930,0.000,1350.514,288.746,0.000,0.000,0.000,0.000,0.000,0.000,-0.000,999,0.180,7.000,99,9999,99999,9,999999999,0.000,0.999,0,0,999,0.000,0
9,16,2014,3,0,,11.780,9.090,83.000,89238.930,0.000,1350.514,287.568,0.000,0.000,0.000,0.000,0.000,0.000,-0.000,999,0.180,7.000,99,9999,99999,9,999999999,0.000,0.999,0,0,999,0.000,0
9,16,2014,4,0,,11.450,9.050,85.000,89238.930,0.000,1351.258,286.367,0.000,0.000,0.000,0.000,0.000,0.000,-0.000,999,0.180,7.000,99,9999,99999,9,999999999,0.000,0.999,0,0,999,0.000,0
9,16,2014,5,0,,11.120,9.020,86.000,89238.930,0.000,1351.258,284.674,0.000,0.000,0.000,0.000,0.000,0.000,-0.000,999,0.180,7.000,99,9999,99999,9,999999999,0.000,0.999,0,0,999,0.000,0
9,16,2014,6,0,,10.860,8.990,88.000,89238.930,0.000,1351.258,283.903,0.000,0.000,0.000,0.000,0.000,0.000,-0.000,999,0.180,7.000,99,9999,99999,9,999999999,0.000,0.999,0,0,999,0.000,0
9,16,2014,7,0,,10.650,8.970,89.000,89238.930,236.498,1351.258,282.986,9.110,0.000,9.110,1093.200,0.000,1002.100,16.716,999,0.180,7.000,99,9999,99999,9,999999999,0.000,0.999,0,0,999,0.000,0
9,16,2014,8,0,,10.430,8.950,90.000,89238.930,545.831,1351.258,282.000,186.220,83.394,152.584,22346.400,7922.439,16784.224,120.417,999,0.180,7.000,99,9999,99999,9,999999999,0.000,0.999,0,0,999,0.000,0
9,16,2014,9,0,,16.210,9.550,64.000,89238.930,817.332,1351.258,306.403,429.270,236.473,286.308,51512.400,22464.890,31493.900,150.746,999,0.180,4.000,99,9999,99999,9,999999999,0.000,0.999,0,0,999,0.000,0
9,16,2014,10,0,,17.690,9.700,59.000,89238.930,1031.796,1351.258,313.052,543.500,220.817,374.924,65220.000,20977.626,41241.586,156.325,999,0.180,5.000,99,9999,99999,9,999999999,0.000,0.999,0,0,999,0.000,0
9,16,2014,11,0,,18.700,9.810,56.000,89238.930,1174.485,1351.258,317.777,602.330,186.195,440.509,72279.600,17688.478,48456.003,161.338,999,0.380,6.000,99,9999,99999,9,999999999,0.000,0.999,0,0,999,0.000,0
9,16,2014,12,0,,20.070,9.940,52.000,89238.930,1235.638,1351.258,324.087,805.920,507.749,341.644,96710.400,48236.111,37580.795,118.931,999,0.410,3.000,99,9999,99999,9,999999999,0.000,0.999,0,0,999,0.000,0
9,16,2014,13,0,,21.040,10.040,49.000,89238.930,1211.082,1351.258,328.262,822.270,477.623,394.225,98672.400,45374.165,43364.792,140.020,999,0.930,3.000,99,9999,99999,9,999999999,0.000,0.999,0,0,999,0.000,0
9,16,2014,14,0,,20.900,10.030,49.000,89238.930,1102.503,1351.258,327.257,533.660,155.909,406.471,64039.200,14811.357,44711.845,158.600,999,1.070,7.000,99,9999,99999,9,999999999,0.000,0.999,0,0,999,0.000,0
9,16,2014,15,0,,20.680,10.000,50.000,89238.930,917.334,1351.258,326.624,506.950,268.966,324.419,60834.000,25551.724,35686.090,152.166,999,1.810,7.000,99,9999,99999,9,999999999,0.000,0.999,0,0,999,0.000,0
9,16,2014,16,0,,20.050,9.940,52.000,89238.930,668.281,1351.258,323.945,375.910,298.298,228.516,45109.200,28338.296,25136.801,147.211,999,3.150,7.000,99,9999,99999,9,999999999,0.000,0.999,0,0,999,0.000,0
9,16,2014,17,0,,19.220,9.860,54.000,89238.930,372.628,1351.258,319.789,272.550,568.037,116.453,32706.000,53963.488,12809.823,134.891,999,1.830,6.000,99,9999,99999,9,999999999,0.000,0.999,0,0,999,0.000,0
9,16,2014,18,0,,17.940,9.730,58.000,89238.930,54.740,1351.258,314.031,68.580,0.000,68.580,8229.600,0.000,7543.800,612.194,999,0.870,8.000,99,9999,99999,9,999999999,0.000,0.999,0,0,999,0.000,0
9,16,2014,19,0,,17.180,9.650,61.000,89238.930,0.000,1351.258,310.989,0.000,0.000,0.000,0.000,0.000,0.000,-0.000,999,0.410,8.000,99,9999,99999,9,999999999,0.000,0.999,0,0,999,0.000,0
9,16,2014,20,0,,16.430,9.570,63.000,89238.930,0.000,1351.258,307.227,0.000,0.000,0.000,0.000,0.000,0.000,-0.000,999,0.180,8.000,99,9999,99999,9,999999999,0.000,0.999,0,0,999,0.000,0
9,16,2014,21,0,,15.670,9.500,66.000,89238.930,0.000,1351.258,304.041,0.000,0.000,0.000,0.000,0.000,0.000,-0.000,999,0.180,8.000,99,9999,99999,9,999999999,0.000,0.999,0,0,999,0.000,0
9,16,2014,22,0,,14.910,9.420,69.000,89238.930,0.000,1351.258,300.778,0.000,0.000,0.000,0.000,0.000,0.000,-0.000,999,0.180,8.000,99,9999,99999,9,999999999,0.000,0.999,0,0,999,0.000,0
9,16,2014,23,0,,14.150,9.340,72.000,89238.930,0.000,1351.258,297.450,0.000,0.000,0.000,0.000,0.000,0.000,-0.000,999,0.180,8.000,99,9999,99999,9,999999999,0.000,0.999,0,0,999,0.000,0
9,16,2014,24,0,,13.390,10.350,80.000,89238.930,0.000,1351.258,296.790,0.000,0.000,0.000,0.000,0.000,0.000,-0.000,999,0.060,8.000,99,9999,99999,9,999999999,0.000,0.999,0,0,999,0.000,0
9,17,2014,1,0,,13.010,10.380,83.000,89238.930,0.000,1351.258,295.781,0.000,0.000,0.000,0.000,0.000,0.000,-0.000,999,0.070,8.000,99,9999,99999,9,999999999,0.000,0.999,0,0,999,0.000,0
9,17,2014,2,0,,12.630,10.420,90.000,89238.930,0.000,1351.258,296.636,0.000,0.000,0.000,0.000,0.000,0.000,-0.000,999,0.060,8.000,99,9999,99999,9,999999999,0.010,0.999,0,0,999,0.010,99
9,17,2014,3,0,,12.250,10.450,87.000,89238.930,0.000,1351.258,292.646,0.000,0.000,0.000,0.000,0.000,0.000,-0.000,999,0.060,8.000,99,9999,99999,9,999999999,0.000,0.999,0,0,999,0.000,0
9,17,2014,4,0,,11.870,10.480,90.000,89238.930,0.000,1352.008,291.515,0.000,0.000,0.000,0.000,0.000,0.000,-0.000,999,0.060,8.000,99,9999,99999,9,999999999,0.000,0.999,0,0,999,0.000,0
9,17,2014,5,0,,11.490,10.520,92.000,89238.930,0.000,1352.008,289.889,0.000,0.000,0.000,0.000,0.000,0.000,-0.000,999,0.060,8.000,99,9999,99999,9,999999999,0.000,0.999,0,0,999,0.000,0
9,17,2014,6,0,,11.200,10.540,99.000,89238.930,0.000,1352.008,290.993,0.000,0.000,0.000,0.000,0.000,0.000,-0.000,999,0.130,8.000,99,9999,99999,9,999999999,0.020,0.999,0,0,999,0.020,99
9,17,2014,7,0,,10.950,10.570,96.000,89238.930,241.851,1352.008,288.052,9.360,0.000,9.360,1123.200,0.000,1029.600,16.797,999,0.160,8.000,99,9999,99999,9,999999999,0.000,0.999,0,0,999,0.000,0
9,17,2014,8,0,,10.700,10.590,97.000,89238.930,551.311,1352.008,286.818,76.150,0.000,76.150,9138.000,0.000,8376.500,59.530,999,0.270,8.000,99,9999,99999,9,999999999,0.000,0.999,0,0,999,0.000,0
9,17,2014,9,0,,14.490,10.250,74.000,89238.930,822.756,1352.008,300.927,310.680,56.551,276.283,37281.600,5372.352,30391.167,144.587,999,0.590,7.000,99,9999,99999,9,999999999,0.000,0.999,0,0,999,0.000,0
9,17,2014,10,0,,16.660,10.050,64.000,89238.930,1037.013,1352.008,309.510,526.020,198.129,374.083,63122.400,18822.278,41149.100,155.275,999,0.590,5.000,99,9999,99999,9,999999999,0.000,0.999,0,0,999,0.000,0
9,17,2014,11,0,,18.310,9.900,57.000,89238.930,1179.359,1352.008,315.838,640.030,195.336,469.653,76803.600,18556.965,51661.872,171.396,999,0.970,5.000,99,9999,99999,9,999999999,0.000,0.999,0,0,999,0.000,0
9,17,2014,12,0,,18.920,9.840,55.000,89238.930,1240.058,1352.008,318.508,543.180,100.500,451.007,65181.600,9547.488,49610.757,156.529,999,1.320,7.000,99,9999,99999,9,999999999,0.000,0.999,0,0,999,0.000,0
9,17,2014,13,0,,20.320,9.710,50.000,89238.930,1214.968,1352.008,324.053,848.420,487.872,410.029,101810.400,46347.865,45103.210,145.248,999,1.550,2.000,99,9999,99999,9,999999999,0.000,0.999,0,0,999,0.000,0
9,17,2014,14,0,,20.740,9.670,49.000,89238.930,1105.812,1352.008,326.112,640.590,303.961,392.015,76870.800,28876.311,43121.675,152.586,999,1.570,6.000,99,9999,99999,9,999999999,0.000,0.999,0,0,999,0.000,0
9,17,2014,15,0,,20.660,9.680,49.000,89238.930,920.063,1352.008,325.540,491.970,186.673,364.979,59036.400,17733.900,40147.740,170.776,999,2.150,7.000,99,9999,99999,9,999999999,0.000,0.999,0,0,999,0.000,0
9,17,2014,16,0,,20.270,9.720,50.000,89238.930,670.467,1352.008,323.697,406.390,439.919,188.428,48766.800,41792.281,20727.072,121.056,999,1.470,6.000,99,9999,99999,9,999999999,0.000,0.999,0,0,999,0.000,0
9,17,2014,17,0,,19.440,9.800,53.000,89238.930,374.342,1352.008,320.490,247.850,536.420,99.841,29742.000,50959.938,10982.516,115.180,999,1.260,7.000,99,9999,99999,9,999999999,0.000,0.999,0,0,999,0.000,0
9,17,2014,18,0,,18.180,9.910,63.000,89238.930,56.014,1352.008,319.462,58.380,0.000,58.380,7005.600,0.000,6421.800,507.166,999,0.700,8.000,99,9999,99999,9,999999999,0.030,0.999,0,0,999,0.030,99
9,17,2014,19,0,,17.310,9.990,66.000,89238.930,0.000,1352.008,315.423,0.000,0.000,0.000,0.000,0.000,0.000,-0.000,999,0.210,8.000,99,9999,99999,9,999999999,0.070,0.999,0,0,999,0.070,99
9,17,2014,20,0,,16.440,10.070,70.000,89238.930,0.000,1352.008,311.956,0.000,0.000,0.000,0.000,0.000,0.000,-0.000,999,0.060,8.000,99,9999,99999,9,999999999,0.160,0.999,0,0,999,0.160,99
9,17,2014,21,0,,15.570,10.150,79.000,89238.930,0.000,1352.008,311.249,0.000,0.000,0.000,0.000,0.000,0.000,-0.000,999,0.060,8.000,99,9999,99999,9,999999999,3.720,0.999,0,0,999,3.720,99
9,17,2014,22,0,,14.700,10.230,73.000,89238.930,0.000,1352.008,301.773,0.000,0.000,0.000,0.000,0.000,0.000,-0.000,999,0.070,8.000,99,9999,99999,9,999999999,0.000,0.999,0,0,999,0.000,0
9,17,2014,23,0,,13.820,10.310,78.000,89238.930,0.000,1352.008,298.625,0.000,0.000,0.000,0.000,0.000,0.000,-0.000,999,0.080,8.000,99,9999,99999,9,999999999,0.000,0.999,0,0,999,0.000,0
9,17,2014,24,0,,12.950,8.740,75.000,89238.930,0.000,1352.008,291.130,0.000,0.000,0.000,0.000,0.000,0.000,-0.000,999,0.130,8.000,99,9999,99999,9,999999999,0.000,0.999,0,0,999,0.000,0
9,18,2014,1,0,,12.520,8.680,77.000,89238.930,0.000,1352.008,289.369,0.000,0.000,0.000,0.000,0.000,0.000,-0.000,999,0.130,8.000,99,9999,99999,9,999999999,0.000,0.999,0,0,999,0.000,0
9,18,2014,2,0,,12.080,8.630,79.000,89238.930,0.000,1352.008,287.519,0.000,0.000,0.000,0.000,0.000,0.000,-0.000,999,0.190,8.000,99,9999,99999,9,999999999,0.000,0.999,0,0,999,0.000,0
9,18,2014,3,0,,11.640,8.580,81.000,89238.930,0.000,1352.008,285.647,0.000,0.000,0.000,0.000,0.000,0.000,-0.000,999,0.130,8.000,99,9999,99999,9,999999999,0.000,0.999,0,0,999,0.000,0
9,18,2014,4,0,,11.210,8.520,88.000,89238.930,0.000,1352.762,286.204,0.000,0.000,0.000,0.000,0.000,0.000,-0.000,999,0.130,8.000,99,9999,99999,9,999999999,0.020,0.999,0,0,999,0.020,99
9,18,2014,5,0,,10.770,8.470,85.000,89238.930,0.000,1352.762,281.913,0.000,0.000,0.000,0.000,0.000,0.000,-0.000,999,0.130,8.000,99,9999,99999,9,999999999,0.000,0.999,0,0,999,0.000,0
9,18,2014,6,0,,10.440,8.430,87.000,89238.930,0.000,1352.762,280.702,0.000,0.000,0.000,0.000,0.000,0.000,-0.000,999,0.130,8.000,99,9999,99999,9,999999999,0.000,0.999,0,0,999,0.000,0
9,18,2014,7,0,,10.150,8.390,88.000,89238.930,247.207,1352.762,279.280,8.310,0.000,8.310,997.200,0.000,914.100,14.593,999,0.130,8.000,99,9999,99999,9,999999999,0.000,0.999,0,0,999,0.000,0
9,18,2014,8,0,,9.860,8.360,90.000,89238.930,556.778,1352.762,278.300,134.860,4.655,132.947,16183.200,442.254,14624.134,102.965,999,0.130,8.000,99,9999,99999,9,999999999,0.000,0.999,0,0,999,0.000,0
9,18,2014,9,0,,14.670,8.940,68.000,89238.930,828.157,1352.762,298.527,276.080,13.737,267.674,33129.600,1305.018,29444.178,139.245,999,0.130,8.000,99,9999,99999,9,999999999,0.000,0.999,0,0,999,0.000,0
9,18,2014,10,0,,16.170,9.120,62.000,89238.930,1042.196,1352.762,304.743,396.900,12.806,387.036,47628.000,1216.607,42573.924,159.941,999,0.130,8.000,99,9999,99999,9,999999999,0.000,0.999,0,0,999,0.000,0
9,18,2014,11,0,,17.440,9.270,58.000,89238.930,1184.192,1352.762,310.553,486.160,62.340,431.593,58339.200,5922.290,47475.260,156.951,999,0.250,7.000,99,9999,99999,9,999999999,0.000,0.999,0,0,999,0.000,0
9,18,2014,12,0,,18.430,9.390,55.000,89238.930,1244.434,1352.762,315.069,537.000,4.673,532.701,64440.000,443.945,58597.147,184.334,999,0.540,7.000,99,9999,99999,9,999999999,0.000,0.999,0,0,999,0.000,0
9,18,2014,13,0,,19.140,9.470,53.000,89238.930,1218.811,1352.762,318.373,545.710,85.938,468.287,65485.200,8164.109,51511.557,165.454,999,1.030,7.000,99,9999,99999,9,999999999,0.000,0.999,0,0,999,0.000,0
9,18,2014,14,0,,19.520,9.520,52.000,89238.930,1109.083,1352.762,320.184,511.660,105.573,425.117,61399.200,10029.408,46762.870,165.074,999,1.330,7.000,99,9999,99999,9,999999999,0.000,0.999,0,0,999,0.000,0
9,18,2014,15,0,,19.590,9.520,52.000,89238.930,922.762,1352.762,320.678,437.340,159.985,328.246,52480.800,15198.568,36107.063,153.224,999,1.770,8.000,99,9999,99999,9,999999999,0.000,0.999,0,0,999,0.000,0
9,18,2014,16,0,,19.210,9.480,53.000,89238.930,672.632,1352.762,318.866,328.290,193.893,231.967,39394.800,18419.845,25516.328,148.630,999,2.200,8.000,99,9999,99999,9,999999999,0.000,0.999,0,0,999,0.000,0
9,18,2014,17,0,,18.360,9.380,55.000,89238.930,376.048,1352.762,314.579,193.570,288.387,113.678,23228.400,27396.744,12504.579,130.617,999,2.010,8.000,99,9999,99999,9,999999999,0.000,0.999,0,0,999,0.000,0
9,18,2014,18,0,,17.160,9.240,59.000,89238.930,57.297,1352.762,309.373,51.370,0.000,51.370,6164.400,0.000,5650.700,434.568,999,1.240,8.000,99,9999,99999,9,999999999,0.000,0.999,0,0,999,0.000,0
9,18,2014,19,0,,16.410,9.150,62.000,89238.930,0.000,1352.762,306.388,0.000,0.000,0.000,0.000,0.000,0.000,-0.000,999,0.640,8.000,99,9999,99999,9,999999999,0.000,0.999,0,0,999,0.000,0
9,18,2014,20,0,,15.670,9.060,64.000,89238.930,0.000,1352.762,302.707,0.000,0.000,0.000,0.000,0.000,0.000,-0.000,999,0.290,8.000,99,9999,99999,9,999999999,0.000,0.999,0,0,999,0.000,0
9,18,2014,21,0,,14.920,8.970,72.000,89238.930,0.000,1352.762,302.681,0.000,0.000,0.000,0.000,0.000,0.000,-0.000,999,0.260,8.000,99,9999,99999,9,999999999,0.980,0.999,0,0,999,0.980,99
9,18,2014,22,0,,14.180,8.890,70.000,89238.930,0.000,1352.762,296.457,0.000,0.000,0.000,0.000,0.000,0.000,-0.000,999,0.230,8.000,99,9999,99999,9,999999999,0.000,0.999,0,0,999,0.000,0
9,18,2014,23,0,,13.430,8.790,73.000,89238.930,0.000,1352.762,293.200,0.000,0.000,0.000,0.000,0.000,0.000,-0.000,999,0.300,8.000,99,9999,99999,9,999999999,0.000,0.999,0,0,999,0.000,0
9,18,2014,24,0,,12.690,9.290,79.000,89238.930,0.000,1352.762,291.563,0.000,0.000,0.000,0.000,0.000,0.000,-0.000,999,0.880,8.000,99,9999,99999,9,999999999,0.000,0.999,0,0,999,0.000,0
9,19,2014,1,0,,12.320,9.380,82.000,89238.930,0.000,1352.762,290.648,0.000,0.000,0.000,0.000,0.000,0.000,-0.000,999,0.750,8.000,99,9999,99999,9,999999999,0.000,0.999,0,0,999,0.000,0
9,19,2014,2,0,,11.940,9.480,84.000,89238.930,0.000,1352.762,289.120,0.000,0.000,0.000,0.000,0.000,0.000,-0.000,999,0.430,7.000,99,9999,99999,9,999999999,0.000,0.999,0,0,999,0.000,0
9,19,2014,3,0,,11.570,9.570,92.000,89238.930,0.000,1352.762,290.423,0.000,0.000,0.000,0.000,0.000,0.000,-0.000,999,0.610,7.000,99,9999,99999,9,999999999,0.010,0.999,0,0,999,0.010,99
9,19,2014,4,0,,11.200,9.660,90.000,89238.930,0.000,1353.521,287.058,0.000,0.000,0.000,0.000,0.000,0.000,-0.000,999,0.800,7.000,99,9999,99999,9,999999999,0.000,0.999,0,0,999,0.000,0
9,19,2014,5,0,,10.830,9.750,93.000,89238.930,0.000,1353.521,285.955,0.000,0.000,0.000,0.000,0.000,0.000,-0.000,999,1.180,7.000,99,9999,99999,9,999999999,0.000,0.999,0,0,999,0.000,0
9,19,2014,6,0,,10.540,9.820,95.000,89238.930,0.000,1353.521,284.910,0.000,0.000,0.000,0.000,0.000,0.000,-0.000,999,0.640,7.000,99,9999,99999,9,999999999,0.000,0.999,0,0,999,0.000,0
9,19,2014,7,0,,10.290,9.880,97.000,89238.930,252.563,1353.521,284.111,12.830,0.000,12.830,1539.600,0.000,1411.300,22.058,999,0.370,7.000,99,9999,99999,9,999999999,0.000,0.999,0,0,999,0.000,0
9,19,2014,8,0,,10.050,9.940,99.000,89238.930,562.231,1353.521,283.361,187.380,73.036,157.085,22485.600,6938.388,17279.302,120.543,999,0.410,7.000,99,9999,99999,9,999999999,0.000,0.999,0,0,999,0.000,0
9,19,2014,9,0,,15.380,8.590,63.000,89238.930,833.530,1353.521,300.060,380.380,135.561,296.939,45645.600,12878.260,32663.254,153.557,999,0.590,6.000,99,9999,99999,9,999999999,0.000,0.999,0,0,999,0.000,0
9,19,2014,10,0,,17.020,8.160,55.000,89238.930,1047.342,1353.521,305.330,545.330,183.177,403.617,65439.600,17401.804,44397.897,166.066,999,0.660,5.000,99,9999,99999,9,999999999,0.000,0.999,0,0,999,0.000,0
9,19,2014,11,0,,18.410,7.780,49.000,89238.930,1188.983,1353.521,309.774,667.070,217.837,475.730,80048.400,20694.523,52330.353,172.400,999,1.980,5.000,99,9999,99999,9,999999999,0.000,0.999,0,0,999,0.000,0
9,19,2014,12,0,,19.500,7.470,45.000,89238.930,1248.765,1353.521,313.500,736.230,276.027,481.579,88347.600,26222.569,52973.709,166.159,999,2.700,5.000,99,9999,99999,9,999999999,0.000,0.999,0,0,999,0.000,0
9,19,2014,13,0,,20.270,7.250,42.000,89238.930,1222.610,1353.521,315.734,747.790,314.506,463.722,89734.800,29878.046,51009.385,163.423,999,5.170,5.000,99,9999,99999,9,999999999,0.000,0.999,0,0,999,0.000,0
9,19,2014,14,0,,20.690,7.130,41.000,89238.930,1112.314,1353.521,317.564,700.910,386.481,383.348,84109.200,36715.667,42168.247,148.505,999,5.110,5.000,99,9999,99999,9,999999999,0.000,0.999,0,0,999,0.000,0
9,19,2014,15,0,,20.760,7.110,41.000,89238.930,925.429,1353.521,318.052,598.990,495.345,260.426,71878.800,47057.795,28646.840,121.283,999,6.100,5.000,99,9999,99999,9,999999999,0.000,0.999,0,0,999,0.000,0
9,19,2014,16,0,,20.340,7.230,42.000,89238.930,674.778,1353.521,316.220,449.670,588.090,156.746,53960.400,55868.515,17242.046,100.169,999,5.410,5.000,99,9999,99999,9,999999999,0.000,0.999,0,0,999,0.000,0
9,19,2014,17,0,,19.400,7.500,46.000,89238.930,377.747,1353.521,313.792,265.330,635.089,88.690,31839.600,60333.470,9755.851,101.500,999,3.430,6.000,99,9999,99999,9,999999999,0.000,0.999,0,0,999,0.000,0
9,19,2014,18,0,,18.080,7.870,56.000,89238.930,58.589,1353.521,313.435,70.790,0.000,70.790,8494.800,0.000,7786.900,583.485,999,2.000,8.000,99,9999,99999,9,999999999,0.060,0.999,0,0,999,0.060,99
9,19,2014,19,0,,17.390,8.060,59.000,89238.930,0.000,1353.521,310.966,0.000,0.000,0.000,0.000,0.000,0.000,-0.000,999,1.310,8.000,99,9999,99999,9,999999999,0.020,0.999,0,0,999,0.020,99
9,19,2014,20,0,,16.710,8.240,67.000,89238.930,0.000,1353.521,311.891,0.000,0.000,0.000,0.000,0.000,0.000,-0.000,999,0.780,8.000,99,9999,99999,9,999999999,1.910,0.999,0,0,999,1.910,99
9,19,2014,21,0,,16.020,8.420,60.000,89238.930,0.000,1353.521,302.299,0.000,0.000,0.000,0.000,0.000,0.000,-0.000,999,0.460,7.000,99,9999,99999,9,999999999,0.000,0.999,0,0,999,0.000,0
9,19,2014,22,0,,15.340,8.600,64.000,89238.930,0.000,1353.521,300.465,0.000,0.000,0.000,0.000,0.000,0.000,-0.000,999,0.390,7.000,99,9999,99999,9,999999999,0.000,0.999,0,0,999,0.000,0
9,19,2014,23,0,,14.650,8.790,67.000,89238.930,0.000,1353.521,297.761,0.000,0.000,0.000,0.000,0.000,0.000,-0.000,999,0.280,7.000,99,9999,99999,9,999999999,0.000,0.999,0,0,999,0.000,0
9,19,2014,24,0,,13.970,10.750,80.000,89238.930,0.000,1353.521,300.730,0.000,0.000,0.000,0.000,0.000,0.000,-0.000,999,0.250,7.000,99,9999,99999,9,999999999,0.000,0.999,0,0,999,0.000,0
9,20,2014,1,0,,13.630,10.840,83.000,89238.930,0.000,1353.521,299.989,0.000,0.000,0.000,0.000,0.000,0.000,-0.000,999,0.320,6.000,99,9999,99999,9,999999999,0.000,0.999,0,0,999,0.000,0
9,20,2014,2,0,,13.280,10.940,85.000,89238.930,0.000,1353.521,298.622,0.000,0.000,0.000,0.000,0.000,0.000,-0.000,999,0.250,6.000,99,9999,99999,9,999999999,0.000,0.999,0,0,999,0.000,0
9,20,2014,3,0,,12.940,11.040,88.000,89238.930,0.000,1353.521,297.787,0.000,0.000,0.000,0.000,0.000,0.000,-0.000,999,0.250,6.000,99,9999,99999,9,999999999,0.000,0.999,0,0,999,0.000,0
9,20,2014,4,0,,12.600,11.140,90.000,89238.930,0.000,1354.284,296.433,0.000,0.000,0.000,0.000,0.000,0.000,-0.000,999,0.250,6.000,99,9999,99999,9,999999999,0.000,0.999,0,0,999,0.000,0
9,20,2014,5,0,,12.260,11.230,93.000,89238.930,0.000,1354.284,295.516,0.000,0.000,0.000,0.000,0.000,0.000,-0.000,999,0.250,6.000,99,9999,99999,9,999999999,0.000,0.999,0,0,999,0.000,0
9,20,2014,6,0,,11.990,11.310,95.000,89238.930,0.000,1354.284,294.586,0.000,0.000,0.000,0.000,0.000,0.000,-0.000,999,0.250,5.000,99,9999,99999,9,999999999,0.000,0.999,0,0,999,0.000,0
9,20,2014,7,0,,11.770,11.370,97.000,89238.930,257.917,1354.284,293.975,21.400,0.000,21.400,2568.000,0.000,2354.000,36.037,999,0.250,5.000,99,9999,99999,9,999999999,0.000,0.999,0,0,999,0.000,0
9,20,2014,8,0,,11.540,11.430,99.000,89238.930,567.666,1354.284,293.279,225.510,97.315,184.775,27061.200,9244.933,20325.242,140.509,999,0.250,5.000,99,9999,99999,9,999999999,0.000,0.999,0,0,999,0.000,0
9,20,2014,9,0,,16.510,10.000,65.000,89238.930,838.873,1354.284,309.155,377.980,141.751,290.218,45357.600,13466.304,31923.976,149.208,999,0.250,6.000,99,9999,99999,9,999999999,0.000,0.999,0,0,999,0.000,0
9,20,2014,10,0,,17.620,9.660,59.000,89238.930,1052.450,1354.284,312.564,503.100,100.921,424.687,60372.000,9587.481,46715.553,173.985,999,0.250,6.000,99,9999,99999,9,999999999,0.000,0.999,0,0,999,0.000,0
9,20,2014,11,0,,18.430,9.410,55.000,89238.930,1193.729,1354.284,315.069,565.020,109.922,468.137,67802.400,10442.633,51495.119,169.069,999,0.300,7.000,99,9999,99999,9,999999999,0.000,0.999,0,0,999,0.000,0
9,20,2014,12,0,,19.180,9.170,52.000,89238.930,1253.049,1354.284,317.789,646.090,177.126,482.213,77530.800,16826.932,53043.428,165.902,999,0.510,6.000,99,9999,99999,9,999999999,0.000,0.999,0,0,999,0.000,0
9,20,2014,13,0,,20.200,8.840,47.000,89238.930,1226.364,1354.284,320.355,836.720,478.328,403.601,100406.400,45441.166,44396.101,141.880,999,1.350,3.000,99,9999,99999,9,999999999,0.000,0.999,0,0,999,0.000,0
9,20,2014,14,0,,20.700,8.680,45.000,89238.930,1115.506,1354.284,321.886,737.380,435.000,379.126,88485.600,41324.997,41703.887,146.532,999,1.490,4.000,99,9999,99999,9,999999999,0.000,0.999,0,0,999,0.000,0
9,20,2014,15,0,,20.830,8.640,45.000,89238.930,928.066,1354.284,322.805,619.620,540.560,249.307,74354.400,51353.182,27423.786,115.840,999,1.820,4.000,99,9999,99999,9,999999999,0.000,0.999,0,0,999,0.000,0
9,20,2014,16,0,,20.210,8.840,47.000,89238.930,676.904,1354.284,320.425,365.020,302.796,213.808,43802.400,28765.605,23518.901,136.282,999,1.170,7.000,99,9999,99999,9,999999999,0.000,0.999,0,0,999,0.000,0
9,20,2014,17,0,,19.180,9.170,52.000,89238.930,379.442,1354.284,317.789,174.890,197.760,119.669,20986.800,18787.205,13163.584,136.416,999,1.200,8.000,99,9999,99999,9,999999999,0.000,0.999,0,0,999,0.000,0
9,20,2014,18,0,,18.010,9.540,57.000,89238.930,59.892,1354.284,313.740,42.710,0.000,42.710,5125.200,0.000,4698.100,343.182,999,1.480,8.000,99,9999,99999,9,999999999,0.000,0.999,0,0,999,0.000,0
9,20,2014,19,0,,17.280,9.760,61.000,89238.930,0.000,1354.284,311.684,0.000,0.000,0.000,0.000,0.000,0.000,-0.000,999,0.490,8.000,99,9999,99999,9,999999999,0.000,0.999,0,0,999,0.000,0
9,20,2014,20,0,,16.540,9.990,65.000,89238.930,0.000,1354.284,309.363,0.000,0.000,0.000,0.000,0.000,0.000,-0.000,999,0.250,8.000,99,9999,99999,9,999999999,0.000,0.999,0,0,999,0.000,0
9,20,2014,21,0,,15.810,10.210,69.000,89238.930,0.000,1354.284,306.943,0.000,0.000,0.000,0.000,0.000,0.000,-0.000,999,0.250,8.000,99,9999,99999,9,999999999,0.000,0.999,0,0,999,0.000,0
9,20,2014,22,0,,15.080,10.420,73.000,89238.930,0.000,1354.284,304.376,0.000,0.000,0.000,0.000,0.000,0.000,-0.000,999,0.250,8.000,99,9999,99999,9,999999999,0.000,0.999,0,0,999,0.000,0
9,20,2014,23,0,,14.350,10.640,78.000,89238.930,0.000,1354.284,302.238,0.000,0.000,0.000,0.000,0.000,0.000,-0.000,999,0.250,8.000,99,9999,99999,9,999999999,0.000,0.999,0,0,999,0.000,0
9,20,2014,24,0,,13.620,10.450,81.000,89238.930,0.000,1354.284,298.877,0.000,0.000,0.000,0.000,0.000,0.000,-0.000,999,0.340,8.000,99,9999,99999,9,999999999,0.000,0.999,0,0,999,0.000,0
9,21,2014,1,0,,13.250,10.520,83.000,89238.930,0.000,1354.284,297.404,0.000,0.000,0.000,0.000,0.000,0.000,-0.000,999,0.340,8.000,99,9999,99999,9,999999999,0.000,0.999,0,0,999,0.000,0
9,21,2014,2,0,,12.880,10.580,85.000,89238.930,0.000,1354.284,295.909,0.000,0.000,0.000,0.000,0.000,0.000,-0.000,999,0.340,8.000,99,9999,99999,9,999999999,0.000,0.999,0,0,999,0.000,0
9,21,2014,3,0,,12.520,10.650,88.000,89238.930,0.000,1354.284,294.942,0.000,0.000,0.000,0.000,0.000,0.000,-0.000,999,0.340,8.000,99,9999,99999,9,999999999,0.000,0.999,0,0,999,0.000,0
9,21,2014,4,0,,12.150,10.710,90.000,89238.930,0.000,1355.052,293.394,0.000,0.000,0.000,0.000,0.000,0.000,-0.000,999,0.340,8.000,99,9999,99999,9,999999999,0.000,0.999,0,0,999,0.000,0
9,21,2014,5,0,,11.790,10.780,93.000,89238.930,0.000,1355.052,292.347,0.000,0.000,0.000,0.000,0.000,0.000,-0.000,999,0.340,8.000,99,9999,99999,9,999999999,0.000,0.999,0,0,999,0.000,0
9,21,2014,6,0,,11.500,10.830,95.000,89238.930,0.000,1355.052,291.288,0.000,0.000,0.000,0.000,0.000,0.000,-0.000,999,0.340,8.000,99,9999,99999,9,999999999,0.000,0.999,0,0,999,0.000,0
9,21,2014,7,0,,11.260,10.870,97.000,89238.930,263.265,1355.052,290.547,15.670,0.000,15.670,1880.400,0.000,1723.700,25.859,999,0.340,8.000,99,9999,99999,9,999999999,0.000,0.999,0,0,999,0.000,0
9,21,2014,8,0,,11.020,10.910,99.000,89238.930,573.080,1355.052,289.788,82.080,0.000,82.080,9849.600,0.000,9028.800,61.860,999,0.340,8.000,99,9999,99999,9,999999999,0.000,0.999,0,0,999,0.000,0
9,21,2014,9,0,,13.270,10.510,83.000,89238.930,844.184,1355.052,297.540,158.900,2.439,157.381,19068.000,231.692,17311.944,80.449,999,0.340,8.000,99,9999,99999,9,999999999,0.000,0.999,0,0,999,0.000,0
9,21,2014,10,0,,14.760,10.240,74.000,89238.930,1057.516,1355.052,302.771,361.570,35.955,333.515,43388.400,3415.748,36686.642,136.056,999,0.340,8.000,99,9999,99999,9,999999999,0.000,0.999,0,0,999,0.000,0
9,21,2014,11,0,,17.160,9.800,61.000,89238.930,1198.428,1355.052,310.850,714.470,303.120,446.408,85736.400,28796.435,49104.864,160.680,999,0.520,4.000,99,9999,99999,9,999999999,0.000,0.999,0,0,999,0.000,0
9,21,2014,12,0,,19.430,9.370,52.000,89238.930,1257.284,1355.052,319.548,940.570,622.944,362.600,112868.400,59179.636,39885.956,124.400,999,0.730,0.000,99,9999,99999,9,999999999,0.000,0.999,0,0,999,0.000,0
9,21,2014,13,0,,20.920,9.080,46.000,89238.930,1230.071,1355.052,324.459,928.810,697.414,295.761,111457.200,66254.326,32533.656,103.715,999,1.600,0.000,99,9999,99999,9,999999999,0.000,0.999,0,0,999,0.000,0
9,21,2014,14,0,,21.370,8.990,45.000,89238.930,1118.657,1355.052,326.643,699.470,424.197,349.324,83936.400,40298.706,38425.658,134.709,999,1.440,5.000,99,9999,99999,9,999999999,0.000,0.999,0,0,999,0.000,0
9,21,2014,15,0,,21.340,8.990,45.000,89238.930,930.672,1355.052,326.429,547.980,340.787,313.999,65757.600,32374.758,34539.881,145.573,999,1.390,6.000,99,9999,99999,9,999999999,0.000,0.999,0,0,999,0.000,0
9,21,2014,16,0,,20.790,9.100,47.000,89238.930,679.012,1355.052,324.532,398.640,343.923,226.452,47836.800,32672.663,24909.702,143.974,999,1.430,7.000,99,9999,99999,9,999999999,0.000,0.999,0,0,999,0.000,0
9,21,2014,17,0,,20.010,9.250,49.000,89238.930,381.131,1355.052,320.924,289.910,573.916,129.027,34789.200,54522.024,14192.999,146.511,999,0.630,6.000,99,9999,99999,9,999999999,0.000,0.999,0,0,999,0.000,0
9,21,2014,18,0,,18.710,9.500,55.000,89238.930,61.205,1355.052,317.031,61.600,0.000,61.600,7392.000,0.000,6776.000,482.751,999,0.360,8.000,99,9999,99999,9,999999999,0.000,0.999,0,0,999,0.000,0
9,21,2014,19,0,,18.090,9.620,57.000,89238.930,0.000,1355.052,314.298,0.000,0.000,0.000,0.000,0.000,0.000,-0.000,999,0.340,8.000,99,9999,99999,9,999999999,0.000,0.999,0,0,999,0.000,0
9,21,2014,20,0,,17.470,9.740,60.000,89238.930,0.000,1355.052,312.270,0.000,0.000,0.000,0.000,0.000,0.000,-0.000,999,0.340,8.000,99,9999,99999,9,999999999,0.000,0.999,0,0,999,0.000,0
9,21,2014,21,0,,16.860,9.850,63.000,89238.930,0.000,1355.052,310.199,0.000,0.000,0.000,0.000,0.000,0.000,-0.000,999,0.340,8.000,99,9999,99999,9,999999999,0.000,0.999,0,0,999,0.000,0
9,21,2014,22,0,,16.240,9.970,71.000,89238.930,0.000,1355.052,311.190,0.000,0.000,0.000,0.000,0.000,0.000,-0.000,999,0.340,8.000,99,9999,99999,9,999999999,0.020,0.999,0,0,999,0.020,99
9,21,2014,23,0,,15.620,10.080,74.000,89238.930,0.000,1355.052,308.703,0.000,0.000,0.000,0.000,0.000,0.000,-0.000,999,0.340,8.000,99,9999,99999,9,999999999,0.980,0.999,0,0,999,0.980,99
9,21,2014,24,0,,15.010,12.460,84.000,89238.930,0.000,1355.052,310.050,0.000,0.000,0.000,0.000,0.000,0.000,-0.000,999,0.210,8.000,99,9999,99999,9,999999999,0.000,0.999,0,0,999,0.000,0
9,22,2014,1,0,,14.700,12.490,86.000,89238.930,0.000,1355.052,308.922,0.000,0.000,0.000,0.000,0.000,0.000,-0.000,999,0.210,8.000,99,9999,99999,9,999999999,0.000,0.999,0,0,999,0.000,0
9,22,2014,2,0,,14.390,12.530,88.000,89238.930,0.000,1355.052,307.771,0.000,0.000,0.000,0.000,0.000,0.000,-0.000,999,0.210,8.000,99,9999,99999,9,999999999,0.000,0.999,0,0,999,0.000,0
9,22,2014,3,0,,14.080,12.570,90.000,89238.930,0.000,1355.052,306.598,0.000,0.000,0.000,0.000,0.000,0.000,-0.000,999,0.210,8.000,99,9999,99999,9,999999999,0.000,0.999,0,0,999,0.000,0
9,22,2014,4,0,,13.770,12.600,92.000,89238.930,0.000,1355.824,305.404,0.000,0.000,0.000,0.000,0.000,0.000,-0.000,999,0.210,8.000,99,9999,99999,9,999999999,0.000,0.999,0,0,999,0.000,0
9,22,2014,5,0,,13.460,12.640,94.000,89238.930,0.000,1355.824,304.191,0.000,0.000,0.000,0.000,0.000,0.000,-0.000,999,0.210,8.000,99,9999,99999,9,999999999,0.000,0.999,0,0,999,0.000,0
9,22,2014,6,0,,13.220,12.660,96.000,89238.930,0.000,1355.824,303.444,0.000,0.000,0.000,0.000,0.000,0.000,-0.000,999,0.210,8.000,99,9999,99999,9,999999999,0.000,0.999,0,0,999,0.000,0
9,22,2014,7,0,,13.020,12.690,97.000,89238.930,268.604,1355.824,302.510,14.430,0.000,14.430,1731.600,0.000,1587.300,23.346,999,0.210,8.000,99,9999,99999,9,999999999,0.000,0.999,0,0,999,0.000,0
9,22,2014,8,0,,12.820,12.710,99.000,89238.930,578.470,1355.824,302.011,141.190,2.986,139.918,16942.800,283.624,15390.967,104.524,999,0.210,8.000,99,9999,99999,9,999999999,0.000,0.999,0,0,999,0.000,0
9,22,2014,9,0,,16.750,12.260,74.000,89238.930,849.460,1355.824,316.633,342.500,73.729,296.328,41100.000,7004.274,32596.041,150.619,999,0.210,7.000,99,9999,99999,9,999999999,0.000,0.999,0,0,999,0.000,0
9,22,2014,10,0,,16.340,12.310,77.000,89238.930,1062.539,1355.824,315.524,166.570,2.406,164.684,19988.400,228.611,18115.291,66.902,999,0.210,8.000,99,9999,99999,9,999999999,0.000,0.999,0,0,999,0.000,0
9,22,2014,11,0,,17.040,12.230,73.000,89238.930,1203.078,1355.824,318.074,387.490,48.968,344.042,46498.800,4651.938,37844.658,123.426,999,0.490,8.000,99,9999,99999,9,999999999,0.000,0.999,0,0,999,0.000,0
9,22,2014,12,0,,18.860,12.010,64.000,89238.930,1261.470,1355.824,325.047,819.900,344.225,499.645,98388.000,32701.377,54960.929,170.946,999,1.350,3.000,99,9999,99999,9,999999999,0.000,0.999,0,0,999,0.000,0
9,22,2014,13,0,,19.150,11.980,63.000,89238.930,1233.731,1355.824,326.404,477.090,54.955,427.087,57250.800,5220.695,46979.577,149.409,999,1.950,8.000,99,9999,99999,9,999999999,0.000,0.999,0,0,999,0.000,0
9,22,2014,14,0,,20.250,11.850,58.000,89238.930,1121.768,1355.824,330.488,862.430,712.000,273.423,103491.600,67639.966,30076.482,105.207,999,1.700,0.000,99,9999,99999,9,999999999,0.000,0.999,0,0,999,0.000,0
9,22,2014,15,0,,20.620,11.810,56.000,89238.930,933.247,1355.824,331.519,637.850,564.842,249.182,76542.000,53660.020,27410.013,115.270,999,1.820,4.000,99,9999,99999,9,999999999,0.000,0.999,0,0,999,0.000,0
9,22,2014,16,0,,20.070,11.870,59.000,89238.930,681.101,1355.824,329.987,300.980,115.727,242.895,36117.600,10994.055,26718.420,154.041,999,1.450,8.000,99,9999,99999,9,999999999,0.000,0.999,0,0,999,0.000,0
9,22,2014,17,0,,19.630,11.920,61.000,89238.930,382.816,1355.824,328.365,300.170,519.622,153.942,36020.400,49364.109,16933.672,174.127,999,1.070,5.000,99,9999,99999,9,999999999,0.000,0.999,0,0,999,0.000,0
9,22,2014,18,0,,18.660,12.040,65.000,89238.930,62.530,1355.824,324.328,59.200,0.000,59.200,7104.000,0.000,6512.000,452.696,999,0.400,8.000,99,9999,99999,9,999999999,0.000,0.999,0,0,999,0.000,0
9,22,2014,19,0,,17.720,12.150,69.000,89238.930,0.000,1355.824,320.347,0.000,0.000,0.000,0.000,0.000,0.000,-0.000,999,0.210,8.000,99,9999,99999,9,999999999,0.000,0.999,0,0,999,0.000,0
9,22,2014,20,0,,16.780,12.260,74.000,89238.930,0.000,1355.824,316.846,0.000,0.000,0.000,0.000,0.000,0.000,-0.000,999,0.210,8.000,99,9999,99999,9,999999999,0.000,0.999,0,0,999,0.000,0
9,22,2014,21,0,,15.830,12.370,79.000,89238.930,0.000,1355.824,313.076,0.000,0.000,0.000,0.000,0.000,0.000,-0.000,999,0.210,7.000,99,9999,99999,9,999999999,0.000,0.999,0,0,999,0.000,0
9,22,2014,22,0,,14.890,12.470,85.000,89238.930,0.000,1355.824,309.734,0.000,0.000,0.000,0.000,0.000,0.000,-0.000,999,0.210,7.000,99,9999,99999,9,999999999,0.000,0.999,0,0,999,0.000,0
9,22,2014,23,0,,13.940,12.580,91.000,89238.930,0.000,1355.824,306.108,0.000,0.000,0.000,0.000,0.000,0.000,-0.000,999,0.210,7.000,99,9999,99999,9,999999999,0.000,0.999,0,0,999,0.000,0
9,22,2014,24,0,,13.000,8.950,76.000,89238.930,0.000,1355.824,292.015,0.000,0.000,0.000,0.000,0.000,0.000,-0.000,999,0.180,7.000,99,9999,99999,9,999999999,0.000,0.999,0,0,999,0.000,0
9,23,2014,1,0,,12.530,8.910,78.000,89238.930,0.000,1355.824,289.969,0.000,0.000,0.000,0.000,0.000,0.000,-0.000,999,0.180,6.000,99,9999,99999,9,999999999,0.000,0.999,0,0,999,0.000,0
9,23,2014,2,0,,12.060,8.880,80.000,89238.930,0.000,1355.824,287.904,0.000,0.000,0.000,0.000,0.000,0.000,-0.000,999,0.180,6.000,99,9999,99999,9,999999999,0.000,0.999,0,0,999,0.000,0
9,23,2014,3,0,,11.580,8.840,83.000,89238.930,0.000,1355.824,286.249,0.000,0.000,0.000,0.000,0.000,0.000,-0.000,999,0.180,6.000,99,9999,99999,9,999999999,0.000,0.999,0,0,999,0.000,0
9,23,2014,4,0,,11.110,8.800,85.000,89238.930,0.000,1356.600,284.133,0.000,0.000,0.000,0.000,0.000,0.000,-0.000,999,0.180,6.000,99,9999,99999,9,999999999,0.000,0.999,0,0,999,0.000,0
9,23,2014,5,0,,10.640,8.760,88.000,89238.930,0.000,1356.600,282.464,0.000,0.000,0.000,0.000,0.000,0.000,-0.000,999,0.180,6.000,99,9999,99999,9,999999999,0.000,0.999,0,0,999,0.000,0
9,23,2014,6,0,,10.280,8.730,90.000,89238.930,0.000,1356.600,281.023,0.000,0.000,0.000,0.000,0.000,0.000,-0.000,999,0.180,5.000,99,9999,99999,9,999999999,0.000,0.999,0,0,999,0.000,0
9,23,2014,7,0,,9.960,8.710,91.000,89238.930,273.932,1356.600,279.387,22.920,0.000,22.920,2750.400,0.000,2521.200,36.372,999,0.180,5.000,99,9999,99999,9,999999999,0.000,0.999,0,0,999,0.000,0
9,23,2014,8,0,,9.650,8.680,93.000,89238.930,583.835,1356.600,278.247,234.850,109.035,187.985,28182.000,10358.361,20678.357,139.217,999,0.180,5.000,99,9999,99999,9,999999999,0.000,0.999,0,0,999,0.000,0
9,23,2014,9,0,,16.110,9.200,63.000,89238.930,854.698,1356.600,305.029,425.980,188.529,307.254,51117.600,17910.255,33797.946,155.303,999,0.180,5.000,99,9999,99999,9,999999999,0.000,0.999,0,0,999,0.000,0
9,23,2014,10,0,,18.020,9.350,56.000,89238.930,1067.515,1356.600,313.017,624.880,295.460,392.423,74985.600,28068.678,43166.553,158.767,999,0.330,3.000,99,9999,99999,9,999999999,0.000,0.999,0,0,999,0.000,0
9,23,2014,11,0,,19.650,9.480,51.000,89238.930,1207.678,1356.600,320.213,761.960,367.930,434.445,91435.200,34953.362,47788.949,155.353,999,1.300,3.000,99,9999,99999,9,999999999,0.000,0.999,0,0,999,0.000,0
9,23,2014,12,0,,20.670,9.560,48.000,89238.930,1265.604,1356.600,324.654,772.270,289.091,502.582,92672.400,27463.662,55284.005,171.486,999,1.940,4.000,99,9999,99999,9,999999999,0.000,0.999,0,0,999,0.000,0
9,23,2014,13,0,,21.530,9.620,46.000,89238.930,1237.343,1356.600,328.817,829.990,386.654,477.347,99598.800,36732.149,52508.151,166.599,999,1.590,3.000,99,9999,99999,9,999999999,0.000,0.999,0,0,999,0.000,0
9,23,2014,14,0,,22.000,9.660,45.000,89238.930,1124.838,1356.600,331.165,775.460,493.927,365.970,93055.200,46923.060,40256.742,140.513,999,0.990,3.000,99,9999,99999,9,999999999,0.000,0.999,0,0,999,0.000,0
9,23,2014,15,0,,22.120,9.670,45.000,89238.930,935.791,1356.600,332.031,681.110,683.096,210.058,81733.200,64894.151,23106.408,96.962,999,1.800,3.000,99,9999,99999,9,999999999,0.000,0.999,0,0,999,0.000,0
9,23,2014,16,0,,21.740,9.640,46.000,89238.930,683.172,1356.600,330.328,535.700,804.916,130.700,64284.000,76466.983,14377.019,82.684,999,1.200,3.000,99,9999,99999,9,999999999,0.000,0.999,0,0,999,0.000,0
9,23,2014,17,0,,20.680,9.560,48.000,89238.930,384.497,1356.600,324.725,308.860,646.940,126.104,37063.200,61459.284,13871.418,142.092,999,1.210,5.000,99,9999,99999,9,999999999,0.000,0.999,0,0,999,0.000,0
9,23,2014,18,0,,19.170,9.440,53.000,89238.930,63.868,1356.600,318.584,92.820,0.000,92.820,11138.400,0.000,10210.200,692.865,999,0.390,7.000,99,9999,99999,9,999999999,0.000,0.999,0,0,999,0.000,0
9,23,2014,19,0,,18.190,9.360,56.000,89238.930,0.000,1356.600,314.202,0.000,0.000,0.000,0.000,0.000,0.000,-0.000,999,0.330,7.000,99,9999,99999,9,999999999,0.000,0.999,0,0,999,0.000,0
9,23,2014,20,0,,17.210,9.290,59.000,89238.930,0.000,1356.600,309.719,0.000,0.000,0.000,0.000,0.000,0.000,-0.000,999,0.180,7.000,99,9999,99999,9,999999999,0.000,0.999,0,0,999,0.000,0
9,23,2014,21,0,,16.230,9.210,63.000,89238.930,0.000,1356.600,305.852,0.000,0.000,0.000,0.000,0.000,0.000,-0.000,999,0.180,7.000,99,9999,99999,9,999999999,0.000,0.999,0,0,999,0.000,0
9,23,2014,22,0,,15.250,9.130,66.000,89238.930,0.000,1356.600,301.177,0.000,0.000,0.000,0.000,0.000,0.000,-0.000,999,0.180,7.000,99,9999,99999,9,999999999,0.000,0.999,0,0,999,0.000,0
9,23,2014,23,0,,14.280,9.050,70.000,89238.930,0.000,1356.600,297.130,0.000,0.000,0.000,0.000,0.000,0.000,-0.000,999,0.180,7.000,99,9999,99999,9,999999999,0.000,0.999,0,0,999,0.000,0
9,23,2014,24,0,,13.300,9.690,78.000,89238.930,0.000,1356.600,295.112,0.000,0.000,0.000,0.000,0.000,0.000,-0.000,999,0.070,7.000,99,9999,99999,9,999999999,0.000,0.999,0,0,999,0.000,0
9,24,2014,1,0,,12.810,9.700,81.000,89238.930,0.000,1356.600,293.409,0.000,0.000,0.000,0.000,0.000,0.000,-0.000,999,0.070,6.000,99,9999,99999,9,999999999,0.000,0.999,0,0,999,0.000,0
9,24,2014,2,0,,12.320,9.700,84.000,89238.930,0.000,1356.600,291.650,0.000,0.000,0.000,0.000,0.000,0.000,-0.000,999,0.070,6.000,99,9999,99999,9,999999999,0.000,0.999,0,0,999,0.000,0
9,24,2014,3,0,,11.830,9.710,86.000,89238.930,0.000,1356.600,289.362,0.000,0.000,0.000,0.000,0.000,0.000,-0.000,999,0.070,6.000,99,9999,99999,9,999999999,0.000,0.999,0,0,999,0.000,0
9,24,2014,4,0,,11.340,9.710,89.000,89238.930,0.000,1357.379,287.525,0.000,0.000,0.000,0.000,0.000,0.000,-0.000,999,0.070,6.000,99,9999,99999,9,999999999,0.000,0.999,0,0,999,0.000,0
9,24,2014,5,0,,10.850,9.710,92.000,89238.930,0.000,1357.379,285.646,0.000,0.000,0.000,0.000,0.000,0.000,-0.000,999,0.070,6.000,99,9999,99999,9,999999999,0.000,0.999,0,0,999,0.000,0
9,24,2014,6,0,,10.470,9.720,95.000,89238.930,0.000,1357.379,284.449,0.000,0.000,0.000,0.000,0.000,0.000,-0.000,999,0.120,6.000,99,9999,99999,9,999999999,0.000,0.999,0,0,999,0.000,0
9,24,2014,7,0,,10.150,9.720,97.000,89238.930,279.245,1357.379,283.192,34.070,0.000,34.070,4088.400,0.000,3747.700,53.055,999,0.120,6.000,99,9999,99999,9,999999999,0.000,0.999,0,0,999,0.000,0
9,24,2014,8,0,,9.830,9.720,99.000,89238.930,589.170,1357.379,281.919,235.440,105.455,189.725,28252.800,10018.228,20869.729,139.310,999,0.200,6.000,99,9999,99999,9,999999999,0.000,0.999,0,0,999,0.000,0
9,24,2014,9,0,,16.540,9.660,63.000,89238.930,859.896,1357.379,307.985,459.000,196.440,334.610,55080.000,18661.771,36807.151,168.204,999,0.370,3.000,99,9999,99999,9,999999999,0.000,0.999,0,0,999,0.000,0
9,24,2014,10,0,,18.270,9.650,57.000,89238.930,1072.443,1357.379,315.558,615.840,267.537,404.501,73900.800,25416.034,44495.065,162.995,999,0.460,4.000,99,9999,99999,9,999999999,0.000,0.999,0,0,999,0.000,0
9,24,2014,11,0,,19.380,9.640,53.000,89238.930,1212.224,1357.379,320.065,667.240,203.483,485.530,80068.800,19330.906,53408.336,173.068,999,1.310,5.000,99,9999,99999,9,999999999,0.000,0.999,0,0,999,0.000,0
9,24,2014,12,0,,20.640,9.630,49.000,89238.930,1269.685,1357.379,325.397,820.020,492.558,359.304,98402.400,46792.964,39523.423,122.274,999,1.740,3.000,99,9999,99999,9,999999999,0.000,0.999,0,0,999,0.000,0
9,24,2014,13,0,,21.210,9.620,47.000,89238.930,1240.906,1357.379,327.530,737.660,261.179,498.906,88519.200,24812.013,54879.632,173.722,999,1.820,5.000,99,9999,99999,9,999999999,0.000,0.999,0,0,999,0.000,0
9,24,2014,14,0,,21.580,9.620,46.000,89238.930,1127.866,1357.379,329.177,722.390,403.774,386.932,86686.800,38358.557,42562.559,148.247,999,1.750,4.000,99,9999,99999,9,999999999,0.000,0.999,0,0,999,0.000,0
9,24,2014,15,0,,21.520,9.620,46.000,89238.930,938.304,1357.379,328.746,593.760,462.432,274.201,71251.200,43931.021,30162.125,126.304,999,1.380,5.000,99,9999,99999,9,999999999,0.000,0.999,0,0,999,0.000,0
9,24,2014,16,0,,20.910,9.630,48.000,89238.930,685.226,1357.379,326.366,439.750,549.229,162.728,52770.000,52176.787,17900.047,102.695,999,1.270,6.000,99,9999,99999,9,999999999,0.000,0.999,0,0,999,0.000,0
9,24,2014,17,0,,19.840,9.640,51.000,89238.930,386.176,1357.379,321.557,261.350,554.750,104.039,31362.000,52701.233,11444.268,116.784,999,0.810,7.000,99,9999,99999,9,999999999,0.000,0.999,0,0,999,0.000,0
9,24,2014,18,0,,18.440,9.650,56.000,89238.930,65.219,1357.379,315.951,86.890,0.000,86.890,10426.800,0.000,9557.900,633.382,999,0.430,8.000,99,9999,99999,9,999999999,0.000,0.999,0,0,999,0.000,0
9,24,2014,19,0,,18.150,9.650,57.000,89238.930,0.000,1357.379,314.718,0.000,0.000,0.000,0.000,0.000,0.000,-0.000,999,0.350,8.000,99,9999,99999,9,999999999,0.000,0.999,0,0,999,0.000,0
9,24,2014,20,0,,17.850,9.650,58.000,89238.930,0.000,1357.379,313.403,0.000,0.000,0.000,0.000,0.000,0.000,-0.000,999,0.280,8.000,99,9999,99999,9,999999999,0.000,0.999,0,0,999,0.000,0
9,24,2014,21,0,,17.560,9.660,59.000,89238.930,0.000,1357.379,312.147,0.000,0.000,0.000,0.000,0.000,0.000,-0.000,999,0.320,8.000,99,9999,99999,9,999999999,0.000,0.999,0,0,999,0.000,0
9,24,2014,22,0,,17.260,9.660,60.000,89238.930,0.000,1357.379,310.810,0.000,0.000,0.000,0.000,0.000,0.000,-0.000,999,0.320,8.000,99,9999,99999,9,999999999,0.000,0.999,0,0,999,0.000,0
9,24,2014,23,0,,16.970,9.660,62.000,89238.930,0.000,1357.379,310.253,0.000,0.000,0.000,0.000,0.000,0.000,-0.000,999,0.110,8.000,99,9999,99999,9,999999999,0.000,0.999,0,0,999,0.000,0
9,24,2014,24,0,,16.670,15.360,92.000,89238.930,0.000,1357.379,326.052,0.000,0.000,0.000,0.000,0.000,0.000,-0.000,999,2.940,8.000,99,9999,99999,9,999999999,0.300,0.999,0,0,999,0.300,99
9,25,2014,1,0,,16.520,15.410,93.000,89238.930,0.000,1357.379,325.460,0.000,0.000,0.000,0.000,0.000,0.000,-0.000,999,2.650,8.000,99,9999,99999,9,999999999,0.110,0.999,0,0,999,0.110,99
9,25,2014,2,0,,16.380,15.450,94.000,89238.930,0.000,1357.379,324.937,0.000,0.000,0.000,0.000,0.000,0.000,-0.000,999,2.920,8.000,99,9999,99999,9,999999999,0.030,0.999,0,0,999,0.030,99
9,25,2014,3,0,,16.230,15.500,95.000,89238.930,0.000,1357.379,324.335,0.000,0.000,0.000,0.000,0.000,0.000,-0.000,999,2.020,8.000,99,9999,99999,9,999999999,0.020,0.999,0,0,999,0.020,99
9,25,2014,4,0,,16.080,15.540,92.000,89238.930,0.000,1358.162,321.767,0.000,0.000,0.000,0.000,0.000,0.000,-0.000,999,2.080,8.000,99,9999,99999,9,999999999,0.000,0.999,0,0,999,0.000,0
9,25,2014,5,0,,15.950,15.580,93.000,89238.930,0.000,1358.162,321.324,0.000,0.000,0.000,0.000,0.000,0.000,-0.000,999,2.610,8.000,99,9999,99999,9,999999999,0.000,0.999,0,0,999,0.000,0
9,25,2014,6,0,,15.850,15.620,98.000,89238.930,0.000,1358.162,323.010,0.000,0.000,0.000,0.000,0.000,0.000,-0.000,999,3.870,8.000,99,9999,99999,9,999999999,0.010,0.999,0,0,999,0.010,99
9,25,2014,7,0,,15.760,15.640,99.000,89238.930,284.540,1358.162,322.825,13.780,0.000,13.780,1653.600,0.000,1515.800,21.067,999,5.350,8.000,99,9999,99999,9,999999999,0.050,0.999,0,0,999,0.050,99
9,25,2014,8,0,,16.310,15.470,95.000,89238.930,594.473,1358.162,324.918,58.350,0.000,58.350,7002.000,0.000,6418.500,42.486,999,4.990,8.000,99,9999,99999,9,999999999,0.040,0.999,0,0,999,0.040,99
9,25,2014,9,0,,16.910,15.280,91.000,89238.930,865.051,1358.162,327.296,152.570,1.875,151.376,18308.400,178.155,16651.368,75.684,999,5.000,8.000,99,9999,99999,9,999999999,0.200,0.999,0,0,999,0.200,99
9,25,2014,10,0,,17.900,14.970,85.000,89238.930,1077.321,1358.162,331.359,335.070,13.044,324.725,40208.400,1239.188,35719.747,130.331,999,4.130,8.000,99,9999,99999,9,999999999,0.090,0.999,0,0,999,0.090,99
9,25,2014,11,0,,18.870,14.660,79.000,89238.930,1216.717,1358.162,335.047,454.530,5.765,449.366,54543.600,547.658,49430.252,159.678,999,3.150,8.000,99,9999,99999,9,999999999,0.010,0.999,0,0,999,0.010,99
9,25,2014,12,0,,19.660,14.400,75.000,89238.930,1273.711,1358.162,338.425,511.930,93.687,424.072,61431.600,8900.300,46647.882,143.942,999,3.240,8.000,99,9999,99999,9,999999999,0.060,0.999,0,0,999,0.060,99
9,25,2014,13,0,,19.950,14.300,73.000,89238.930,1244.419,1358.162,339.282,383.850,22.230,363.482,46062.000,2111.887,39983.075,126.282,999,4.250,8.000,99,9999,99999,9,999999999,0.070,0.999,0,0,999,0.070,99
9,25,2014,14,0,,20.240,14.200,72.000,89238.930,1130.852,1358.162,340.781,423.210,6.139,418.099,50785.200,583.198,45990.910,159.857,999,4.410,8.000,99,9999,99999,9,999999999,0.170,0.999,0,0,999,0.170,99
9,25,2014,15,0,,20.350,14.170,67.000,89238.930,940.787,1358.162,338.112,361.340,26.788,342.790,43360.800,2544.822,37706.941,157.571,999,2.940,8.000,99,9999,99999,9,999999999,0.000,0.999,0,0,999,0.000,0
9,25,2014,16,0,,20.280,14.190,72.000,89238.930,687.263,1358.162,341.081,271.390,79.458,231.217,32566.800,7548.484,25433.832,145.569,999,3.410,8.000,99,9999,99999,9,999999999,0.140,0.999,0,0,999,0.140,99
9,25,2014,17,0,,19.960,14.300,73.000,89238.930,387.853,1358.162,339.356,160.820,192.220,106.105,19298.400,18260.856,11671.600,118.654,999,2.740,8.000,99,9999,99999,9,999999999,0.250,0.999,0,0,999,0.250,99
9,25,2014,18,0,,19.440,14.470,76.000,89238.930,66.585,1358.162,337.424,44.290,0.000,44.290,5314.800,0.000,4871.900,315.388,999,1.440,8.000,99,9999,99999,9,999999999,0.480,0.999,0,0,999,0.480,99
9,25,2014,19,0,,18.850,14.660,84.000,89238.930,0.000,1358.162,337.848,0.000,0.000,0.000,0.000,0.000,0.000,-0.000,999,1.540,8.000,99,9999,99999,9,999999999,1.390,0.999,0,0,999,1.390,99
9,25,2014,20,0,,18.260,14.850,91.000,89238.930,0.000,1358.162,337.292,0.000,0.000,0.000,0.000,0.000,0.000,-0.000,999,2.190,8.000,99,9999,99999,9,999999999,14.730,0.999,0,0,999,14.730,99
9,25,2014,21,0,,17.680,15.040,86.000,89238.930,0.000,1358.162,330.292,0.000,0.000,0.000,0.000,0.000,0.000,-0.000,999,1.590,8.000,99,9999,99999,9,999999999,0.860,0.999,0,0,999,0.860,99
9,25,2014,22,0,,17.090,15.230,90.000,89238.930,0.000,1358.162,328.097,0.000,0.000,0.000,0.000,0.000,0.000,-0.000,999,1.860,8.000,99,9999,99999,9,999999999,0.620,0.999,0,0,999,0.620,99
9,25,2014,23,0,,16.500,15.410,94.000,89238.930,0.000,1358.162,325.812,0.000,0.000,0.000,0.000,0.000,0.000,-0.000,999,2.100,8.000,99,9999,99999,9,999999999,0.380,0.999,0,0,999,0.380,99
9,25,2014,24,0,,15.910,13.430,87.000,89238.930,0.000,1358.162,317.991,0.000,0.000,0.000,0.000,0.000,0.000,-0.000,999,0.200,8.000,99,9999,99999,9,999999999,0.040,0.999,0,0,999,0.040,99
9,26,2014,1,0,,15.620,13.520,89.000,89238.930,0.000,1358.162,316.951,0.000,0.000,0.000,0.000,0.000,0.000,-0.000,999,0.220,8.000,99,9999,99999,9,999999999,0.020,0.999,0,0,999,0.020,99
9,26,2014,2,0,,15.330,13.610,86.000,89238.930,0.000,1358.162,313.348,0.000,0.000,0.000,0.000,0.000,0.000,-0.000,999,0.380,8.000,99,9999,99999,9,999999999,0.000,0.999,0,0,999,0.000,0
9,26,2014,3,0,,15.030,13.700,89.000,89238.930,0.000,1358.162,312.763,0.000,0.000,0.000,0.000,0.000,0.000,-0.000,999,0.350,8.000,99,9999,99999,9,999999999,0.000,0.999,0,0,999,0.000,0
9,26,2014,4,0,,14.740,13.790,91.000,89238.930,0.000,1358.948,311.708,0.000,0.000,0.000,0.000,0.000,0.000,-0.000,999,0.460,8.000,99,9999,99999,9,999999999,0.000,0.999,0,0,999,0.000,0
9,26,2014,5,0,,14.480,13.870,93.000,89238.930,0.000,1358.948,310.843,0.000,0.000,0.000,0.000,0.000,0.000,-0.000,999,0.280,8.000,99,9999,99999,9,999999999,0.000,0.999,0,0,999,0.000,0
9,26,2014,6,0,,14.290,13.920,99.000,89238.930,0.000,1358.948,312.285,0.000,0.000,0.000,0.000,0.000,0.000,-0.000,999,0.210,8.000,99,9999,99999,9,999999999,0.110,0.999,0,0,999,0.110,99
9,26,2014,7,0,,14.090,13.980,96.000,89238.930,289.815,1358.948,309.508,23.340,0.000,23.340,2800.800,0.000,2567.400,35.045,999,0.200,8.000,99,9999,99999,9,999999999,0.000,0.999,0,0,999,0.000,0
9,26,2014,8,0,,16.240,13.330,80.000,89238.930,599.741,1358.948,316.541,194.440,28.495,181.880,23332.800,2707.015,20006.755,131.340,999,0.180,7.000,99,9999,99999,9,999999999,0.000,0.999,0,0,999,0.000,0
9,26,2014,9,0,,17.990,12.780,69.000,89238.930,870.160,1358.948,322.277,374.170,89.604,316.819,44900.400,8512.358,34850.119,157.561,999,0.480,6.000,99,9999,99999,9,999999999,0.000,0.999,0,0,999,0.000,0
9,26,2014,10,0,,19.610,12.260,61.000,89238.930,1082.145,1358.948,328.220,526.680,145.296,410.999,63201.600,13803.146,45209.848,164.317,999,0.370,6.000,99,9999,99999,9,999999999,0.000,0.999,0,0,999,0.000,0
9,26,2014,11,0,,21.030,11.780,54.000,89238.930,1221.153,1358.948,332.778,638.390,243.850,419.282,76606.800,23165.718,46120.984,148.532,999,0.610,6.000,99,9999,99999,9,999999999,0.000,0.999,0,0,999,0.000,0
9,26,2014,12,0,,22.180,11.390,50.000,89238.930,1277.683,1358.948,337.507,700.780,140.209,568.961,84093.600,13319.843,62585.680,192.632,999,1.230,6.000,99,9999,99999,9,999999999,0.000,0.999,0,0,999,0.000,0
9,26,2014,13,0,,23.020,11.090,51.000,89238.930,1247.881,1358.948,344.696,709.320,265.732,465.319,85118.400,25244.561,51185.135,161.308,999,1.290,6.000,99,9999,99999,9,999999999,0.060,0.999,0,0,999,0.060,99
9,26,2014,14,0,,23.540,10.910,49.000,89238.930,1133.796,1358.948,346.612,663.380,276.262,432.919,79605.600,26244.912,47621.073,165.189,999,1.880,6.000,99,9999,99999,9,999999999,0.230,0.999,0,0,999,0.230,99
9,26,2014,15,0,,23.730,10.840,44.000,89238.930,943.239,1358.948,342.727,566.320,361.942,315.177,67958.400,34384.503,34669.492,144.585,999,1.710,6.000,99,9999,99999,9,999999999,0.000,0.999,0,0,999,0.000,0
9,26,2014,16,0,,23.520,10.920,44.000,89238.930,689.283,1358.948,341.175,425.390,473.711,185.318,51046.800,45002.550,20385.013,116.397,999,1.280,6.000,99,9999,99999,9,999999999,0.000,0.999,0,0,999,0.000,0
9,26,2014,17,0,,22.820,11.160,52.000,89238.930,389.529,1358.948,344.158,252.260,455.542,122.104,30271.200,43276.465,13431.392,136.032,999,1.120,7.000,99,9999,99999,9,999999999,0.010,0.999,0,0,999,0.010,99
9,26,2014,18,0,,21.730,11.540,61.000,89238.930,67.967,1358.948,343.844,69.840,0.000,69.840,8380.800,0.000,7682.400,485.994,999,0.500,8.000,99,9999,99999,9,999999999,4.510,0.999,0,0,999,4.510,99
9,26,2014,19,0,,20.500,11.960,57.000,89238.930,0.000,1358.948,331.484,0.000,0.000,0.000,0.000,0.000,0.000,-0.000,999,0.670,8.000,99,9999,99999,9,999999999,0.000,0.999,0,0,999,0.000,0
9,26,2014,20,0,,19.280,12.370,63.000,89238.930,0.000,1358.948,327.343,0.000,0.000,0.000,0.000,0.000,0.000,-0.000,999,0.420,8.000,99,9999,99999,9,999999999,0.000,0.999,0,0,999,0.000,0
9,26,2014,21,0,,18.050,12.760,69.000,89238.930,0.000,1358.948,322.708,0.000,0.000,0.000,0.000,0.000,0.000,-0.000,999,0.180,8.000,99,9999,99999,9,999999999,0.000,0.999,0,0,999,0.000,0
9,26,2014,22,0,,16.820,13.150,76.000,89238.930,0.000,1358.948,318.340,0.000,0.000,0.000,0.000,0.000,0.000,-0.000,999,0.180,8.000,99,9999,99999,9,999999999,0.000,0.999,0,0,999,0.000,0
9,26,2014,23,0,,15.600,13.530,84.000,89238.930,0.000,1358.948,314.202,0.000,0.000,0.000,0.000,0.000,0.000,-0.000,999,0.180,8.000,99,9999,99999,9,999999999,0.000,0.999,0,0,999,0.000,0
9,26,2014,24,0,,14.370,8.730,68.000,89238.930,0.000,1358.948,296.506,0.000,0.000,0.000,0.000,0.000,0.000,-0.000,999,0.230,8.000,99,9999,99999,9,999999999,0.000,0.999,0,0,999,0.000,0
9,27,2014,1,0,,13.760,8.570,70.000,89238.930,0.000,1358.948,293.643,0.000,0.000,0.000,0.000,0.000,0.000,-0.000,999,0.230,8.000,99,9999,99999,9,999999999,0.000,0.999,0,0,999,0.000,0
9,27,2014,2,0,,13.150,8.410,72.000,89238.930,0.000,1358.948,290.761,0.000,0.000,0.000,0.000,0.000,0.000,-0.000,999,0.230,8.000,99,9999,99999,9,999999999,0.000,0.999,0,0,999,0.000,0
9,27,2014,3,0,,12.530,8.250,75.000,89238.930,0.000,1358.948,288.349,0.000,0.000,0.000,0.000,0.000,0.000,-0.000,999,0.230,8.000,99,9999,99999,9,999999999,0.000,0.999,0,0,999,0.000,0
9,27,2014,4,0,,11.920,8.090,77.000,89238.930,0.000,1359.737,285.418,0.000,0.000,0.000,0.000,0.000,0.000,-0.000,999,0.230,8.000,99,9999,99999,9,999999999,0.000,0.999,0,0,999,0.000,0
9,27,2014,5,0,,11.380,7.950,79.000,89238.930,0.000,1359.737,282.932,0.000,0.000,0.000,0.000,0.000,0.000,-0.000,999,0.230,8.000,99,9999,99999,9,999999999,0.000,0.999,0,0,999,0.000,0
9,27,2014,6,0,,10.970,7.840,81.000,89238.930,0.000,1359.737,281.274,0.000,0.000,0.000,0.000,0.000,0.000,-0.000,999,0.230,8.000,99,9999,99999,9,999999999,0.000,0.999,0,0,999,0.000,0
9,27,2014,7,0,,10.570,7.730,82.000,89238.930,295.067,1359.737,279.177,16.920,0.000,16.920,2030.400,0.000,1861.200,24.962,999,0.230,8.000,99,9999,99999,9,999999999,0.000,0.999,0,0,999,0.000,0
9,27,2014,8,0,,12.510,8.250,75.000,89238.930,604.972,1359.737,288.217,132.570,0.000,132.570,15908.400,0.000,14582.700,94.957,999,0.290,8.000,99,9999,99999,9,999999999,0.000,0.999,0,0,999,0.000,0
9,27,2014,9,0,,14.060,8.650,69.000,89238.930,875.221,1359.737,295.044,253.340,7.635,248.427,30400.800,725.343,27327.025,122.904,999,0.490,8.000,99,9999,99999,9,999999999,0.000,0.999,0,0,999,0.000,0
9,27,2014,10,0,,15.500,9.010,65.000,89238.930,1086.915,1359.737,302.219,355.730,7.178,349.993,42687.600,681.946,38499.216,139.393,999,0.680,8.000,99,9999,99999,9,999999999,0.000,0.999,0,0,999,0.000,0
9,27,2014,11,0,,16.750,9.320,61.000,89238.930,1225.531,1359.737,308.014,430.650,8.540,422.953,51678.000,811.311,46524.865,149.384,999,1.280,8.000,99,9999,99999,9,999999999,0.000,0.999,0,0,999,0.000,0
9,27,2014,12,0,,17.770,9.570,58.000,89238.930,1281.597,1359.737,312.845,472.390,14.972,458.279,56686.800,1422.359,50410.660,154.774,999,1.900,8.000,99,9999,99999,9,999999999,0.000,0.999,0,0,999,0.000,0
9,27,2014,13,0,,18.520,9.750,56.000,89238.930,1251.292,1359.737,316.512,477.920,17.336,461.967,57350.400,1646.944,50816.397,159.801,999,1.670,8.000,99,9999,99999,9,999999999,0.000,0.999,0,0,999,0.000,0
9,27,2014,14,0,,18.970,9.860,55.000,89238.930,1136.697,1359.737,318.861,446.840,13.639,435.439,53620.800,1295.733,47898.337,165.822,999,1.440,8.000,99,9999,99999,9,999999999,0.000,0.999,0,0,999,0.000,0
9,27,2014,15,0,,19.140,9.900,55.000,89238.930,945.660,1359.737,320.062,381.410,82.520,324.038,45769.200,7839.380,35644.149,148.355,999,1.140,8.000,99,9999,99999,9,999999999,0.000,0.999,0,0,999,0.000,0
9,27,2014,16,0,,18.950,9.850,55.000,89238.930,691.286,1359.737,318.720,286.520,94.374,238.581,34382.400,8965.544,26243.881,149.502,999,0.580,8.000,99,9999,99999,9,999999999,0.000,0.999,0,0,999,0.000,0
9,27,2014,17,0,,18.330,9.710,57.000,89238.930,391.204,1359.737,315.978,170.040,194.699,114.203,20404.800,18496.443,12562.292,126.755,999,0.530,8.000,99,9999,99999,9,999999999,0.000,0.999,0,0,999,0.000,0
9,27,2014,18,0,,17.350,9.470,59.000,89238.930,69.364,1359.737,310.688,47.330,0.000,47.330,5679.600,0.000,5206.300,321.946,999,0.630,8.000,99,9999,99999,9,999999999,0.000,0.999,0,0,999,0.000,0
9,27,2014,19,0,,16.550,9.270,62.000,89238.930,0.000,1359.737,307.351,0.000,0.000,0.000,0.000,0.000,0.000,-0.000,999,0.230,8.000,99,9999,99999,9,999999999,0.000,0.999,0,0,999,0.000,0
9,27,2014,20,0,,15.750,9.080,64.000,89238.930,0.000,1359.737,303.252,0.000,0.000,0.000,0.000,0.000,0.000,-0.000,999,0.230,8.000,99,9999,99999,9,999999999,0.000,0.999,0,0,999,0.000,0
9,27,2014,21,0,,14.950,8.870,66.000,89238.930,0.000,1359.737,299.144,0.000,0.000,0.000,0.000,0.000,0.000,-0.000,999,0.230,8.000,99,9999,99999,9,999999999,0.000,0.999,0,0,999,0.000,0
9,27,2014,22,0,,14.150,8.670,69.000,89238.930,0.000,1359.737,295.647,0.000,0.000,0.000,0.000,0.000,0.000,-0.000,999,0.230,8.000,99,9999,99999,9,999999999,0.000,0.999,0,0,999,0.000,0
9,27,2014,23,0,,13.350,8.470,72.000,89238.930,0.000,1359.737,292.090,0.000,0.000,0.000,0.000,0.000,0.000,-0.000,999,0.230,8.000,99,9999,99999,9,999999999,0.000,0.999,0,0,999,0.000,0
9,27,2014,24,0,,12.550,9.730,87.000,89238.930,0.000,1359.737,294.663,0.000,0.000,0.000,0.000,0.000,0.000,-0.000,999,0.570,8.000,99,9999,99999,9,999999999,0.060,0.999,0,0,999,0.060,99
9,28,2014,1,0,,12.150,9.770,90.000,89238.930,0.000,1359.737,293.394,0.000,0.000,0.000,0.000,0.000,0.000,-0.000,999,0.570,8.000,99,9999,99999,9,999999999,0.040,0.999,0,0,999,0.040,99
9,28,2014,2,0,,11.750,9.800,87.000,89238.930,0.000,1359.737,289.309,0.000,0.000,0.000,0.000,0.000,0.000,-0.000,999,0.570,8.000,99,9999,99999,9,999999999,0.000,0.999,0,0,999,0.000,0
9,28,2014,3,0,,11.350,9.840,90.000,89238.930,0.000,1359.737,288.051,0.000,0.000,0.000,0.000,0.000,0.000,-0.000,999,0.570,8.000,99,9999,99999,9,999999999,0.000,0.999,0,0,999,0.000,0
9,28,2014,4,0,,10.950,9.880,93.000,89238.930,0.000,1360.529,286.748,0.000,0.000,0.000,0.000,0.000,0.000,-0.000,999,0.570,8.000,99,9999,99999,9,999999999,0.000,0.999,0,0,999,0.000,0
9,28,2014,5,0,,10.590,9.910,95.000,89238.930,0.000,1360.529,285.240,0.000,0.000,0.000,0.000,0.000,0.000,-0.000,999,0.570,8.000,99,9999,99999,9,999999999,0.000,0.999,0,0,999,0.000,0
9,28,2014,6,0,,10.330,9.930,97.000,89238.930,0.000,1360.529,284.375,0.000,0.000,0.000,0.000,0.000,0.000,-0.000,999,0.570,8.000,99,9999,99999,9,999999999,0.000,0.999,0,0,999,0.000,0
9,28,2014,7,0,,10.060,9.960,99.000,89238.930,300.292,1360.529,283.427,15.350,0.000,15.350,1842.000,0.000,1688.500,22.261,999,0.570,8.000,99,9999,99999,9,999999999,0.000,0.999,0,0,999,0.000,0
9,28,2014,8,0,,11.570,9.820,88.000,89238.930,610.163,1360.529,288.585,113.500,0.000,113.500,13620.000,0.000,12485.000,80.651,999,0.570,8.000,99,9999,99999,9,999999999,0.000,0.999,0,0,999,0.000,0
9,28,2014,9,0,,12.740,9.710,81.000,89238.930,880.232,1360.529,292.940,215.430,4.123,212.764,25851.600,391.695,23403.988,104.721,999,0.570,8.000,99,9999,99999,9,999999999,0.000,0.999,0,0,999,0.000,0
9,28,2014,10,0,,13.830,9.610,75.000,89238.930,1091.627,1360.529,297.024,301.770,4.395,298.244,36212.400,417.509,32806.880,118.339,999,0.570,8.000,99,9999,99999,9,999999999,0.000,0.999,0,0,999,0.000,0
9,28,2014,11,0,,14.780,9.520,70.000,89238.930,1229.850,1360.529,300.513,364.870,7.196,358.365,43784.400,683.640,39420.196,126.200,999,0.570,8.000,99,9999,99999,9,999999999,0.000,0.999,0,0,999,0.000,0
9,28,2014,12,0,,15.550,9.450,66.000,89238.930,1285.454,1360.529,303.220,399.950,9.006,391.442,47994.000,855.535,43058.577,131.881,999,0.570,8.000,99,9999,99999,9,999999999,0.000,0.999,0,0,999,0.000,0
9,28,2014,13,0,,16.110,9.400,64.000,89238.930,1254.650,1360.529,305.716,404.440,9.941,395.273,48532.800,944.387,43480.049,136.444,999,0.570,8.000,99,9999,99999,9,999999999,0.000,0.999,0,0,999,0.000,0
9,28,2014,14,0,,16.460,9.370,62.000,89238.930,1139.555,1360.529,306.732,378.020,10.032,369.618,45362.400,953.087,40657.981,140.485,999,0.570,8.000,99,9999,99999,9,999999999,0.000,0.999,0,0,999,0.000,0
9,28,2014,15,0,,16.580,9.350,62.000,89238.930,948.051,1360.529,307.557,322.630,10.655,315.208,38715.600,1012.213,34672.849,144.032,999,0.570,8.000,99,9999,99999,9,999999999,0.000,0.999,0,0,999,0.000,0
9,28,2014,16,0,,16.440,9.370,62.000,89238.930,693.275,1360.529,306.594,242.390,10.845,236.869,29086.800,1030.240,26055.545,148.089,999,0.570,8.000,99,9999,99999,9,999999999,0.000,0.999,0,0,999,0.000,0
9,28,2014,17,0,,15.960,9.410,75.000,89238.930,392.879,1360.529,311.670,143.960,95.629,116.433,17275.200,9084.795,12807.582,128.751,999,0.570,8.000,99,9999,99999,9,999999999,4.510,0.999,0,0,999,4.510,99
9,28,2014,18,0,,15.220,9.480,68.000,89238.930,70.779,1360.529,302.260,40.280,0.000,40.280,4833.600,0.000,4430.800,267.905,999,0.570,8.000,99,9999,99999,9,999999999,0.000,0.999,0,0,999,0.000,0
9,28,2014,19,0,,14.910,9.510,75.000,89238.930,0.000,1360.529,304.382,0.000,0.000,0.000,0.000,0.000,0.000,-0.000,999,0.570,8.000,99,9999,99999,9,999999999,0.110,0.999,0,0,999,0.110,99
9,28,2014,20,0,,14.590,9.540,76.000,89238.930,0.000,1360.529,302.760,0.000,0.000,0.000,0.000,0.000,0.000,-0.000,999,0.570,8.000,99,9999,99999,9,999999999,0.010,0.999,0,0,999,0.010,99
9,28,2014,21,0,,14.280,9.570,73.000,89238.930,0.000,1360.529,298.917,0.000,0.000,0.000,0.000,0.000,0.000,-0.000,999,0.570,8.000,99,9999,99999,9,999999999,0.000,0.999,0,0,999,0.000,0
9,28,2014,22,0,,13.970,9.600,79.000,89238.930,0.000,1360.529,300.190,0.000,0.000,0.000,0.000,0.000,0.000,-0.000,999,0.570,8.000,99,9999,99999,9,999999999,0.020,0.999,0,0,999,0.020,99
9,28,2014,23,0,,13.650,9.630,81.000,89238.930,0.000,1360.529,299.081,0.000,0.000,0.000,0.000,0.000,0.000,-0.000,999,0.570,8.000,99,9999,99999,9,999999999,0.230,0.999,0,0,999,0.230,99
9,28,2014,24,0,,13.340,10.530,83.000,89238.930,0.000,1360.529,298.015,0.000,0.000,0.000,0.000,0.000,0.000,-0.000,999,0.340,8.000,99,9999,99999,9,999999999,0.000,0.999,0,0,999,0.000,0
9,29,2014,1,0,,13.180,10.580,84.000,89238.930,0.000,1360.529,297.439,0.000,0.000,0.000,0.000,0.000,0.000,-0.000,999,0.340,8.000,99,9999,99999,9,999999999,0.000,0.999,0,0,999,0.000,0
9,29,2014,2,0,,13.030,10.630,85.000,89238.930,0.000,1360.529,296.924,0.000,0.000,0.000,0.000,0.000,0.000,-0.000,999,0.340,8.000,99,9999,99999,9,999999999,0.000,0.999,0,0,999,0.000,0
9,29,2014,3,0,,12.870,10.680,86.000,89238.930,0.000,1360.529,296.337,0.000,0.000,0.000,0.000,0.000,0.000,-0.000,999,0.340,8.000,99,9999,99999,9,999999999,0.000,0.999,0,0,999,0.000,0
9,29,2014,4,0,,12.710,10.730,87.000,89238.930,0.000,1361.323,295.743,0.000,0.000,0.000,0.000,0.000,0.000,-0.000,999,0.340,8.000,99,9999,99999,9,999999999,0.000,0.999,0,0,999,0.000,0
9,29,2014,5,0,,12.570,10.770,88.000,89238.930,0.000,1361.323,295.280,0.000,0.000,0.000,0.000,0.000,0.000,-0.000,999,0.340,8.000,99,9999,99999,9,999999999,0.000,0.999,0,0,999,0.000,0
9,29,2014,6,0,,12.470,10.800,89.000,89238.930,0.000,1361.323,295.081,0.000,0.000,0.000,0.000,0.000,0.000,-0.000,999,0.340,8.000,99,9999,99999,9,999999999,0.000,0.999,0,0,999,0.000,0
9,29,2014,7,0,,12.370,10.830,90.000,89238.930,305.489,1361.323,294.876,25.620,0.000,25.620,3074.400,0.000,2818.200,36.537,999,0.340,8.000,99,9999,99999,9,999999999,0.000,0.999,0,0,999,0.000,0
9,29,2014,8,0,,13.880,10.360,79.000,89238.930,615.312,1361.323,299.577,179.400,16.252,172.063,21528.000,1543.929,18926.883,121.310,999,0.340,8.000,99,9999,99999,9,999999999,0.000,0.999,0,0,999,0.000,0
9,29,2014,9,0,,15.040,10.000,71.000,89238.930,885.190,1361.323,302.897,338.270,23.442,323.033,40592.400,2226.950,35533.674,158.196,999,0.340,7.000,99,9999,99999,9,999999999,0.000,0.999,0,0,999,0.000,0
9,29,2014,10,0,,16.120,9.650,65.000,89238.930,1096.281,1361.323,306.463,472.720,82.171,406.558,56726.400,7806.269,44721.335,160.724,999,0.340,7.000,99,9999,99999,9,999999999,0.000,0.999,0,0,999,0.000,0
9,29,2014,11,0,,17.060,9.340,60.000,89238.930,1234.107,1361.323,309.425,570.890,6.310,565.170,68506.800,599.476,62168.677,198.456,999,0.340,7.000,99,9999,99999,9,999999999,0.000,0.999,0,0,999,0.000,0
9,29,2014,12,0,,17.820,9.080,56.000,89238.930,1289.251,1361.323,311.627,625.320,7.353,618.357,75038.400,698.534,68019.218,207.839,999,0.690,7.000,99,9999,99999,9,999999999,0.000,0.999,0,0,999,0.000,0
9,29,2014,13,0,,18.370,8.890,53.000,89238.930,1257.956,1361.323,312.989,632.050,8.678,624.032,75846.000,824.374,68643.485,214.968,999,1.070,7.000,99,9999,99999,9,999999999,0.000,0.999,0,0,999,0.000,0
9,29,2014,14,0,,18.710,8.780,52.000,89238.930,1142.371,1361.323,314.500,590.600,164.546,452.537,70872.000,15631.833,49779.027,171.677,999,1.720,7.000,99,9999,99999,9,999999999,0.000,0.999,0,0,999,0.000,0
9,29,2014,15,0,,18.840,8.730,51.000,89238.930,950.413,1361.323,314.534,503.990,244.992,333.001,60478.800,23274.269,36630.068,151.872,999,1.890,7.000,99,9999,99999,9,999999999,0.000,0.999,0,0,999,0.000,0
9,29,2014,16,0,,18.690,8.780,52.000,89238.930,695.248,1361.323,314.361,378.700,300.324,225.447,45444.000,28530.760,24799.217,140.630,999,1.180,7.000,99,9999,99999,9,999999999,0.000,0.999,0,0,999,0.000,0
9,29,2014,17,0,,18.220,8.940,54.000,89238.930,394.556,1361.323,312.782,225.090,392.421,111.711,27010.800,37279.994,12288.197,123.074,999,0.940,8.000,99,9999,99999,9,999999999,0.000,0.999,0,0,999,0.000,0
9,29,2014,18,0,,17.480,9.200,58.000,89238.930,72.211,1361.323,310.830,63.320,0.000,63.320,7598.400,0.000,6965.200,411.900,999,0.340,8.000,99,9999,99999,9,999999999,0.000,0.999,0,0,999,0.000,0
9,29,2014,19,0,,16.900,9.390,61.000,89238.930,0.000,1361.323,309.049,0.000,0.000,0.000,0.000,0.000,0.000,-0.000,999,0.340,8.000,99,9999,99999,9,999999999,0.000,0.999,0,0,999,0.000,0
9,29,2014,20,0,,16.330,9.580,69.000,89238.930,0.000,1361.323,310.548,0.000,0.000,0.000,0.000,0.000,0.000,-0.000,999,0.340,8.000,99,9999,99999,9,999999999,0.020,0.999,0,0,999,0.020,99
9,29,2014,21,0,,15.750,9.770,67.000,89238.930,0.000,1361.323,305.243,0.000,0.000,0.000,0.000,0.000,0.000,-0.000,999,0.340,8.000,99,9999,99999,9,999999999,0.000,0.999,0,0,999,0.000,0
9,29,2014,22,0,,15.170,9.950,76.000,89238.930,0.000,1361.323,306.754,0.000,0.000,0.000,0.000,0.000,0.000,-0.000,999,0.340,8.000,99,9999,99999,9,999999999,0.980,0.999,0,0,999,0.980,99
9,29,2014,23,0,,14.590,10.140,74.000,89238.930,0.000,1361.323,301.609,0.000,0.000,0.000,0.000,0.000,0.000,-0.000,999,0.340,8.000,99,9999,99999,9,999999999,0.000,0.999,0,0,999,0.000,0
9,29,2014,24,0,,14.010,11.320,88.000,89238.930,0.000,1361.323,305.130,0.000,0.000,0.000,0.000,0.000,0.000,-0.000,999,0.390,8.000,99,9999,99999,9,999999999,0.010,0.999,0,0,999,0.010,99
9,30,2014,1,0,,13.720,11.450,96.000,89238.930,0.000,1361.323,306.917,0.000,0.000,0.000,0.000,0.000,0.000,-0.000,999,0.390,8.000,99,9999,99999,9,999999999,2.830,0.999,0,0,999,2.830,99
9,30,2014,2,0,,13.430,11.570,93.000,89238.930,0.000,1361.323,303.519,0.000,0.000,0.000,0.000,0.000,0.000,-0.000,999,0.390,8.000,99,9999,99999,9,999999999,0.020,0.999,0,0,999,0.020,99
9,30,2014,3,0,,13.140,11.700,90.000,89238.930,0.000,1361.323,300.111,0.000,0.000,0.000,0.000,0.000,0.000,-0.000,999,0.390,8.000,99,9999,99999,9,999999999,0.000,0.999,0,0,999,0.000,0
9,30,2014,4,0,,12.850,11.830,93.000,89238.930,0.000,1362.120,299.531,0.000,0.000,0.000,0.000,0.000,0.000,-0.000,999,0.390,8.000,99,9999,99999,9,999999999,0.000,0.999,0,0,999,0.000,0
9,30,2014,5,0,,12.590,11.940,95.000,89238.930,0.000,1362.120,298.663,0.000,0.000,0.000,0.000,0.000,0.000,-0.000,999,0.390,8.000,99,9999,99999,9,999999999,0.000,0.999,0,0,999,0.000,0
9,30,2014,6,0,,12.400,12.020,97.000,89238.930,0.000,1362.120,298.253,0.000,0.000,0.000,0.000,0.000,0.000,-0.000,999,0.390,8.000,99,9999,99999,9,999999999,0.000,0.999,0,0,999,0.000,0
9,30,2014,7,0,,12.210,12.100,99.000,89238.930,310.653,1362.120,297.825,18.300,0.000,18.300,2196.000,0.000,2013.000,25.674,999,0.390,8.000,99,9999,99999,9,999999999,0.000,0.999,0,0,999,0.000,0
9,30,2014,8,0,,13.220,11.670,90.000,89238.930,620.415,1362.120,300.659,121.690,0.000,121.690,14602.800,0.000,13385.900,85.138,999,0.390,8.000,99,9999,99999,9,999999999,0.000,0.999,0,0,999,0.000,0
9,30,2014,9,0,,13.990,11.320,83.000,89238.930,890.093,1362.120,302.453,227.990,16.241,217.381,27358.800,1542.888,23911.949,105.931,999,0.390,8.000,99,9999,99999,9,999999999,0.000,0.999,0,0,999,0.000,0
9,30,2014,10,0,,14.690,11.010,78.000,89238.930,1100.874,1362.120,304.574,317.870,11.778,308.352,38144.400,1118.956,33918.725,121.463,999,0.390,8.000,99,9999,99999,9,999999999,0.000,0.999,0,0,999,0.000,0
9,30,2014,11,0,,15.310,10.720,74.000,89238.930,1238.302,1362.120,306.555,383.430,8.979,375.268,46011.600,853.008,41279.444,131.403,999,0.390,8.000,99,9999,99999,9,999999999,0.000,0.999,0,0,999,0.000,0
9,30,2014,12,0,,15.800,10.490,70.000,89238.930,1292.989,1362.120,307.505,419.680,10.036,410.153,50361.600,953.441,45116.880,137.541,999,0.390,8.000,99,9999,99999,9,999999999,0.000,0.999,0,0,999,0.000,0
9,30,2014,13,0,,16.170,10.320,73.000,89238.930,1261.208,1362.120,311.937,424.010,11.223,413.619,50881.200,1066.183,45498.088,142.200,999,0.560,8.000,99,9999,99999,9,999999999,0.110,0.999,0,0,999,0.110,99
9,30,2014,14,0,,16.390,10.210,66.000,89238.930,1145.144,1362.120,308.998,396.100,8.461,388.987,47532.000,803.815,42788.622,147.297,999,0.840,8.000,99,9999,99999,9,999999999,0.000,0.999,0,0,999,0.000,0
9,30,2014,15,0,,16.470,10.180,66.000,89238.930,952.744,1362.120,309.553,337.970,12.536,329.204,40556.400,1190.901,36212.488,149.861,999,0.520,8.000,99,9999,99999,9,999999999,0.000,0.999,0,0,999,0.000,0
9,30,2014,16,0,,16.370,10.220,66.000,89238.930,697.207,1362.120,308.860,253.980,13.002,247.331,30477.600,1235.157,27206.359,153.936,999,0.570,8.000,99,9999,99999,9,999999999,0.000,0.999,0,0,999,0.000,0
9,30,2014,17,0,,16.060,10.370,68.000,89238.930,396.234,1362.120,308.029,151.070,102.245,121.420,18128.400,9713.233,13356.228,133.279,999,1.080,8.000,99,9999,99999,9,999999999,0.000,0.999,0,0,999,0.000,0
9,30,2014,18,0,,15.620,10.578,72.400,89238.930,73.662,1362.120,307.741,89.556,0.000,89.556,10746.720,0.000,9851.160,569.918,999,0.792,8.000,99,9999,99999,9,999999999,0.008,0.999,0,0,999,0.008,99
9,30,2014,19,0,,15.250,10.752,75.000,89238.930,0.000,1362.120,306.728,38.760,0.000,0.000,4651.200,0.000,0.000,-0.000,999,0.884,8.000,99,9999,99999,9,999999999,0.008,0.999,0,0,999,0.008,99
9,30,2014,20,0,,14.870,10.928,77.800,89238.930,0.000,1362.120,305.704,8.546,0.000,0.000,1025.520,0.000,0.000,-0.000,999,0.858,8.000,99,9999,99999,9,999999999,0.008,0.999,0,0,999,0.008,99
9,30,2014,21,0,,14.516,11.090,80.400,89238.930,0.000,1362.120,304.693,0.000,0.000,0.000,0.000,0.000,0.000,-0.000,999,0.900,8.000,99,9999,99999,9,999999999,0.008,0.999,0,0,999,0.008,99
9,30,2014,22,0,,14.136,11.004,82.400,89238.930,0.000,1362.120,303.143,0.000,0.000,0.000,0.000,0.000,0.000,-0.000,999,0.806,8.000,99,9999,99999,9,999999999,0.048,0.999,0,0,999,0.048,99
9,30,2014,23,0,,13.742,10.894,83.400,89238.930,0.000,1362.120,300.960,0.000,0.000,0.000,0.000,0.000,0.000,-0.000,999,0.576,8.000,99,9999,99999,9,999999999,0.220,0.999,0,0,999,0.220,99
9,30,2019,24,0,,13.332,10.760,85.400,89238.930,0.000,1362.120,299.177,0.000,0.000,0.000,0.000,0.000,0.000,-0.000,999,0.386,8.000,99,9999,99999,9,999999999,0.234,0.999,0,0,999,0.234,99
10,1,2019,1,0,,12.910,10.602,87.400,89238.930,0.000,1362.120,297.292,0.000,0.000,0.000,0.000,0.000,0.000,-0.000,999,0.212,8.000,99,9999,99999,9,999999999,0.236,0.999,0,0,999,0.236,99
10,1,2019,2,0,,12.472,10.420,89.400,89238.930,0.000,1362.120,295.284,0.000,0.000,0.000,0.000,0.000,0.000,-0.000,999,0.080,8.000,99,9999,99999,9,999999999,0.240,0.999,0,0,999,0.240,99
10,1,2019,3,0,,12.058,10.460,92.000,89238.930,0.000,1362.120,293.696,0.000,0.000,0.000,0.000,0.000,0.000,-0.000,999,0.080,8.000,99,9999,99999,9,999999999,0.254,0.999,0,0,999,0.254,99
10,1,2019,4,0,,11.672,10.498,94.400,89238.930,0.000,1362.919,292.178,0.000,0.000,0.000,0.000,0.000,0.000,-0.000,999,0.080,8.000,99,9999,99999,9,999999999,0.082,0.999,0,0,999,0.082,99
10,1,2019,5,0,,11.316,10.532,95.800,89238.930,0.000,1362.919,290.405,5.654,0.000,0.000,678.480,0.000,0.000,-0.000,999,0.080,8.000,99,9999,99999,9,999999999,0.068,0.999,0,0,999,0.068,99
10,1,2019,6,0,,10.970,10.570,99.000,89238.930,0.000,1362.919,289.454,0.000,0.000,0.000,0.000,0.000,0.000,-0.000,999,0.080,8.000,99,9999,99999,9,999999999,0.040,0.999,0,0,999,0.040,99
10,1,2019,7,0,,10.690,10.590,96.000,89238.930,314.818,1362.919,286.328,28.270,0.000,28.270,3392.400,0.000,3109.700,39.155,999,0.080,8.000,99,9999,99999,9,999999999,0.000,0.999,0,0,999,0.000,0
10,1,2019,8,0,,13.620,10.310,78.000,89238.930,624.551,1362.919,297.270,212.230,36.292,195.618,25467.600,3447.759,21517.932,136.031,999,0.080,7.000,99,9999,99999,9,999999999,0.000,0.999,0,0,999,0.000,0
10,1,2019,9,0,,15.380,10.130,69.000,89238.930,894.082,1362.919,303.985,337.170,16.844,326.125,40460.400,1600.149,35873.723,158.305,999,0.260,7.000,99,9999,99999,9,999999999,0.000,0.999,0,0,999,0.000,0
10,1,2019,10,0,,17.070,9.960,66.000,89238.930,1104.617,1362.919,313.737,469.230,77.014,406.822,56307.600,7316.311,44750.367,159.801,999,0.350,7.000,99,9999,99999,9,999999999,0.050,0.999,0,0,999,0.050,99
10,1,2019,11,0,,18.550,9.810,55.000,89238.930,1241.721,1362.919,315.908,565.480,5.902,560.103,67857.600,560.664,61611.375,195.700,999,0.680,7.000,99,9999,99999,9,999999999,0.000,0.999,0,0,999,0.000,0
10,1,2019,12,0,,19.750,9.690,51.000,89238.930,1296.026,1362.919,320.920,618.600,6.870,612.068,74232.000,652.618,67327.448,204.889,999,0.940,7.000,99,9999,99999,9,999999999,0.000,0.999,0,0,999,0.000,0
10,1,2019,13,0,,20.640,9.600,48.000,89238.930,1263.834,1362.919,324.440,624.740,8.106,617.224,74968.800,770.067,67894.607,211.882,999,1.450,7.000,99,9999,99999,9,999999999,0.000,0.999,0,0,999,0.000,0
10,1,2019,14,0,,21.170,9.540,46.000,89238.930,1147.356,1362.919,326.240,583.470,153.820,453.994,70016.400,14612.917,49939.356,171.682,999,2.000,7.000,99,9999,99999,9,999999999,0.000,0.999,0,0,999,0.000,0
10,1,2019,15,0,,21.350,9.530,51.000,89238.930,954.569,1362.919,332.390,497.770,229.365,337.175,59732.400,21789.689,37089.250,153.285,999,1.330,7.000,99,9999,99999,9,999999999,0.030,0.999,0,0,999,0.030,99
10,1,2019,16,0,,21.090,9.550,51.000,89238.930,698.697,1362.919,330.505,374.060,281.902,229.662,44887.200,26780.676,25262.867,142.718,999,0.320,7.000,99,9999,99999,9,999999999,0.010,0.999,0,0,999,0.010,99
10,1,2019,17,0,,20.310,9.630,54.000,89238.930,397.464,1362.919,327.563,222.590,370.733,114.809,26710.800,35219.600,12629.039,125.704,999,0.370,8.000,99,9999,99999,9,999999999,0.530,0.999,0,0,999,0.530,99
10,1,2019,18,0,,19.100,9.760,58.000,89238.930,74.685,1362.919,322.214,63.160,0.000,63.160,7579.200,0.000,6947.600,395.968,999,0.110,8.000,99,9999,99999,9,999999999,0.090,0.999,0,0,999,0.090,99
10,1,2019,19,0,,18.190,9.850,57.000,89238.930,0.000,1362.919,314.997,0.000,0.000,0.000,0.000,0.000,0.000,-0.000,999,0.080,8.000,99,9999,99999,9,999999999,0.000,0.999,0,0,999,0.000,0
10,1,2019,20,0,,17.280,9.940,65.000,89238.930,0.000,1362.919,314.525,0.000,0.000,0.000,0.000,0.000,0.000,-0.000,999,0.080,8.000,99,9999,99999,9,999999999,0.150,0.999,0,0,999,0.150,99
10,1,2019,21,0,,16.370,10.030,69.000,89238.930,0.000,1362.919,310.827,0.000,0.000,0.000,0.000,0.000,0.000,-0.000,999,0.080,8.000,99,9999,99999,9,999999999,0.120,0.999,0,0,999,0.120,99
10,1,2019,22,0,,15.470,10.120,73.000,89238.930,0.000,1362.919,307.065,0.000,0.000,0.000,0.000,0.000,0.000,-0.000,999,0.080,8.000,99,9999,99999,9,999999999,0.370,0.999,0,0,999,0.370,99
10,1,2019,23,0,,14.560,10.210,87.000,89238.930,0.000,1362.919,308.454,0.000,0.000,0.000,0.000,0.000,0.000,-0.000,999,0.080,8.000,99,9999,99999,9,999999999,11.150,0.999,0,0,999,11.150,99
10,1,2019,24,0,,13.650,9.660,76.000,89238.930,0.000,1362.919,296.371,0.000,0.000,0.000,0.000,0.000,0.000,-0.000,999,0.310,8.000,99,9999,99999,9,999999999,0.000,0.999,0,0,999,0.000,0
10,2,2019,1,0,,13.190,9.840,80.000,89238.930,0.000,1362.919,295.440,0.000,0.000,0.000,0.000,0.000,0.000,-0.000,999,0.310,8.000,99,9999,99999,9,999999999,0.000,0.999,0,0,999,0.000,0
10,2,2019,2,0,,12.740,10.020,83.000,89238.930,0.000,1362.919,293.963,0.000,0.000,0.000,0.000,0.000,0.000,-0.000,999,0.310,8.000,99,9999,99999,9,999999999,0.000,0.999,0,0,999,0.000,0
10,2,2019,3,0,,12.290,10.190,86.000,89238.930,0.000,1362.919,292.431,0.000,0.000,0.000,0.000,0.000,0.000,-0.000,999,0.310,8.000,99,9999,99999,9,999999999,0.000,0.999,0,0,999,0.000,0
10,2,2019,4,0,,11.830,10.360,90.000,89238.930,0.000,1363.720,291.248,0.000,0.000,0.000,0.000,0.000,0.000,-0.000,999,0.310,8.000,99,9999,99999,9,999999999,0.000,0.999,0,0,999,0.000,0
10,2,2019,5,0,,11.430,10.510,94.000,89238.930,0.000,1363.720,290.380,0.000,0.000,0.000,0.000,0.000,0.000,-0.000,999,0.310,8.000,99,9999,99999,9,999999999,0.000,0.999,0,0,999,0.000,0
10,2,2019,6,0,,11.130,10.620,96.000,89238.930,1.410,1363.720,289.250,0.000,0.000,0.000,0.000,0.000,0.000,-0.000,999,0.310,8.000,99,9999,99999,9,999999999,0.000,0.999,0,0,999,0.000,0
10,2,2019,7,0,,10.830,10.730,99.000,89238.930,319.917,1363.720,288.520,34.970,0.000,34.970,4196.400,0.000,3846.700,47.683,999,0.310,8.000,99,9999,99999,9,999999999,0.000,0.999,0,0,999,0.000,0
10,2,2019,8,0,,13.510,9.720,77.000,89238.930,629.564,1363.720,295.981,213.580,75.189,178.906,25629.600,7142.956,19679.691,123.489,999,0.310,7.000,99,9999,99999,9,999999999,0.000,0.999,0,0,999,0.000,0
10,2,2019,9,0,,15.460,8.940,65.000,89238.930,898.880,1363.720,301.947,395.700,90.007,336.396,47484.000,8550.680,37003.507,162.514,999,0.310,6.000,99,9999,99999,9,999999999,0.000,0.999,0,0,999,0.000,0
10,2,2019,10,0,,17.270,8.180,55.000,89238.930,1109.096,1363.720,307.039,549.460,145.332,431.281,65935.200,13806.508,47440.953,168.823,999,0.310,6.000,99,9999,99999,9,999999999,0.000,0.999,0,0,999,0.000,0
10,2,2019,11,0,,18.830,7.490,47.000,89238.930,1245.801,1363.720,310.816,661.400,10.969,651.380,79368.000,1042.070,71651.790,226.979,999,0.310,5.000,99,9999,99999,9,999999999,0.000,0.999,0,0,999,0.000,0
10,2,2019,12,0,,20.100,6.920,42.000,89238.930,1299.656,1363.720,314.556,723.040,12.775,710.866,86764.800,1213.602,78195.231,237.436,999,0.310,5.000,99,9999,99999,9,999999999,0.000,0.999,0,0,999,0.000,0
10,2,2019,13,0,,21.030,6.480,38.000,89238.930,1266.993,1363.720,316.485,729.900,252.559,495.266,87588.000,23993.101,54479.229,169.691,999,0.310,5.000,99,9999,99999,9,999999999,0.000,0.999,0,0,999,0.000,0
10,2,2019,14,0,,21.590,6.210,36.000,89238.930,1150.055,1363.720,317.919,681.490,288.748,438.011,81778.800,27431.077,48181.237,165.346,999,0.700,5.000,99,9999,99999,9,999999999,0.000,0.999,0,0,999,0.000,0
10,2,2019,15,0,,21.790,6.110,36.000,89238.930,956.853,1363.720,319.309,581.330,378.108,316.111,69759.600,35920.283,34772.209,143.450,999,1.320,6.000,99,9999,99999,9,999999999,0.000,0.999,0,0,999,0.000,0
10,2,2019,16,0,,21.530,6.240,37.000,89238.930,700.637,1363.720,318.748,436.920,493.125,183.775,52430.400,46846.832,20215.203,113.952,999,0.310,6.000,99,9999,99999,9,999999999,0.000,0.999,0,0,999,0.000,0
10,2,2019,17,0,,20.720,6.620,39.000,89238.930,399.154,1363.720,315.511,260.210,497.027,115.180,31225.200,47217.584,12669.803,125.646,999,0.310,7.000,99,9999,99999,9,999999999,0.000,0.999,0,0,999,0.000,0
10,2,2019,18,0,,19.490,7.200,44.000,89238.930,76.177,1363.720,312.426,74.250,0.000,74.250,8910.000,0.000,8167.500,455.507,999,0.310,8.000,99,9999,99999,9,999999999,0.000,0.999,0,0,999,0.000,0
10,2,2019,19,0,,18.470,7.650,49.000,89238.930,0.000,1363.720,310.187,0.000,0.000,0.000,0.000,0.000,0.000,-0.000,999,0.310,8.000,99,9999,99999,9,999999999,0.000,0.999,0,0,999,0.000,0
10,2,2019,20,0,,17.450,8.100,54.000,89238.930,0.000,1363.720,307.468,0.000,0.000,0.000,0.000,0.000,0.000,-0.000,999,0.310,8.000,99,9999,99999,9,999999999,0.000,0.999,0,0,999,0.000,0
10,2,2019,21,0,,16.430,8.540,59.000,89238.930,0.000,1363.720,304.361,0.000,0.000,0.000,0.000,0.000,0.000,-0.000,999,0.310,8.000,99,9999,99999,9,999999999,0.000,0.999,0,0,999,0.000,0
10,2,2019,22,0,,15.420,8.950,65.000,89238.930,0.000,1363.720,301.675,0.000,0.000,0.000,0.000,0.000,0.000,-0.000,999,0.310,8.000,99,9999,99999,9,999999999,0.000,0.999,0,0,999,0.000,0
10,2,2019,23,0,,14.400,9.370,71.000,89238.930,0.000,1363.720,298.544,0.000,0.000,0.000,0.000,0.000,0.000,-0.000,999,0.310,8.000,99,9999,99999,9,999999999,0.000,0.999,0,0,999,0.000,0
10,2,2019,24,0,,13.380,8.430,71.000,89238.930,0.000,1363.720,291.706,0.000,0.000,0.000,0.000,0.000,0.000,-0.000,999,0.040,8.000,99,9999,99999,9,999999999,0.000,0.999,0,0,999,0.000,0
10,3,2019,1,0,,12.870,8.420,74.000,89238.930,0.000,1363.720,290.042,0.000,0.000,0.000,0.000,0.000,0.000,-0.000,999,0.040,8.000,99,9999,99999,9,999999999,0.000,0.999,0,0,999,0.000,0
10,3,2019,2,0,,12.360,8.410,76.000,89238.930,0.000,1363.720,287.774,0.000,0.000,0.000,0.000,0.000,0.000,-0.000,999,0.040,8.000,99,9999,99999,9,999999999,0.000,0.999,0,0,999,0.000,0
10,3,2019,3,0,,11.850,8.400,79.000,89238.930,0.000,1363.720,286.005,0.000,0.000,0.000,0.000,0.000,0.000,-0.000,999,0.040,8.000,99,9999,99999,9,999999999,0.000,0.999,0,0,999,0.000,0
10,3,2019,4,0,,11.350,8.390,81.000,89238.930,0.000,1364.522,283.748,0.000,0.000,0.000,0.000,0.000,0.000,-0.000,999,0.040,8.000,99,9999,99999,9,999999999,0.000,0.999,0,0,999,0.000,0
10,3,2019,5,0,,10.890,8.380,84.000,89238.930,0.000,1364.522,282.218,0.000,0.000,0.000,0.000,0.000,0.000,-0.000,999,0.040,8.000,99,9999,99999,9,999999999,0.000,0.999,0,0,999,0.000,0
10,3,2019,6,0,,10.560,8.370,86.000,89238.930,5.668,1364.522,281.018,0.000,0.000,0.000,0.000,0.000,0.000,-0.000,999,0.040,8.000,99,9999,99999,9,999999999,0.000,0.999,0,0,999,0.000,0
10,3,2019,7,0,,10.220,8.360,88.000,89238.930,324.974,1364.522,279.733,40.210,0.000,40.210,4825.200,0.000,4423.100,53.998,999,0.040,8.000,99,9999,99999,9,999999999,0.000,0.999,0,0,999,0.000,0
10,3,2019,8,0,,12.420,8.410,76.000,89238.930,634.524,1364.522,288.169,216.940,77.705,180.844,26032.800,7381.961,19892.874,123.922,999,0.040,7.000,99,9999,99999,9,999999999,0.000,0.999,0,0,999,0.000,0
10,3,2019,9,0,,14.050,8.450,68.000,89238.930,903.615,1364.522,294.363,416.580,107.966,345.109,49989.600,10256.784,37962.036,165.946,999,0.040,6.000,99,9999,99999,9,999999999,0.000,0.999,0,0,999,0.000,0
10,3,2019,10,0,,15.290,8.480,63.000,89238.930,1113.508,1364.522,299.452,515.520,85.668,445.622,61862.400,8138.458,49018.376,173.847,999,0.040,6.000,99,9999,99999,9,999999999,0.000,0.999,0,0,999,0.000,0
10,3,2019,11,0,,16.270,8.500,59.000,89238.930,1249.814,1364.522,303.271,583.580,120.370,473.335,70029.600,11435.194,52066.812,164.505,999,0.270,7.000,99,9999,99999,9,999999999,0.000,0.999,0,0,999,0.000,0
10,3,2019,12,0,,17.520,8.530,55.000,89238.930,1303.223,1364.522,308.756,793.160,386.801,423.745,95179.200,36746.139,46612.000,141.231,999,0.570,4.000,99,9999,99999,9,999999999,0.000,0.999,0,0,999,0.000,0
10,3,2019,13,0,,18.440,8.550,52.000,89238.930,1270.097,1364.522,312.623,808.170,385.641,449.231,96980.400,36635.921,49415.452,153.633,999,0.790,4.000,99,9999,99999,9,999999999,0.000,0.999,0,0,999,0.000,0
10,3,2019,14,0,,19.050,8.560,50.000,89238.930,1152.713,1364.522,315.106,766.830,444.510,391.364,92019.600,42228.436,43050.027,147.483,999,0.520,4.000,99,9999,99999,9,999999999,0.000,0.999,0,0,999,0.000,0
10,3,2019,15,0,,19.410,8.570,49.000,89238.930,959.109,1364.522,316.707,707.850,738.381,189.005,84942.000,70146.242,20790.538,85.618,999,1.420,2.000,99,9999,99999,9,999999999,0.000,0.999,0,0,999,0.000,0
10,3,2019,16,0,,19.370,8.570,49.000,89238.930,702.566,1364.522,316.428,523.690,773.554,125.725,62842.800,73487.589,13829.798,77.789,999,1.890,4.000,99,9999,99999,9,999999999,0.000,0.999,0,0,999,0.000,0
10,3,2019,17,0,,18.960,8.560,50.000,89238.930,400.849,1364.522,314.479,382.080,608.856,203.765,45849.600,57841.366,22414.148,221.466,999,1.140,0.000,99,9999,99999,9,999999999,0.000,0.999,0,0,999,0.000,0
10,3,2019,18,0,,17.950,8.540,54.000,89238.930,77.691,1364.522,310.911,107.880,229.150,95.732,12945.600,21769.225,10530.511,574.802,999,0.730,7.000,99,9999,99999,9,999999999,0.000,0.999,0,0,999,0.000,0
10,3,2019,19,0,,17.310,8.520,56.000,89238.930,0.000,1364.522,308.106,0.000,0.000,0.000,0.000,0.000,0.000,-0.000,999,0.520,7.000,99,9999,99999,9,999999999,0.000,0.999,0,0,999,0.000,0
10,3,2019,20,0,,16.660,8.510,58.000,89238.930,0.000,1364.522,305.187,0.000,0.000,0.000,0.000,0.000,0.000,-0.000,999,0.250,7.000,99,9999,99999,9,999999999,0.000,0.999,0,0,999,0.000,0
10,3,2019,21,0,,16.010,8.490,60.000,89238.930,0.000,1364.522,302.231,0.000,0.000,0.000,0.000,0.000,0.000,-0.000,999,0.110,7.000,99,9999,99999,9,999999999,0.000,0.999,0,0,999,0.000,0
10,3,2019,22,0,,15.370,8.480,63.000,89238.930,0.000,1364.522,299.993,0.000,0.000,0.000,0.000,0.000,0.000,-0.000,999,0.110,7.000,99,9999,99999,9,999999999,0.000,0.999,0,0,999,0.000,0
10,3,2019,23,0,,14.720,8.460,66.000,89238.930,0.000,1364.522,297.593,0.000,0.000,0.000,0.000,0.000,0.000,-0.000,999,0.070,7.000,99,9999,99999,9,999999999,0.000,0.999,0,0,999,0.000,0
10,3,2019,24,0,,14.070,10.560,79.000,89238.930,0.000,1364.522,300.872,0.000,0.000,0.000,0.000,0.000,0.000,-0.000,999,0.890,7.000,99,9999,99999,9,999999999,0.000,0.999,0,0,999,0.000,0
10,4,2019,1,0,,13.750,10.620,81.000,89238.930,0.000,1364.522,299.762,0.000,0.000,0.000,0.000,0.000,0.000,-0.000,999,1.670,8.000,99,9999,99999,9,999999999,0.000,0.999,0,0,999,0.000,0
10,4,2019,2,0,,13.420,10.690,83.000,89238.930,0.000,1364.522,298.558,0.000,0.000,0.000,0.000,0.000,0.000,-0.000,999,1.090,8.000,99,9999,99999,9,999999999,0.000,0.999,0,0,999,0.000,0
10,4,2019,3,0,,13.100,10.760,85.000,89238.930,0.000,1364.522,297.399,0.000,0.000,0.000,0.000,0.000,0.000,-0.000,999,0.390,8.000,99,9999,99999,9,999999999,0.000,0.999,0,0,999,0.000,0
10,4,2019,4,0,,12.780,10.830,87.000,89238.930,0.000,1365.326,296.217,0.000,0.000,0.000,0.000,0.000,0.000,-0.000,999,0.390,8.000,99,9999,99999,9,999999999,0.000,0.999,0,0,999,0.000,0
10,4,2019,5,0,,12.490,10.880,89.000,89238.930,0.000,1365.326,295.216,0.000,0.000,0.000,0.000,0.000,0.000,-0.000,999,0.390,8.000,99,9999,99999,9,999999999,0.000,0.999,0,0,999,0.000,0
10,4,2019,6,0,,12.280,10.930,91.000,89238.930,9.946,1365.326,294.734,0.000,0.000,0.000,0.000,0.000,0.000,-0.000,999,0.390,8.000,99,9999,99999,9,999999999,0.000,0.999,0,0,999,0.000,0
10,4,2019,7,0,,12.060,10.970,93.000,89238.930,329.989,1365.326,294.164,37.700,0.000,37.700,4524.000,0.000,4147.000,49.881,999,0.390,8.000,99,9999,99999,9,999999999,0.000,0.999,0,0,999,0.000,0
10,4,2019,8,0,,13.670,10.640,81.000,89238.930,639.428,1365.326,299.217,211.320,31.364,196.646,25358.400,2979.581,21631.110,133.793,999,0.390,7.000,99,9999,99999,9,999999999,0.000,0.999,0,0,999,0.000,0
10,4,2019,9,0,,14.800,10.400,74.000,89238.930,908.287,1365.326,303.045,386.930,78.292,334.865,46431.600,7437.737,36835.186,160.286,999,0.390,7.000,99,9999,99999,9,999999999,0.000,0.999,0,0,999,0.000,0
10,4,2019,10,0,,15.850,10.180,69.000,89238.930,1117.852,1365.326,307.219,534.930,123.653,433.705,64191.600,11747.022,47707.513,168.639,999,0.390,6.000,99,9999,99999,9,999999999,0.000,0.999,0,0,999,0.000,0
10,4,2019,11,0,,16.750,9.990,64.000,89238.930,1253.759,1365.326,310.134,642.460,9.478,633.757,77095.200,900.393,69713.284,219.694,999,0.390,6.000,99,9999,99999,9,999999999,0.000,0.999,0,0,999,0.000,0
10,4,2019,12,0,,17.480,9.830,60.000,89238.930,1306.727,1365.326,312.339,701.400,11.034,690.840,84168.000,1048.191,75992.428,229.769,999,0.460,6.000,99,9999,99999,9,999999999,0.000,0.999,0,0,999,0.000,0
10,4,2019,13,0,,18.010,9.710,58.000,89238.930,1273.147,1365.326,314.520,707.450,12.959,695.367,84894.000,1231.072,76490.345,237.378,999,1.320,6.000,99,9999,99999,9,999999999,0.000,0.999,0,0,999,0.000,0
10,4,2019,14,0,,18.340,9.640,56.000,89238.930,1155.328,1365.326,315.250,660.190,250.650,448.116,79222.800,23811.779,49292.804,168.586,999,2.010,6.000,99,9999,99999,9,999999999,0.000,0.999,0,0,999,0.000,0
10,4,2019,15,0,,18.450,9.610,56.000,89238.930,961.338,1365.326,316.021,563.060,328.762,331.645,67567.200,31232.368,36480.948,149.973,999,3.410,6.000,99,9999,99999,9,999999999,0.000,0.999,0,0,999,0.000,0
10,4,2019,16,0,,18.290,9.650,57.000,89238.930,704.484,1365.326,315.698,423.320,421.205,206.161,50798.400,40014.431,22677.741,127.284,999,2.140,6.000,99,9999,99999,9,999999999,0.000,0.999,0,0,999,0.000,0
10,4,2019,17,0,,17.830,9.750,59.000,89238.930,402.550,1365.326,314.029,252.530,454.388,118.965,30303.600,43166.891,13086.108,128.825,999,1.560,7.000,99,9999,99999,9,999999999,0.000,0.999,0,0,999,0.000,0
10,4,2019,18,0,,17.110,9.910,62.000,89238.930,79.228,1365.326,311.225,72.860,253.351,59.139,8743.200,24068.314,6505.343,347.600,999,0.390,8.000,99,9999,99999,9,999999999,0.000,0.999,0,0,999,0.000,0
10,4,2019,19,0,,16.650,10.010,64.000,89238.930,0.000,1365.326,309.440,0.000,0.000,0.000,0.000,0.000,0.000,-0.000,999,0.390,8.000,99,9999,99999,9,999999999,0.000,0.999,0,0,999,0.000,0
10,4,2019,20,0,,16.190,10.110,67.000,89238.930,0.000,1365.326,308.276,0.000,0.000,0.000,0.000,0.000,0.000,-0.000,999,0.390,8.000,99,9999,99999,9,999999999,0.000,0.999,0,0,999,0.000,0
10,4,2019,21,0,,15.740,10.200,69.000,89238.930,0.000,1365.326,306.460,0.000,0.000,0.000,0.000,0.000,0.000,-0.000,999,0.390,8.000,99,9999,99999,9,999999999,0.000,0.999,0,0,999,0.000,0
10,4,2019,22,0,,15.280,10.300,72.000,89238.930,0.000,1365.326,305.151,0.000,0.000,0.000,0.000,0.000,0.000,-0.000,999,0.390,8.000,99,9999,99999,9,999999999,0.000,0.999,0,0,999,0.000,0
10,4,2019,23,0,,14.820,10.400,74.000,89238.930,0.000,1365.326,303.182,0.000,0.000,0.000,0.000,0.000,0.000,-0.000,999,0.390,8.000,99,9999,99999,9,999999999,0.000,0.999,0,0,999,0.000,0
10,4,2019,24,0,,14.370,11.660,83.000,89238.930,0.000,1365.326,305.071,0.000,0.000,0.000,0.000,0.000,0.000,-0.000,999,0.310,8.000,99,9999,99999,9,999999999,0.000,0.999,0,0,999,0.000,0
10,5,2019,1,0,,14.140,11.700,85.000,89238.930,0.000,1365.326,304.519,0.000,0.000,0.000,0.000,0.000,0.000,-0.000,999,0.310,8.000,99,9999,99999,9,999999999,0.000,0.999,0,0,999,0.000,0
10,5,2019,2,0,,13.910,11.740,86.000,89238.930,0.000,1365.326,303.439,0.000,0.000,0.000,0.000,0.000,0.000,-0.000,999,0.310,8.000,99,9999,99999,9,999999999,0.000,0.999,0,0,999,0.000,0
10,5,2019,3,0,,13.680,11.790,88.000,89238.930,0.000,1365.326,302.850,0.000,0.000,0.000,0.000,0.000,0.000,-0.000,999,0.310,8.000,99,9999,99999,9,999999999,0.000,0.999,0,0,999,0.000,0
10,5,2019,4,0,,13.450,11.830,89.000,89238.930,0.000,1366.131,301.756,0.000,0.000,0.000,0.000,0.000,0.000,-0.000,999,0.310,8.000,99,9999,99999,9,999999999,0.000,0.999,0,0,999,0.000,0
10,5,2019,5,0,,13.250,11.870,91.000,89238.930,0.000,1366.131,301.340,0.000,0.000,0.000,0.000,0.000,0.000,-0.000,999,0.310,8.000,99,9999,99999,9,999999999,0.000,0.999,0,0,999,0.000,0
10,5,2019,6,0,,13.100,11.890,92.000,89238.930,14.248,1366.131,300.780,0.000,0.000,0.000,0.000,0.000,0.000,0.000,999,0.310,8.000,99,9999,99999,9,999999999,0.000,0.999,0,0,999,0.000,0
10,5,2019,7,0,,12.950,11.920,93.000,89238.930,334.957,1366.131,300.216,42.450,0.000,42.450,5094.000,0.000,4669.500,55.357,999,0.310,8.000,99,9999,99999,9,999999999,0.000,0.999,0,0,999,0.000,0
10,5,2019,8,0,,14.930,11.550,80.000,89238.930,644.273,1366.131,307.341,228.810,42.606,208.737,27457.200,4047.576,22961.105,141.032,999,0.310,7.000,99,9999,99999,9,999999999,0.000,0.999,0,0,999,0.000,0
10,5,2019,9,0,,16.300,11.290,72.000,89238.930,912.891,1366.131,312.232,416.580,110.456,342.797,49989.600,10493.298,37707.654,163.350,999,0.310,6.000,99,9999,99999,9,999999999,0.000,0.999,0,0,999,0.000,0
10,5,2019,10,0,,17.570,11.040,65.000,89238.930,1122.125,1366.131,316.566,574.700,174.375,431.490,68964.000,16565.654,47463.935,167.238,999,0.310,5.000,99,9999,99999,9,999999999,0.000,0.999,0,0,999,0.000,0
10,5,2019,11,0,,18.660,10.830,60.000,89238.930,1257.635,1366.131,320.640,689.480,12.418,678.049,82737.600,1179.690,74585.391,234.462,999,0.310,5.000,99,9999,99999,9,999999999,0.000,0.999,0,0,999,0.000,0
10,5,2019,12,0,,19.540,10.650,56.000,89238.930,1310.166,1366.131,323.734,752.240,243.450,518.769,90268.800,23127.791,57064.553,172.187,999,0.310,5.000,99,9999,99999,9,999999999,0.000,0.999,0,0,999,0.000,0
10,5,2019,13,0,,20.180,10.530,53.000,89238.930,1276.142,1366.131,325.758,758.420,284.757,492.432,91010.400,27051.879,54167.523,167.806,999,0.720,5.000,99,9999,99999,9,999999999,0.000,0.999,0,0,999,0.000,0
10,5,2019,14,0,,20.570,10.450,52.000,89238.930,1157.901,1366.131,327.668,707.590,330.339,427.635,84910.800,31382.190,47039.811,160.618,999,1.220,5.000,99,9999,99999,9,999999999,0.000,0.999,0,0,999,0.000,0
10,5,2019,15,0,,20.710,10.420,51.000,89238.930,963.540,1366.131,327.765,603.430,439.115,293.812,72411.600,41715.879,32319.283,132.639,999,0.520,5.000,99,9999,99999,9,999999999,0.000,0.999,0,0,999,0.000,0
10,5,2019,16,0,,20.520,10.460,52.000,89238.930,706.391,1366.131,327.308,453.750,548.215,170.509,54450.000,52080.410,18756.028,105.049,999,0.310,6.000,99,9999,99999,9,999999999,0.000,0.999,0,0,999,0.000,0
10,5,2019,17,0,,19.950,10.570,54.000,89238.930,404.258,1366.131,324.980,270.920,552.833,107.820,32510.400,52519.152,11860.194,116.329,999,0.310,7.000,99,9999,99999,9,999999999,0.000,0.999,0,0,999,0.000,0
10,5,2019,18,0,,19.070,10.750,58.000,89238.930,80.788,1366.131,322.001,78.600,247.836,64.891,9432.000,23544.448,7138.020,373.420,999,0.310,8.000,99,9999,99999,9,999999999,0.000,0.999,0,0,999,0.000,0
10,5,2019,19,0,,18.490,10.860,61.000,89238.930,0.000,1366.131,320.189,0.000,0.000,0.000,0.000,0.000,0.000,-0.000,999,0.310,8.000,99,9999,99999,9,999999999,0.000,0.999,0,0,999,0.000,0
10,5,2019,20,0,,17.900,10.980,63.000,89238.930,0.000,1366.131,317.480,0.000,0.000,0.000,0.000,0.000,0.000,-0.000,999,0.310,8.000,99,9999,99999,9,999999999,0.000,0.999,0,0,999,0.000,0
10,5,2019,21,0,,17.320,11.090,66.000,89238.930,0.000,1366.131,315.493,0.000,0.000,0.000,0.000,0.000,0.000,-0.000,999,0.310,8.000,99,9999,99999,9,999999999,0.000,0.999,0,0,999,0.000,0
10,5,2019,22,0,,16.730,11.210,69.000,89238.930,0.000,1366.131,313.344,0.000,0.000,0.000,0.000,0.000,0.000,-0.000,999,0.310,8.000,99,9999,99999,9,999999999,0.000,0.999,0,0,999,0.000,0
10,5,2019,23,0,,16.150,11.320,73.000,89238.930,0.000,1366.131,311.797,0.000,0.000,0.000,0.000,0.000,0.000,-0.000,999,0.310,8.000,99,9999,99999,9,999999999,0.000,0.999,0,0,999,0.000,0
10,5,2019,24,0,,15.560,13.280,87.000,89238.930,0.000,1366.131,315.497,0.000,0.000,0.000,0.000,0.000,0.000,-0.000,999,0.190,8.000,99,9999,99999,9,999999999,0.040,0.999,0,0,999,0.040,99
10,6,2019,1,0,,15.270,13.340,89.000,89238.930,0.000,1366.131,314.461,0.000,0.000,0.000,0.000,0.000,0.000,-0.000,999,0.190,8.000,99,9999,99999,9,999999999,0.010,0.999,0,0,999,0.010,99
10,6,2019,2,0,,14.970,13.400,91.000,89238.930,0.000,1366.131,313.332,0.000,0.000,0.000,0.000,0.000,0.000,-0.000,999,0.190,8.000,99,9999,99999,9,999999999,0.350,0.999,0,0,999,0.350,99
10,6,2019,3,0,,14.680,13.460,88.000,89238.930,0.000,1366.131,309.798,0.000,0.000,0.000,0.000,0.000,0.000,-0.000,999,0.190,8.000,99,9999,99999,9,999999999,0.000,0.999,0,0,999,0.000,0
10,6,2019,4,0,,14.390,13.520,90.000,89238.930,0.000,1366.936,308.760,0.000,0.000,0.000,0.000,0.000,0.000,-0.000,999,0.190,8.000,99,9999,99999,9,999999999,0.000,0.999,0,0,999,0.000,0
10,6,2019,5,0,,14.130,13.570,92.000,89238.930,0.000,1366.936,307.911,0.000,0.000,0.000,0.000,0.000,0.000,-0.000,999,0.190,8.000,99,9999,99999,9,999999999,0.000,0.999,0,0,999,0.000,0
10,6,2019,6,0,,13.940,13.610,97.000,89238.930,18.572,1366.936,308.913,0.000,0.000,0.000,0.000,0.000,0.000,0.000,999,0.190,8.000,99,9999,99999,9,999999999,0.020,0.999,0,0,999,0.020,99
10,6,2019,7,0,,13.740,13.650,99.000,89238.930,339.875,1366.936,308.410,38.740,0.000,38.740,4648.800,0.000,4261.400,49.811,999,0.190,8.000,99,9999,99999,9,999999999,0.180,0.999,0,0,999,0.180,99
10,6,2019,8,0,,15.780,13.230,86.000,89238.930,649.057,1366.936,316.540,201.150,21.252,191.069,24138.000,2018.905,21017.623,128.216,999,0.190,8.000,99,9999,99999,9,999999999,0.060,0.999,0,0,999,0.060,99
10,6,2019,9,0,,17.170,12.950,73.000,89238.930,917.427,1366.936,319.000,364.200,62.572,322.219,43704.000,5944.379,35444.113,152.874,999,0.190,7.000,99,9999,99999,9,999999999,0.000,0.999,0,0,999,0.000,0
10,6,2019,10,0,,18.450,12.680,67.000,89238.930,1126.326,1366.936,324.222,501.400,138.352,387.417,60168.000,13143.428,42615.856,149.683,999,0.190,7.000,99,9999,99999,9,999999999,0.000,0.999,0,0,999,0.000,0
10,6,2019,11,0,,19.550,12.440,62.000,89238.930,1261.440,1366.936,328.548,600.900,80.986,526.168,72108.000,7693.646,57878.518,181.501,999,0.190,7.000,99,9999,99999,9,999999999,0.000,0.999,0,0,999,0.000,0
10,6,2019,12,0,,20.440,12.250,58.000,89238.930,1313.541,1366.936,331.871,655.180,94.184,564.677,78621.600,8947.506,62114.467,187.053,999,0.210,6.000,99,9999,99999,9,999999999,0.000,0.999,0,0,999,0.000,0
10,6,2019,13,0,,21.090,12.110,56.000,89238.930,1279.082,1366.936,334.951,660.290,110.895,556.527,79234.800,10535.021,61217.936,189.323,999,1.340,6.000,99,9999,99999,9,999999999,0.000,0.999,0,0,999,0.000,0
10,6,2019,14,0,,21.480,12.020,54.000,89238.930,1160.432,1366.936,336.069,615.890,273.306,383.899,73906.800,25964.070,42228.891,143.961,999,1.350,7.000,99,9999,99999,9,999999999,0.000,0.999,0,0,999,0.000,0
10,6,2019,15,0,,21.620,11.990,54.000,89238.930,965.717,1366.936,337.098,525.190,224.145,366.882,63022.800,21293.816,40357.006,165.350,999,1.060,7.000,99,9999,99999,9,999999999,0.000,0.999,0,0,999,0.000,0
10,6,2019,16,0,,21.420,12.030,54.000,89238.930,708.290,1366.936,335.629,394.990,322.688,227.920,47398.800,30655.334,25071.182,140.125,999,1.060,7.000,99,9999,99999,9,999999999,0.000,0.999,0,0,999,0.000,0
10,6,2019,17,0,,20.840,12.160,57.000,89238.930,405.975,1366.936,333.965,236.040,477.466,94.657,28324.800,45359.262,10412.299,101.754,999,0.420,8.000,99,9999,99999,9,999999999,0.000,0.999,0,0,999,0.000,0
10,6,2019,18,0,,19.960,12.350,60.000,89238.930,82.374,1366.936,329.981,68.880,252.607,54.611,8265.600,23997.644,6007.156,307.725,999,0.190,8.000,99,9999,99999,9,999999999,0.000,0.999,0,0,999,0.000,0
10,6,2019,19,0,,19.280,12.500,63.000,89238.930,0.000,1366.936,327.343,0.000,0.000,0.000,0.000,0.000,0.000,-0.000,999,0.190,8.000,99,9999,99999,9,999999999,0.000,0.999,0,0,999,0.000,0
10,6,2019,20,0,,18.610,12.640,66.000,89238.930,0.000,1366.936,324.676,0.000,0.000,0.000,0.000,0.000,0.000,-0.000,999,0.190,8.000,99,9999,99999,9,999999999,0.000,0.999,0,0,999,0.000,0
10,6,2019,21,0,,17.930,12.790,70.000,89238.930,0.000,1366.936,322.510,0.000,0.000,0.000,0.000,0.000,0.000,-0.000,999,0.190,8.000,99,9999,99999,9,999999999,0.000,0.999,0,0,999,0.000,0
10,6,2019,22,0,,17.250,12.930,78.000,89238.930,0.000,1366.936,322.609,0.000,0.000,0.000,0.000,0.000,0.000,-0.000,999,0.190,8.000,99,9999,99999,9,999999999,0.100,0.999,0,0,999,0.100,99
10,6,2019,23,0,,16.580,13.070,90.000,89238.930,0.000,1366.936,324.375,0.000,0.000,0.000,0.000,0.000,0.000,-0.000,999,0.190,8.000,99,9999,99999,9,999999999,6.230,0.999,0,0,999,6.230,99
10,6,2019,24,0,,15.900,14.030,89.000,89238.930,0.000,1366.936,318.954,0.000,0.000,0.000,0.000,0.000,0.000,-0.000,999,0.360,8.000,99,9999,99999,9,999999999,0.090,0.999,0,0,999,0.090,99
10,7,2019,1,0,,15.560,13.980,86.000,89238.930,0.000,1366.936,314.976,0.000,0.000,0.000,0.000,0.000,0.000,-0.000,999,0.360,8.000,99,9999,99999,9,999999999,0.000,0.999,0,0,999,0.000,0
10,7,2019,2,0,,15.220,13.920,92.000,89238.930,0.000,1366.936,315.598,0.000,0.000,0.000,0.000,0.000,0.000,-0.000,999,0.360,8.000,99,9999,99999,9,999999999,0.060,0.999,0,0,999,0.060,99
10,7,2019,3,0,,14.880,13.870,93.000,89238.930,0.000,1366.936,313.669,0.000,0.000,0.000,0.000,0.000,0.000,-0.000,999,0.360,8.000,99,9999,99999,9,999999999,0.030,0.999,0,0,999,0.030,99
10,7,2019,4,0,,14.550,13.820,91.000,89238.930,0.000,1367.743,310.371,0.000,0.000,0.000,0.000,0.000,0.000,-0.000,999,0.360,8.000,99,9999,99999,9,999999999,0.000,0.999,0,0,999,0.000,0
10,7,2019,5,0,,14.250,13.770,96.000,89238.930,0.000,1367.743,310.633,0.000,0.000,0.000,0.000,0.000,0.000,-0.000,999,0.360,8.000,99,9999,99999,9,999999999,0.020,0.999,0,0,999,0.020,99
10,7,2019,6,0,,14.020,13.740,97.000,89238.930,22.912,1367.743,309.474,0.000,0.000,0.000,0.000,0.000,0.000,0.000,999,0.360,8.000,99,9999,99999,9,999999999,0.130,0.999,0,0,999,0.130,99
10,7,2019,7,0,,13.800,13.700,94.000,89238.930,344.742,1367.743,306.553,28.290,0.000,28.290,3394.800,0.000,3111.900,35.878,999,0.360,8.000,99,9999,99999,9,999999999,0.000,0.999,0,0,999,0.000,0
10,7,2019,8,0,,15.300,13.940,88.000,89238.930,653.778,1367.743,314.167,141.760,0.166,141.681,17011.200,15.786,15584.872,94.442,999,0.360,8.000,99,9999,99999,9,999999999,0.000,0.999,0,0,999,0.000,0
10,7,2019,9,0,,16.300,14.090,88.000,89238.930,921.892,1367.743,321.312,255.300,21.809,240.605,30636.000,2071.895,26466.561,113.667,999,0.360,8.000,99,9999,99999,9,999999999,0.010,0.999,0,0,999,0.010,99
10,7,2019,10,0,,17.230,14.230,80.000,89238.930,1130.454,1367.743,323.633,350.760,14.438,338.829,42091.200,1371.590,37271.150,130.509,999,0.360,8.000,99,9999,99999,9,999999999,0.000,0.999,0,0,999,0.000,0
10,7,2019,11,0,,18.030,14.350,77.000,89238.930,1265.173,1367.743,327.659,419.920,31.162,391.097,50390.400,2960.357,43020.631,134.589,999,0.360,8.000,99,9999,99999,9,999999999,0.000,0.999,0,0,999,0.000,0
10,7,2019,12,0,,18.670,14.450,75.000,89238.930,1316.850,1367.743,331.100,457.570,35.061,423.815,54908.400,3330.748,46619.634,140.121,999,0.360,8.000,99,9999,99999,9,999999999,0.000,0.999,0,0,999,0.000,0
10,7,2019,13,0,,19.140,14.520,74.000,89238.930,1281.967,1367.743,333.921,460.960,39.874,423.588,55315.200,3788.008,46594.721,143.860,999,0.360,8.000,99,9999,99999,9,999999999,0.000,0.999,0,0,999,0.000,0
10,7,2019,14,0,,19.420,14.560,73.000,89238.930,1162.922,1367.743,335.341,429.860,25.634,408.067,51583.200,2435.238,44887.382,152.786,999,0.360,8.000,99,9999,99999,9,999999999,0.000,0.999,0,0,999,0.000,0
10,7,2019,15,0,,19.510,14.570,73.000,89238.930,967.867,1367.743,336.007,366.530,25.055,348.805,43983.600,2380.249,38368.565,156.945,999,0.360,8.000,99,9999,99999,9,999999999,0.000,0.999,0,0,999,0.000,0
10,7,2019,16,0,,19.370,14.550,73.000,89238.930,710.181,1367.743,334.971,275.710,73.001,237.836,33085.200,6935.061,26161.907,145.917,999,0.360,8.000,99,9999,99999,9,999999999,0.000,0.999,0,0,999,0.000,0
10,7,2019,17,0,,18.950,14.490,74.000,89238.930,407.700,1367.743,332.521,164.920,170.609,114.215,19790.400,16207.884,12563.625,122.327,999,0.360,8.000,99,9999,99999,9,999999999,0.000,0.999,0,0,999,0.000,0
10,7,2019,18,0,,18.310,14.390,76.000,89238.930,83.985,1367.743,329.089,48.400,257.386,33.554,5808.000,24451.684,3690.916,185.166,999,0.360,8.000,99,9999,99999,9,999999999,0.000,0.999,0,0,999,0.000,0
10,7,2019,19,0,,17.750,14.310,82.000,89238.930,0.000,1367.743,328.564,0.000,0.000,0.000,0.000,0.000,0.000,-0.000,999,0.360,8.000,99,9999,99999,9,999999999,0.040,0.999,0,0,999,0.040,99
10,7,2019,20,0,,17.190,14.220,84.000,89238.930,0.000,1367.743,325.606,0.000,0.000,0.000,0.000,0.000,0.000,-0.000,999,0.360,8.000,99,9999,99999,9,999999999,0.570,0.999,0,0,999,0.570,99
10,7,2019,21,0,,16.620,14.140,86.000,89238.930,0.000,1367.743,322.564,0.000,0.000,0.000,0.000,0.000,0.000,-0.000,999,0.360,8.000,99,9999,99999,9,999999999,0.310,0.999,0,0,999,0.310,99
10,7,2019,22,0,,16.060,14.050,89.000,89238.930,0.000,1367.743,320.102,0.000,0.000,0.000,0.000,0.000,0.000,-0.000,999,0.360,8.000,99,9999,99999,9,999999999,0.200,0.999,0,0,999,0.200,99
10,7,2019,23,0,,15.500,13.970,99.000,89238.930,0.000,1367.743,320.941,0.000,0.000,0.000,0.000,0.000,0.000,-0.000,999,0.510,8.000,99,9999,99999,9,999999999,8.530,0.999,0,0,999,8.530,99
10,7,2019,24,0,,14.940,12.910,87.000,89238.930,0.000,1367.743,311.116,0.000,0.000,0.000,0.000,0.000,0.000,-0.000,999,0.170,8.000,99,9999,99999,9,999999999,0.000,0.999,0,0,999,0.000,0
10,8,2019,1,0,,14.660,12.940,93.000,89238.930,0.000,1367.743,312.112,0.000,0.000,0.000,0.000,0.000,0.000,-0.000,999,0.170,8.000,99,9999,99999,9,999999999,0.020,0.999,0,0,999,0.020,99
10,8,2019,2,0,,14.380,12.970,95.000,89238.930,0.000,1367.743,311.084,0.000,0.000,0.000,0.000,0.000,0.000,-0.000,999,0.170,8.000,99,9999,99999,9,999999999,0.970,0.999,0,0,999,0.970,99
10,8,2019,3,0,,14.090,13.000,92.000,89238.930,0.000,1367.743,307.632,0.000,0.000,0.000,0.000,0.000,0.000,-0.000,999,0.170,8.000,99,9999,99999,9,999999999,0.000,0.999,0,0,999,0.000,0
10,8,2019,4,0,,13.810,13.030,99.000,89238.930,0.000,1368.550,308.901,0.000,0.000,0.000,0.000,0.000,0.000,-0.000,999,0.170,8.000,99,9999,99999,9,999999999,0.010,0.999,0,0,999,0.010,99
10,8,2019,5,0,,13.560,13.060,96.000,89238.930,0.000,1368.550,305.803,0.000,0.000,0.000,0.000,0.000,0.000,-0.000,999,0.170,8.000,99,9999,99999,9,999999999,0.000,0.999,0,0,999,0.000,0
10,8,2019,6,0,,13.380,13.080,97.000,89238.930,27.264,1368.550,305.003,0.000,0.000,0.000,0.000,0.000,0.000,0.000,999,0.170,8.000,99,9999,99999,9,999999999,0.000,0.999,0,0,999,0.000,0
10,8,2019,7,0,,13.190,13.100,98.000,89238.930,349.553,1368.550,304.131,37.560,0.000,37.560,4507.200,0.000,4131.600,47.001,999,0.170,8.000,99,9999,99999,9,999999999,0.000,0.999,0,0,999,0.000,0
10,8,2019,8,0,,15.050,12.900,86.000,89238.930,658.431,1368.550,311.375,181.980,11.144,176.624,21837.600,1058.636,19428.625,116.969,999,0.170,8.000,99,9999,99999,9,999999999,0.000,0.999,0,0,999,0.000,0
10,8,2019,9,0,,16.260,12.770,79.000,89238.930,926.284,1368.550,316.114,326.020,54.188,289.357,39122.400,5147.821,31829.228,136.129,999,0.170,8.000,99,9999,99999,9,999999999,0.000,0.999,0,0,999,0.000,0
10,8,2019,10,0,,17.380,12.640,73.000,89238.930,1134.506,1368.550,320.498,447.030,33.411,419.336,53643.600,3174.066,46126.996,161.037,999,0.170,7.000,99,9999,99999,9,999999999,0.000,0.999,0,0,999,0.000,0
10,8,2019,11,0,,18.350,12.540,68.000,89238.930,1268.833,1368.550,324.189,534.620,49.221,488.988,64154.400,4675.969,53788.661,167.890,999,0.690,7.000,99,9999,99999,9,999999999,0.000,0.999,0,0,999,0.000,0
10,8,2019,12,0,,19.130,12.450,65.000,89238.930,1320.093,1368.550,327.720,582.200,56.953,527.265,69864.000,5410.516,57999.143,173.998,999,1.030,7.000,99,9999,99999,9,999999999,0.000,0.999,0,0,999,0.000,0
10,8,2019,13,0,,19.690,12.390,62.000,89238.930,1284.797,1368.550,329.564,586.290,67.027,523.367,70354.800,6367.559,57570.421,177.460,999,0.970,7.000,99,9999,99999,9,999999999,0.000,0.999,0,0,999,0.000,0
10,8,2019,14,0,,20.030,12.350,61.000,89238.930,1165.371,1368.550,331.271,546.620,166.168,405.138,65594.400,15785.958,44565.131,151.460,999,1.330,7.000,99,9999,99999,9,999999999,0.000,0.999,0,0,999,0.000,0
10,8,2019,15,0,,20.150,12.340,60.000,89238.930,969.993,1368.550,331.363,466.070,138.223,368.129,55928.400,13131.212,40494.226,165.375,999,1.150,7.000,99,9999,99999,9,999999999,0.000,0.999,0,0,999,0.000,0
10,8,2019,16,0,,19.970,12.360,61.000,89238.930,712.064,1368.550,330.834,350.650,189.402,252.181,42078.000,17993.166,27739.894,154.400,999,0.680,8.000,99,9999,99999,9,999999999,0.000,0.999,0,0,999,0.000,0
10,8,2019,17,0,,19.460,12.410,63.000,89238.930,409.436,1368.550,328.647,209.930,321.803,113.937,25191.600,30571.314,12533.065,121.581,999,0.230,8.000,99,9999,99999,9,999999999,0.000,0.999,0,0,999,0.000,0
10,8,2019,18,0,,18.680,12.500,67.000,89238.930,85.624,1368.550,325.879,61.970,260.449,46.632,7436.400,24742.688,5129.521,252.051,999,0.170,8.000,99,9999,99999,9,999999999,0.000,0.999,0,0,999,0.000,0
10,8,2019,19,0,,17.870,12.590,71.000,89238.930,0.000,1368.550,322.733,0.000,0.000,0.000,0.000,0.000,0.000,-0.000,999,0.170,8.000,99,9999,99999,9,999999999,0.000,0.999,0,0,999,0.000,0
10,8,2019,20,0,,17.060,12.680,75.000,89238.930,0.000,1368.550,319.448,0.000,0.000,0.000,0.000,0.000,0.000,-0.000,999,0.170,8.000,99,9999,99999,9,999999999,0.000,0.999,0,0,999,0.000,0
10,8,2019,21,0,,16.250,12.770,79.000,89238.930,0.000,1368.550,316.043,0.000,0.000,0.000,0.000,0.000,0.000,-0.000,999,0.170,8.000,99,9999,99999,9,999999999,0.000,0.999,0,0,999,0.000,0
10,8,2019,22,0,,15.440,12.860,84.000,89238.930,0.000,1368.550,313.072,0.000,0.000,0.000,0.000,0.000,0.000,-0.000,999,0.170,8.000,99,9999,99999,9,999999999,0.000,0.999,0,0,999,0.000,0
10,8,2019,23,0,,14.630,12.940,89.000,89238.930,0.000,1368.550,309.948,0.000,0.000,0.000,0.000,0.000,0.000,-0.000,999,0.170,8.000,99,9999,99999,9,999999999,0.000,0.999,0,0,999,0.000,0
10,8,2019,24,0,,13.820,10.310,79.000,89238.930,0.000,1368.550,299.169,0.000,0.000,0.000,0.000,0.000,0.000,-0.000,999,0.100,8.000,99,9999,99999,9,999999999,0.000,0.999,0,0,999,0.000,0
10,9,2019,1,0,,13.410,10.250,81.000,89238.930,0.000,1368.550,297.452,0.000,0.000,0.000,0.000,0.000,0.000,-0.000,999,0.100,8.000,99,9999,99999,9,999999999,0.000,0.999,0,0,999,0.000,0
10,9,2019,2,0,,13.010,10.180,82.000,89238.930,0.000,1368.550,295.269,0.000,0.000,0.000,0.000,0.000,0.000,-0.000,999,0.100,8.000,99,9999,99999,9,999999999,0.000,0.999,0,0,999,0.000,0
10,9,2019,3,0,,12.600,10.120,84.000,89238.930,0.000,1368.550,293.525,0.000,0.000,0.000,0.000,0.000,0.000,-0.000,999,0.100,8.000,99,9999,99999,9,999999999,0.000,0.999,0,0,999,0.000,0
10,9,2019,4,0,,12.200,10.050,86.000,89238.930,0.000,1369.357,291.829,0.000,0.000,0.000,0.000,0.000,0.000,-0.000,999,0.100,8.000,99,9999,99999,9,999999999,0.000,0.999,0,0,999,0.000,0
10,9,2019,5,0,,11.840,9.990,88.000,89238.930,0.000,1369.357,290.381,0.000,0.000,0.000,0.000,0.000,0.000,-0.000,999,0.100,8.000,99,9999,99999,9,999999999,0.000,0.999,0,0,999,0.000,0
10,9,2019,6,0,,11.570,9.950,89.000,89238.930,31.619,1369.357,289.051,0.000,0.000,0.000,0.000,0.000,0.000,0.000,999,0.100,8.000,99,9999,99999,9,999999999,0.000,0.999,0,0,999,0.000,0
10,9,2019,7,0,,11.300,9.910,91.000,89238.930,354.305,1369.357,288.174,50.100,0.000,50.100,6012.000,0.000,5511.000,61.882,999,0.100,8.000,99,9999,99999,9,999999999,0.000,0.999,0,0,999,0.000,0
10,9,2019,8,0,,14.180,10.370,77.000,89238.930,663.016,1369.357,300.521,235.110,42.886,214.365,28213.200,4074.132,23580.199,141.063,999,0.130,7.000,99,9999,99999,9,999999999,0.000,0.999,0,0,999,0.000,0
10,9,2019,9,0,,16.050,10.670,70.000,89238.930,930.600,1369.357,309.238,419.070,96.529,353.492,50288.400,9170.240,38884.174,165.628,999,0.270,6.000,99,9999,99999,9,999999999,0.000,0.999,0,0,999,0.000,0
10,9,2019,10,0,,17.760,10.930,64.000,89238.930,1138.481,1369.357,317.205,573.510,153.099,446.241,68821.200,14544.365,49086.484,170.871,999,0.400,6.000,99,9999,99999,9,999999999,0.000,0.999,0,0,999,0.000,0
10,9,2019,11,0,,19.240,11.160,59.000,89238.930,1272.420,1369.357,324.003,685.200,132.544,562.045,82224.000,12591.637,61824.945,192.543,999,0.480,5.000,99,9999,99999,9,999999999,0.000,0.999,0,0,999,0.000,0
10,9,2019,12,0,,20.430,11.340,55.000,89238.930,1323.270,1369.357,329.290,745.720,153.975,596.930,89486.400,14627.599,65662.353,196.631,999,0.450,5.000,99,9999,99999,9,999999999,0.000,0.999,0,0,999,0.000,0
10,9,2019,13,0,,21.290,11.470,53.000,89238.930,1287.572,1369.357,333.784,750.690,290.517,477.534,90082.800,27599.142,52528.773,161.665,999,1.050,5.000,99,9999,99999,9,999999999,0.000,0.999,0,0,999,0.000,0
10,9,2019,14,0,,21.810,11.550,52.000,89238.930,1167.780,1369.357,336.678,699.740,322.128,425.061,83968.800,30602.164,46756.747,158.674,999,1.010,5.000,99,9999,99999,9,999999999,0.000,0.999,0,0,999,0.000,0
10,9,2019,15,0,,21.980,11.570,51.000,89238.930,972.096,1369.357,336.992,596.600,396.932,314.902,71592.000,37708.568,34639.238,141.240,999,1.730,5.000,99,9999,99999,9,999999999,0.000,0.999,0,0,999,0.000,0
10,9,2019,16,0,,21.710,11.530,52.000,89238.930,713.942,1369.357,335.945,448.960,504.522,186.123,53875.200,47929.613,20473.548,113.722,999,1.500,6.000,99,9999,99999,9,999999999,0.000,0.999,0,0,999,0.000,0
10,9,2019,17,0,,20.920,11.410,54.000,89238.930,411.184,1369.357,331.977,269.050,467.215,129.166,32286.000,44385.379,14208.209,137.323,999,0.440,7.000,99,9999,99999,9,999999999,0.000,0.999,0,0,999,0.000,0
10,9,2019,18,0,,19.730,11.230,57.000,89238.930,87.291,1369.357,325.916,79.890,262.175,64.128,9586.800,24906.648,7054.108,339.537,999,0.140,8.000,99,9999,99999,9,999999999,0.000,0.999,0,0,999,0.000,0
10,9,2019,19,0,,18.750,11.090,61.000,89238.930,0.000,1369.357,322.040,0.000,0.000,0.000,0.000,0.000,0.000,-0.000,999,0.100,8.000,99,9999,99999,9,999999999,0.000,0.999,0,0,999,0.000,0
10,9,2019,20,0,,17.770,10.940,64.000,89238.930,0.000,1369.357,317.276,0.000,0.000,0.000,0.000,0.000,0.000,-0.000,999,0.100,8.000,99,9999,99999,9,999999999,0.000,0.999,0,0,999,0.000,0
10,9,2019,21,0,,16.790,10.780,67.000,89238.930,0.000,1369.357,312.450,0.000,0.000,0.000,0.000,0.000,0.000,-0.000,999,0.100,8.000,99,9999,99999,9,999999999,0.000,0.999,0,0,999,0.000,0
10,9,2019,22,0,,15.820,10.630,71.000,89238.930,0.000,1369.357,308.267,0.000,0.000,0.000,0.000,0.000,0.000,-0.000,999,0.100,8.000,99,9999,99999,9,999999999,0.000,0.999,0,0,999,0.000,0
10,9,2019,23,0,,14.840,10.480,75.000,89238.930,0.000,1369.357,303.901,0.000,0.000,0.000,0.000,0.000,0.000,-0.000,999,0.100,8.000,99,9999,99999,9,999999999,0.000,0.999,0,0,999,0.000,0
10,9,2019,24,0,,13.860,10.250,78.000,89238.930,0.000,1369.357,298.897,0.000,0.000,0.000,0.000,0.000,0.000,-0.000,999,0.110,8.000,99,9999,99999,9,999999999,0.000,0.999,0,0,999,0.000,0
10,10,2019,1,0,,13.370,10.170,80.000,89238.930,0.000,1369.357,296.654,0.000,0.000,0.000,0.000,0.000,0.000,-0.000,999,0.110,8.000,99,9999,99999,9,999999999,0.000,0.999,0,0,999,0.000,0
10,10,2019,2,0,,12.880,10.090,83.000,89238.930,0.000,1369.357,294.905,0.000,0.000,0.000,0.000,0.000,0.000,-0.000,999,0.110,8.000,99,9999,99999,9,999999999,0.000,0.999,0,0,999,0.000,0
10,10,2019,3,0,,12.400,10.020,85.000,89238.930,0.000,1369.357,292.679,0.000,0.000,0.000,0.000,0.000,0.000,-0.000,999,0.110,8.000,99,9999,99999,9,999999999,0.000,0.999,0,0,999,0.000,0
10,10,2019,4,0,,11.910,9.940,87.000,89238.930,0.000,1370.164,290.373,0.000,0.000,0.000,0.000,0.000,0.000,-0.000,999,0.110,8.000,99,9999,99999,9,999999999,0.000,0.999,0,0,999,0.000,0
10,10,2019,5,0,,11.470,9.870,89.000,89238.930,0.000,1370.164,288.387,0.000,0.000,0.000,0.000,0.000,0.000,-0.000,999,0.110,8.000,99,9999,99999,9,999999999,0.000,0.999,0,0,999,0.000,0
10,10,2019,6,0,,11.150,9.820,91.000,89238.930,35.970,1370.164,287.180,0.000,0.000,0.000,0.000,0.000,0.000,0.000,999,0.110,8.000,99,9999,99999,9,999999999,0.000,0.999,0,0,999,0.000,0
10,10,2019,7,0,,10.830,9.770,93.000,89238.930,358.997,1370.164,285.955,61.920,0.000,61.920,7430.400,0.000,6811.200,75.519,999,0.110,8.000,99,9999,99999,9,999999999,0.000,0.999,0,0,999,0.000,0
10,10,2019,8,0,,13.880,10.250,78.000,89238.930,667.529,1370.164,299.032,224.520,33.453,208.237,26942.400,3178.065,22906.094,136.182,999,0.120,7.000,99,9999,99999,9,999999999,0.000,0.999,0,0,999,0.000,0
10,10,2019,9,0,,15.690,10.530,71.000,89238.930,934.839,1370.164,307.367,398.210,76.897,345.762,47785.200,7305.193,38033.861,161.365,999,0.590,7.000,99,9999,99999,9,999999999,0.000,0.999,0,0,999,0.000,0
10,10,2019,10,0,,17.370,10.790,65.000,89238.930,1142.378,1370.164,315.157,543.930,119.684,444.156,65271.600,11369.985,48857.154,169.592,999,0.370,6.000,99,9999,99999,9,999999999,0.000,0.999,0,0,999,0.000,0
10,10,2019,11,0,,18.830,11.000,60.000,89238.930,1275.931,1370.164,321.850,649.220,105.277,551.188,77906.400,10001.286,60630.689,188.415,999,0.540,6.000,99,9999,99999,9,999999999,0.000,0.999,0,0,999,0.000,0
10,10,2019,12,0,,20.000,11.180,56.000,89238.930,1326.380,1370.164,327.032,706.150,122.314,587.747,84738.000,11619.783,64652.207,193.265,999,0.930,6.000,99,9999,99999,9,999999999,0.000,0.999,0,0,999,0.000,0
10,10,2019,13,0,,20.850,11.300,54.000,89238.930,1290.293,1370.164,331.468,710.600,143.515,575.456,85272.000,13633.920,63300.166,194.519,999,1.610,6.000,99,9999,99999,9,999999999,0.000,0.999,0,0,999,0.000,0
10,10,2019,14,0,,21.360,11.380,52.000,89238.930,1170.149,1370.164,333.387,662.250,258.228,441.742,79470.000,24531.674,48591.596,164.664,999,1.010,6.000,99,9999,99999,9,999999999,0.000,0.999,0,0,999,0.000,0
10,10,2019,15,0,,21.530,11.400,52.000,89238.930,974.177,1370.164,334.627,564.610,313.402,341.847,67753.200,29773.217,37603.199,153.088,999,0.880,6.000,99,9999,99999,9,999999999,0.000,0.999,0,0,999,0.000,0
10,10,2019,16,0,,21.250,11.360,53.000,89238.930,715.816,1370.164,333.492,424.980,400.150,216.092,50997.600,38014.226,23770.168,131.765,999,0.790,6.000,99,9999,99999,9,999999999,0.000,0.999,0,0,999,0.000,0
10,10,2019,17,0,,20.460,11.250,55.000,89238.930,412.944,1370.164,329.507,254.920,403.914,133.539,30590.400,38371.812,14689.258,141.447,999,0.340,7.000,99,9999,99999,9,999999999,0.000,0.999,0,0,999,0.000,0
10,10,2019,18,0,,19.260,11.070,59.000,89238.930,88.987,1370.164,324.147,76.150,270.725,59.536,9138.000,25718.902,6548.990,308.811,999,0.240,8.000,99,9999,99999,9,999999999,0.000,0.999,0,0,999,0.000,0
10,10,2019,19,0,,18.290,10.920,62.000,89238.930,0.000,1370.164,319.513,0.000,0.000,0.000,0.000,0.000,0.000,-0.000,999,0.110,8.000,99,9999,99999,9,999999999,0.000,0.999,0,0,999,0.000,0
10,10,2019,20,0,,17.310,10.780,65.000,89238.930,0.000,1370.164,314.736,0.000,0.000,0.000,0.000,0.000,0.000,-0.000,999,0.110,8.000,99,9999,99999,9,999999999,0.000,0.999,0,0,999,0.000,0
10,10,2019,21,0,,16.340,10.630,68.000,89238.930,0.000,1370.164,309.971,0.000,0.000,0.000,0.000,0.000,0.000,-0.000,999,0.110,8.000,99,9999,99999,9,999999999,0.000,0.999,0,0,999,0.000,0
10,10,2019,22,0,,15.360,10.480,72.000,89238.930,0.000,1370.164,305.701,0.000,0.000,0.000,0.000,0.000,0.000,-0.000,999,0.110,8.000,99,9999,99999,9,999999999,0.000,0.999,0,0,999,0.000,0
10,10,2019,23,0,,14.390,10.330,76.000,89238.930,0.000,1370.164,301.392,0.000,0.000,0.000,0.000,0.000,0.000,-0.000,999,0.110,8.000,99,9999,99999,9,999999999,0.000,0.999,0,0,999,0.000,0
10,10,2019,24,0,,13.410,9.720,78.000,89238.930,0.000,1370.164,295.853,0.000,0.000,0.000,0.000,0.000,0.000,-0.000,999,0.120,8.000,99,9999,99999,9,999999999,0.000,0.999,0,0,999,0.000,0
10,11,2019,1,0,,12.930,9.670,80.000,89238.930,0.000,1370.164,293.693,0.000,0.000,0.000,0.000,0.000,0.000,-0.000,999,0.120,8.000,99,9999,99999,9,999999999,0.000,0.999,0,0,999,0.000,0
10,11,2019,2,0,,12.440,9.620,82.000,89238.930,0.000,1370.164,291.448,0.000,0.000,0.000,0.000,0.000,0.000,-0.000,999,0.120,8.000,99,9999,99999,9,999999999,0.000,0.999,0,0,999,0.000,0
10,11,2019,3,0,,11.950,9.570,85.000,89238.930,0.000,1370.164,289.676,0.000,0.000,0.000,0.000,0.000,0.000,-0.000,999,0.120,8.000,99,9999,99999,9,999999999,0.000,0.999,0,0,999,0.000,0
10,11,2019,4,0,,11.470,9.530,87.000,89238.930,0.000,1370.971,287.452,0.000,0.000,0.000,0.000,0.000,0.000,-0.000,999,0.120,8.000,99,9999,99999,9,999999999,0.000,0.999,0,0,999,0.000,0
10,11,2019,5,0,,11.030,9.480,90.000,89238.930,0.000,1370.971,285.935,0.000,0.000,0.000,0.000,0.000,0.000,-0.000,999,0.120,8.000,99,9999,99999,9,999999999,0.000,0.999,0,0,999,0.000,0
10,11,2019,6,0,,10.710,9.450,91.000,89238.930,40.309,1370.971,284.279,0.000,0.000,0.000,0.000,0.000,0.000,0.000,999,0.120,8.000,99,9999,99999,9,999999999,0.000,0.999,0,0,999,0.000,0
10,11,2019,7,0,,10.390,9.420,93.000,89238.930,363.624,1370.971,283.062,49.760,0.000,49.760,5971.200,0.000,5473.600,59.945,999,0.120,8.000,99,9999,99999,9,999999999,0.000,0.999,0,0,999,0.000,0
10,11,2019,8,0,,13.350,9.710,78.000,89238.930,671.967,1370.971,295.449,220.080,29.381,205.693,26409.600,2791.173,22626.189,133.706,999,0.120,7.000,99,9999,99999,9,999999999,0.000,0.999,0,0,999,0.000,0
10,11,2019,9,0,,15.200,9.890,70.000,89238.930,938.998,1370.971,303.377,388.460,68.100,341.833,46615.200,6469.497,37601.611,158.918,999,0.120,7.000,99,9999,99999,9,999999999,0.000,0.999,0,0,999,0.000,0
10,11,2019,10,0,,16.900,10.050,63.000,89238.930,1146.195,1370.971,310.477,529.630,105.839,441.155,63555.600,10054.700,48527.046,167.983,999,0.200,6.000,99,9999,99999,9,999999999,0.000,0.999,0,0,999,0.000,0
10,11,2019,11,0,,18.360,10.190,58.000,89238.930,1279.367,1370.971,316.975,631.550,8.063,624.026,75786.000,765.951,68642.905,212.865,999,0.740,6.000,99,9999,99999,9,999999999,0.000,0.999,0,0,999,0.000,0
10,11,2019,12,0,,19.540,10.300,55.000,89238.930,1329.423,1370.971,322.902,686.550,9.365,677.469,82386.000,889.638,74521.628,222.389,999,0.990,6.000,99,9999,99999,9,999999999,0.000,0.999,0,0,999,0.000,0
10,11,2019,13,0,,20.390,10.380,52.000,89238.930,1292.959,1370.971,326.375,690.630,11.000,680.257,82875.600,1044.981,74828.215,229.605,999,1.490,6.000,99,9999,99999,9,999999999,0.000,0.999,0,0,999,0.000,0
10,11,2019,14,0,,20.910,10.430,51.000,89238.930,1172.479,1370.971,329.205,643.510,206.749,466.714,77221.200,19641.111,51338.539,173.728,999,1.980,6.000,99,9999,99999,9,999999999,0.000,0.999,0,0,999,0.000,0
10,11,2019,15,0,,21.070,10.450,50.000,89238.930,976.235,1370.971,329.428,548.620,282.536,347.490,65834.400,26840.935,38223.923,155.378,999,1.100,6.000,99,9999,99999,9,999999999,0.000,0.999,0,0,999,0.000,0
10,11,2019,16,0,,20.800,10.420,51.000,89238.930,717.686,1370.971,328.413,413.050,361.560,223.925,49566.000,34348.176,24631.723,136.265,999,0.340,7.000,99,9999,99999,9,999999999,0.000,0.999,0,0,999,0.000,0
10,11,2019,17,0,,20.010,10.350,53.000,89238.930,414.719,1370.971,324.542,248.010,396.575,128.389,29761.200,37674.633,14122.844,135.488,999,0.120,7.000,99,9999,99999,9,999999999,0.000,0.999,0,0,999,0.000,0
10,11,2019,18,0,,18.820,10.240,57.000,89238.930,90.714,1370.971,319.430,74.530,257.104,58.426,8943.600,24424.921,6426.849,296.913,999,0.120,8.000,99,9999,99999,9,999999999,0.000,0.999,0,0,999,0.000,0
10,11,2019,19,0,,17.950,10.150,60.000,89238.930,0.000,1370.971,315.626,0.000,0.000,0.000,0.000,0.000,0.000,-0.000,999,0.120,8.000,99,9999,99999,9,999999999,0.000,0.999,0,0,999,0.000,0
10,11,2019,20,0,,17.080,10.070,63.000,89238.930,0.000,1370.971,311.729,0.000,0.000,0.000,0.000,0.000,0.000,-0.000,999,0.120,8.000,99,9999,99999,9,999999999,0.000,0.999,0,0,999,0.000,0
10,11,2019,21,0,,16.220,9.990,66.000,89238.930,0.000,1370.971,307.822,0.000,0.000,0.000,0.000,0.000,0.000,-0.000,999,0.120,8.000,99,9999,99999,9,999999999,0.000,0.999,0,0,999,0.000,0
10,11,2019,22,0,,15.350,9.900,69.000,89238.930,0.000,1370.971,303.780,0.000,0.000,0.000,0.000,0.000,0.000,-0.000,999,0.120,8.000,99,9999,99999,9,999999999,0.000,0.999,0,0,999,0.000,0
10,11,2019,23,0,,14.480,9.820,73.000,89238.930,0.000,1370.971,300.274,0.000,0.000,0.000,0.000,0.000,0.000,-0.000,999,0.120,8.000,99,9999,99999,9,999999999,0.000,0.999,0,0,999,0.000,0
10,11,2019,24,0,,13.620,11.140,84.000,89238.930,0.000,1370.971,300.434,0.000,0.000,0.000,0.000,0.000,0.000,-0.000,999,0.120,8.000,99,9999,99999,9,999999999,0.000,0.999,0,0,999,0.000,0
10,12,2019,1,0,,13.180,11.090,87.000,89238.930,0.000,1370.971,298.934,0.000,0.000,0.000,0.000,0.000,0.000,-0.000,999,0.120,8.000,99,9999,99999,9,999999999,0.000,0.999,0,0,999,0.000,0
10,12,2019,2,0,,12.750,11.040,89.000,89238.930,0.000,1370.971,296.976,0.000,0.000,0.000,0.000,0.000,0.000,-0.000,999,0.120,8.000,99,9999,99999,9,999999999,0.000,0.999,0,0,999,0.000,0
10,12,2019,3,0,,12.320,10.990,91.000,89238.930,0.000,1370.971,295.004,0.000,0.000,0.000,0.000,0.000,0.000,-0.000,999,0.120,8.000,99,9999,99999,9,999999999,0.000,0.999,0,0,999,0.000,0
10,12,2019,4,0,,11.880,10.940,93.000,89238.930,0.000,1371.777,292.951,0.000,0.000,0.000,0.000,0.000,0.000,-0.000,999,0.120,8.000,99,9999,99999,9,999999999,0.000,0.999,0,0,999,0.000,0
10,12,2019,5,0,,11.500,10.900,96.000,89238.930,0.000,1371.777,291.724,0.000,0.000,0.000,0.000,0.000,0.000,-0.000,999,0.120,8.000,99,9999,99999,9,999999999,0.000,0.999,0,0,999,0.000,0
10,12,2019,6,0,,11.210,10.860,97.000,89238.930,44.631,1371.777,290.213,0.000,0.000,0.000,0.000,0.000,0.000,0.000,999,0.120,8.000,99,9999,99999,9,999999999,0.000,0.999,0,0,999,0.000,0
10,12,2019,7,0,,10.930,10.830,99.000,89238.930,368.184,1371.777,289.187,56.680,0.000,56.680,6801.600,0.000,6234.800,67.470,999,0.120,8.000,99,9999,99999,9,999999999,0.000,0.999,0,0,999,0.000,0
10,12,2019,8,0,,14.280,11.220,81.000,89238.930,676.329,1371.777,303.391,243.880,43.076,222.661,29265.600,4092.242,24492.754,143.885,999,0.120,7.000,99,9999,99999,9,999999999,0.000,0.999,0,0,999,0.000,0
10,12,2019,9,0,,16.340,11.450,72.000,89238.930,943.075,1371.777,312.512,428.470,106.422,355.331,51416.400,10110.049,39086.385,164.574,999,0.120,6.000,99,9999,99999,9,999999999,0.000,0.999,0,0,999,0.000,0
10,12,2019,10,0,,18.240,11.660,65.000,89238.930,1149.930,1371.777,321.320,583.120,231.159,389.369,69974.400,21960.103,42830.557,147.869,999,0.120,5.000,99,9999,99999,9,999999999,0.000,0.999,0,0,999,0.000,0
10,12,2019,11,0,,19.880,11.840,59.000,89238.930,1282.726,1371.777,328.610,694.680,135.122,568.335,83361.600,12836.593,62516.842,193.474,999,0.400,5.000,99,9999,99999,9,999999999,0.000,0.999,0,0,999,0.000,0
10,12,2019,12,0,,21.190,11.980,55.000,89238.930,1332.399,1371.777,334.822,754.760,156.823,602.441,90571.200,14898.179,66268.556,197.434,999,0.620,5.000,99,9999,99999,9,999999999,0.000,0.999,0,0,999,0.000,0
10,12,2019,13,0,,22.140,12.090,52.000,89238.930,1295.570,1371.777,339.108,758.990,295.575,479.845,91078.800,28079.629,52782.948,161.729,999,0.870,5.000,99,9999,99999,9,999999999,0.000,0.999,0,0,999,0.000,0
10,12,2019,14,0,,22.710,12.150,51.000,89238.930,1174.771,1371.777,342.386,707.080,316.654,435.931,84849.600,30082.110,47952.410,162.048,999,0.870,5.000,99,9999,99999,9,999999999,0.000,0.999,0,0,999,0.000,0
10,12,2019,15,0,,22.890,12.170,50.000,89238.930,978.274,1371.777,342.755,602.800,404.807,314.196,72336.000,38456.683,34561.591,140.281,999,1.420,5.000,99,9999,99999,9,999999999,0.000,0.999,0,0,999,0.000,0
10,12,2019,16,0,,22.580,12.130,51.000,89238.930,719.554,1371.777,341.420,453.970,510.092,186.612,54476.400,48458.758,20527.290,113.330,999,1.460,6.000,99,9999,99999,9,999999999,0.000,0.999,0,0,999,0.000,0
10,12,2019,17,0,,21.700,12.040,54.000,89238.930,416.510,1371.777,337.687,272.860,468.797,130.925,32743.200,44535.702,14401.706,137.647,999,0.960,7.000,99,9999,99999,9,999999999,0.000,0.999,0,0,999,0.000,0
10,12,2019,18,0,,20.360,11.890,58.000,89238.930,92.472,1371.777,331.288,82.500,257.567,66.035,9900.000,24468.905,7263.802,328.806,999,0.370,8.000,99,9999,99999,9,999999999,0.000,0.999,0,0,999,0.000,0
10,12,2019,19,0,,19.390,11.790,61.000,89238.930,0.000,1371.777,326.630,0.000,0.000,0.000,0.000,0.000,0.000,-0.000,999,0.120,8.000,99,9999,99999,9,999999999,0.000,0.999,0,0,999,0.000,0
10,12,2019,20,0,,18.410,11.680,64.000,89238.930,0.000,1371.777,321.821,0.000,0.000,0.000,0.000,0.000,0.000,-0.000,999,0.120,8.000,99,9999,99999,9,999999999,0.000,0.999,0,0,999,0.000,0
10,12,2019,21,0,,17.440,11.570,68.000,89238.930,0.000,1371.777,317.691,0.000,0.000,0.000,0.000,0.000,0.000,-0.000,999,0.120,8.000,99,9999,99999,9,999999999,0.000,0.999,0,0,999,0.000,0
10,12,2019,22,0,,16.460,11.460,72.000,89238.930,0.000,1371.777,313.354,0.000,0.000,0.000,0.000,0.000,0.000,-0.000,999,0.120,8.000,99,9999,99999,9,999999999,0.000,0.999,0,0,999,0.000,0
10,12,2019,23,0,,15.490,11.350,76.000,89238.930,0.000,1371.777,308.976,0.000,0.000,0.000,0.000,0.000,0.000,-0.000,999,0.120,8.000,99,9999,99999,9,999999999,0.000,0.999,0,0,999,0.000,0
10,12,2019,24,0,,14.510,11.680,83.000,89238.930,0.000,1371.777,306.040,0.000,0.000,0.000,0.000,0.000,0.000,-0.000,999,0.090,8.000,99,9999,99999,9,999999999,0.000,0.999,0,0,999,0.000,0
10,13,2019,1,0,,14.030,11.640,85.000,89238.930,0.000,1371.777,303.759,0.000,0.000,0.000,0.000,0.000,0.000,-0.000,999,0.090,8.000,99,9999,99999,9,999999999,0.000,0.999,0,0,999,0.000,0
10,13,2019,2,0,,13.540,11.590,87.000,89238.930,0.000,1371.777,301.395,0.000,0.000,0.000,0.000,0.000,0.000,-0.000,999,0.090,8.000,99,9999,99999,9,999999999,0.000,0.999,0,0,999,0.000,0
10,13,2019,3,0,,13.050,11.540,90.000,89238.930,0.000,1371.777,299.495,0.000,0.000,0.000,0.000,0.000,0.000,-0.000,999,0.090,8.000,99,9999,99999,9,999999999,0.000,0.999,0,0,999,0.000,0
10,13,2019,4,0,,12.560,11.500,93.000,89238.930,0.000,1372.582,297.552,0.000,0.000,0.000,0.000,0.000,0.000,-0.000,999,0.100,8.000,99,9999,99999,9,999999999,0.000,0.999,0,0,999,0.000,0
10,13,2019,5,0,,12.130,11.460,95.000,89238.930,0.000,1372.582,295.533,0.000,0.000,0.000,0.000,0.000,0.000,-0.000,999,0.090,8.000,99,9999,99999,9,999999999,0.000,0.999,0,0,999,0.000,0
10,13,2019,6,0,,11.810,11.420,97.000,89238.930,48.927,1372.582,294.246,0.000,0.000,0.000,0.000,0.000,0.000,0.000,999,0.090,8.000,99,9999,99999,9,999999999,0.000,0.999,0,0,999,0.000,0
10,13,2019,7,0,,11.490,11.390,99.000,89238.930,372.673,1372.582,292.942,81.720,0.000,81.720,9806.400,0.000,8989.200,96.152,999,0.090,8.000,99,9999,99999,9,999999999,0.000,0.999,0,0,999,0.000,0
10,13,2019,8,0,,15.410,11.770,78.000,89238.930,680.611,1372.582,309.566,288.340,117.830,229.965,34600.800,11193.840,25296.154,147.755,999,0.110,5.000,99,9999,99999,9,999999999,0.000,0.999,0,0,999,0.000,0
10,13,2019,9,0,,17.040,11.920,71.000,89238.930,947.070,1372.582,316.815,415.280,103.873,343.632,49833.600,9867.960,37799.468,158.577,999,0.230,6.000,99,9999,99999,9,999999999,0.000,0.999,0,0,999,0.000,0
10,13,2019,10,0,,19.320,12.130,63.000,89238.930,1153.582,1372.582,327.632,691.690,322.995,420.263,83002.800,30684.554,46228.916,159.189,999,0.300,3.000,99,9999,99999,9,999999999,0.000,0.999,0,0,999,0.000,0
10,13,2019,11,0,,20.360,12.230,59.000,89238.930,1286.008,1372.582,332.098,614.680,173.249,452.365,73761.600,16458.652,49760.171,153.692,999,0.520,7.000,99,9999,99999,9,999999999,0.000,0.999,0,0,999,0.000,0
10,13,2019,12,0,,21.410,12.330,56.000,89238.930,1335.308,1372.582,337.303,715.450,198.282,522.556,85854.000,18836.775,57481.160,170.981,999,0.700,6.000,99,9999,99999,9,999999999,0.000,0.999,0,0,999,0.000,0
10,13,2019,13,0,,22.350,12.410,53.000,89238.930,1298.128,1372.582,341.590,777.810,302.691,491.548,93337.200,28755.664,54070.256,165.444,999,0.890,5.000,99,9999,99999,9,999999999,0.000,0.999,0,0,999,0.000,0
10,13,2019,14,0,,22.590,12.430,52.000,89238.930,1177.025,1372.582,342.443,602.720,208.112,424.278,72326.400,19770.610,46670.536,157.507,999,1.120,7.000,99,9999,99999,9,999999999,0.000,0.999,0,0,999,0.000,0
10,13,2019,15,0,,22.190,12.400,53.000,89238.930,980.293,1372.582,340.403,424.780,96.149,356.130,50973.600,9134.171,39174.300,158.768,999,1.630,8.000,99,9999,99999,9,999999999,0.000,0.999,0,0,999,0.000,0
10,13,2019,16,0,,21.730,12.360,55.000,89238.930,721.421,1372.582,338.795,383.770,238.361,258.585,46052.400,22644.324,28444.320,156.724,999,1.380,7.000,99,9999,99999,9,999999999,0.000,0.999,0,0,999,0.000,0
10,13,2019,17,0,,20.460,12.240,59.000,89238.930,418.318,1372.582,332.828,111.670,26.414,103.642,13400.400,2509.367,11400.671,108.554,999,0.450,8.000,99,9999,99999,9,999999999,0.000,0.999,0,0,999,0.000,0
10,13,2019,18,0,,19.290,12.130,63.000,89238.930,94.264,1372.582,327.415,75.440,226.697,60.650,9052.800,21536.224,6671.551,295.921,999,0.330,8.000,99,9999,99999,9,999999999,0.000,0.999,0,0,999,0.000,0
10,13,2019,19,0,,18.540,12.060,65.000,89238.930,0.000,1372.582,323.466,0.000,0.000,0.000,0.000,0.000,0.000,-0.000,999,0.130,8.000,99,9999,99999,9,999999999,0.000,0.999,0,0,999,0.000,0
10,13,2019,20,0,,17.800,11.990,68.000,89238.930,0.000,1372.582,320.249,0.000,0.000,0.000,0.000,0.000,0.000,-0.000,999,0.090,8.000,99,9999,99999,9,999999999,0.000,0.999,0,0,999,0.000,0
10,13,2019,21,0,,17.050,11.920,71.000,89238.930,0.000,1372.582,316.886,0.000,0.000,0.000,0.000,0.000,0.000,-0.000,999,0.090,8.000,99,9999,99999,9,999999999,0.000,0.999,0,0,999,0.000,0
10,13,2019,22,0,,16.300,11.850,74.000,89238.930,0.000,1372.582,313.457,0.000,0.000,0.000,0.000,0.000,0.000,-0.000,999,0.090,8.000,99,9999,99999,9,999999999,0.000,0.999,0,0,999,0.000,0
10,13,2019,23,0,,15.560,11.780,78.000,89238.930,0.000,1372.582,310.614,0.000,0.000,0.000,0.000,0.000,0.000,-0.000,999,0.090,8.000,99,9999,99999,9,999999999,0.000,0.999,0,0,999,0.000,0
10,13,2019,24,0,,14.810,12.630,86.000,89238.930,0.000,1372.582,309.691,0.000,0.000,0.000,0.000,0.000,0.000,-0.000,999,0.210,8.000,99,9999,99999,9,999999999,0.000,0.999,0,0,999,0.000,0
10,14,2019,1,0,,14.440,12.590,88.000,89238.930,0.000,1372.582,308.119,0.000,0.000,0.000,0.000,0.000,0.000,-0.000,999,0.210,8.000,99,9999,99999,9,999999999,0.000,0.999,0,0,999,0.000,0
10,14,2019,2,0,,14.060,12.550,90.000,89238.930,0.000,1372.582,306.458,0.000,0.000,0.000,0.000,0.000,0.000,-0.000,999,0.210,8.000,99,9999,99999,9,999999999,0.000,0.999,0,0,999,0.000,0
10,14,2019,3,0,,13.690,12.520,92.000,89238.930,0.000,1372.582,304.849,0.000,0.000,0.000,0.000,0.000,0.000,-0.000,999,0.210,8.000,99,9999,99999,9,999999999,0.000,0.999,0,0,999,0.000,0
10,14,2019,4,0,,13.320,12.480,94.000,89238.930,0.000,1373.386,303.223,0.000,0.000,0.000,0.000,0.000,0.000,-0.000,999,0.210,8.000,99,9999,99999,9,999999999,0.000,0.999,0,0,999,0.000,0
10,14,2019,5,0,,12.990,12.450,96.000,89238.930,0.000,1373.386,301.856,0.000,0.000,0.000,0.000,0.000,0.000,-0.000,999,0.210,8.000,99,9999,99999,9,999999999,0.000,0.999,0,0,999,0.000,0
10,14,2019,6,0,,12.740,12.420,97.000,89238.930,53.191,1373.386,300.582,0.000,0.000,0.000,0.000,0.000,0.000,0.000,999,0.210,8.000,99,9999,99999,9,999999999,0.000,0.999,0,0,999,0.000,0
10,14,2019,7,0,,12.490,12.400,99.000,89238.930,377.090,1373.386,299.741,55.320,0.000,55.320,6638.400,0.000,6085.200,64.360,999,0.210,8.000,99,9999,99999,9,999999999,0.000,0.999,0,0,999,0.000,0
10,14,2019,8,0,,15.340,12.680,84.000,89238.930,684.812,1373.386,312.367,226.200,28.585,211.959,27144.000,2715.549,23315.532,135.428,999,0.210,7.000,99,9999,99999,9,999999999,0.000,0.999,0,0,999,0.000,0
10,14,2019,9,0,,17.040,12.840,76.000,89238.930,950.978,1373.386,319.910,393.870,72.835,343.453,47264.400,6919.335,37779.790,157.935,999,0.210,7.000,99,9999,99999,9,999999999,0.000,0.999,0,0,999,0.000,0
10,14,2019,10,0,,18.600,12.990,69.000,89238.930,1157.150,1373.386,326.672,534.180,157.827,401.219,64101.600,14993.529,44134.065,151.596,999,0.210,6.000,99,9999,99999,9,999999999,0.000,0.999,0,0,999,0.000,0
10,14,2019,11,0,,19.940,13.120,64.000,89238.930,1289.211,1373.386,332.891,635.230,91.938,548.930,76227.600,8734.144,60382.297,186.146,999,0.210,6.000,99,9999,99999,9,999999999,0.000,0.999,0,0,999,0.000,0
10,14,2019,12,0,,21.020,13.220,61.000,89238.930,1338.148,1373.386,338.549,689.440,106.688,585.491,82732.800,10135.336,64404.038,191.278,999,0.220,6.000,99,9999,99999,9,999999999,0.000,0.999,0,0,999,0.000,0
10,14,2019,13,0,,21.800,13.300,58.000,89238.930,1300.633,1373.386,341.897,692.850,125.227,574.261,83142.000,11896.543,63168.709,193.024,999,0.330,6.000,99,9999,99999,9,999999999,0.000,0.999,0,0,999,0.000,0
10,14,2019,14,0,,22.270,13.340,56.000,89238.930,1179.244,1373.386,343.689,645.250,306.926,381.739,77430.000,29157.993,41991.254,141.531,999,1.060,6.000,99,9999,99999,9,999999999,0.000,0.999,0,0,999,0.000,0
10,14,2019,15,0,,22.410,13.350,56.000,89238.930,982.294,1373.386,344.737,550.110,289.006,343.461,66013.200,27455.552,37780.701,152.898,999,2.070,6.000,99,9999,99999,9,999999999,0.000,0.999,0,0,999,0.000,0
10,14,2019,16,0,,22.150,13.330,57.000,89238.930,723.289,1373.386,343.660,414.510,393.571,207.395,49741.200,37389.244,22813.479,125.447,999,1.050,7.000,99,9999,99999,9,999999999,0.000,0.999,0,0,999,0.000,0
10,14,2019,17,0,,21.420,13.260,59.000,89238.930,420.143,1373.386,339.902,249.680,361.634,139.359,29961.600,34355.235,15329.497,145.411,999,0.430,7.000,99,9999,99999,9,999999999,0.000,0.999,0,0,999,0.000,0
10,14,2019,18,0,,20.320,13.160,63.000,89238.930,96.089,1373.386,334.930,76.430,283.404,57.562,9171.600,26923.370,6331.872,275.220,999,0.210,8.000,99,9999,99999,9,999999999,0.000,0.999,0,0,999,0.000,0
10,14,2019,19,0,,19.450,13.070,66.000,89238.930,0.000,1373.386,330.765,0.000,0.000,0.000,0.000,0.000,0.000,-0.000,999,0.210,8.000,99,9999,99999,9,999999999,0.000,0.999,0,0,999,0.000,0
10,14,2019,20,0,,18.580,12.990,69.000,89238.930,0.000,1373.386,326.527,0.000,0.000,0.000,0.000,0.000,0.000,-0.000,999,0.210,8.000,99,9999,99999,9,999999999,0.000,0.999,0,0,999,0.000,0
10,14,2019,21,0,,17.710,12.910,73.000,89238.930,0.000,1373.386,322.864,0.000,0.000,0.000,0.000,0.000,0.000,-0.000,999,0.210,8.000,99,9999,99999,9,999999999,0.000,0.999,0,0,999,0.000,0
10,14,2019,22,0,,16.840,12.820,77.000,89238.930,0.000,1373.386,319.078,0.000,0.000,0.000,0.000,0.000,0.000,-0.000,999,0.210,8.000,99,9999,99999,9,999999999,0.000,0.999,0,0,999,0.000,0
10,14,2019,23,0,,15.970,12.740,81.000,89238.930,0.000,1373.386,315.186,0.000,0.000,0.000,0.000,0.000,0.000,-0.000,999,0.210,8.000,99,9999,99999,9,999999999,0.000,0.999,0,0,999,0.000,0
10,14,2019,24,0,,15.100,12.140,82.000,89238.930,0.000,1373.386,309.613,0.000,0.000,0.000,0.000,0.000,0.000,-0.000,999,0.370,8.000,99,9999,99999,9,999999999,0.000,0.999,0,0,999,0.000,0
10,15,2019,1,0,,14.660,12.170,85.000,89238.930,0.000,1373.386,308.127,0.000,0.000,0.000,0.000,0.000,0.000,-0.000,999,0.370,8.000,99,9999,99999,9,999999999,0.000,0.999,0,0,999,0.000,0
10,15,2019,2,0,,14.230,12.190,87.000,89238.930,0.000,1373.386,306.156,0.000,0.000,0.000,0.000,0.000,0.000,-0.000,999,0.370,8.000,99,9999,99999,9,999999999,0.000,0.999,0,0,999,0.000,0
10,15,2019,3,0,,13.790,12.220,90.000,89238.930,0.000,1373.386,304.585,0.000,0.000,0.000,0.000,0.000,0.000,-0.000,999,0.370,8.000,99,9999,99999,9,999999999,0.000,0.999,0,0,999,0.000,0
10,15,2019,4,0,,13.360,12.240,92.000,89238.930,0.000,1374.190,302.568,0.000,0.000,0.000,0.000,0.000,0.000,-0.000,999,0.370,8.000,99,9999,99999,9,999999999,0.000,0.999,0,0,999,0.000,0
10,15,2019,5,0,,12.970,12.270,95.000,89238.930,0.000,1374.190,301.267,0.000,0.000,0.000,0.000,0.000,0.000,-0.000,999,0.370,8.000,99,9999,99999,9,999999999,0.000,0.999,0,0,999,0.000,0
10,15,2019,6,0,,12.690,12.290,97.000,89238.930,57.418,1374.190,300.239,0.000,0.000,0.000,0.000,0.000,0.000,0.000,999,0.370,8.000,99,9999,99999,9,999999999,0.000,0.999,0,0,999,0.000,0
10,15,2019,7,0,,12.400,12.300,99.000,89238.930,381.432,1374.190,299.124,51.950,0.000,51.950,6234.000,0.000,5714.500,59.781,999,0.370,8.000,99,9999,99999,9,999999999,0.000,0.999,0,0,999,0.000,0
10,15,2019,8,0,,15.140,12.140,82.000,89238.930,688.929,1374.190,309.893,202.220,15.816,194.298,24266.400,1502.532,21372.751,123.472,999,0.370,8.000,99,9999,99999,9,999999999,0.000,0.999,0,0,999,0.000,0
10,15,2019,9,0,,16.350,12.060,75.000,89238.930,954.800,1374.190,314.411,294.470,32.194,272.108,35336.400,3058.451,29931.901,124.699,999,0.370,8.000,99,9999,99999,9,999999999,0.000,0.999,0,0,999,0.000,0
10,15,2019,10,0,,18.050,11.960,67.000,89238.930,1160.633,1374.190,321.354,498.000,126.492,391.178,59760.000,12016.768,43029.572,147.444,999,0.370,7.000,99,9999,99999,9,999999999,0.000,0.999,0,0,999,0.000,0
10,15,2019,11,0,,17.930,11.970,68.000,89238.930,1292.336,1374.190,321.177,232.210,6.579,226.023,27865.200,625.009,24862.538,76.505,999,0.370,8.000,99,9999,99999,9,999999999,0.000,0.999,0,0,999,0.000,0
10,15,2019,12,0,,19.510,11.870,61.000,89238.930,1340.922,1374.190,327.497,694.570,185.464,513.598,83348.400,17619.111,56495.810,167.542,999,0.370,6.000,99,9999,99999,9,999999999,0.000,0.999,0,0,999,0.000,0
10,15,2019,13,0,,20.650,11.800,56.000,89238.930,1303.084,1374.190,331.737,697.820,127.851,576.588,83738.400,12145.853,63424.718,193.555,999,0.370,6.000,99,9999,99999,9,999999999,0.000,0.999,0,0,999,0.000,0
10,15,2019,14,0,,21.370,11.760,54.000,89238.930,1181.426,1374.190,335.262,649.780,313.080,380.645,77973.600,29742.615,41870.935,140.947,999,0.370,6.000,99,9999,99999,9,999999999,0.000,0.999,0,0,999,0.000,0
10,15,2019,15,0,,21.570,11.740,53.000,89238.930,984.278,1374.190,335.832,499.840,168.821,378.954,59980.800,16037.957,41684.954,168.456,999,0.370,7.000,99,9999,99999,9,999999999,0.000,0.999,0,0,999,0.000,0
10,15,2019,16,0,,21.920,11.720,52.000,89238.930,725.159,1374.190,337.487,586.320,607.318,266.082,70358.400,57695.240,29268.968,160.623,999,0.370,1.000,99,9999,99999,9,999999999,0.000,0.999,0,0,999,0.000,0
10,15,2019,17,0,,22.160,11.710,51.000,89238.930,421.989,1374.190,338.316,559.380,592.286,378.004,67125.600,56267.126,41580.475,392.915,999,0.370,0.000,99,9999,99999,9,999999999,0.000,0.999,0,0,999,0.000,0
10,15,2019,18,0,,21.560,11.740,53.000,89238.930,97.949,1374.190,335.759,256.390,248.355,239.518,30766.800,23593.698,26347.010,1122.281,999,0.370,0.000,99,9999,99999,9,999999999,0.000,0.999,0,0,999,0.000,0
10,15,2019,19,0,,20.860,11.790,56.000,89238.930,0.000,1374.190,333.268,0.000,0.000,0.000,0.000,0.000,0.000,-0.000,999,0.370,1.000,99,9999,99999,9,999999999,0.000,0.999,0,0,999,0.000,0
10,15,2019,20,0,,20.160,11.830,58.000,89238.930,0.000,1374.190,329.835,0.000,0.000,0.000,0.000,0.000,0.000,-0.000,999,0.370,1.000,99,9999,99999,9,999999999,0.000,0.999,0,0,999,0.000,0
10,15,2019,21,0,,19.470,11.870,61.000,89238.930,0.000,1374.190,327.208,0.000,0.000,0.000,0.000,0.000,0.000,-0.000,999,0.370,2.000,99,9999,99999,9,999999999,0.000,0.999,0,0,999,0.000,0
10,15,2019,22,0,,18.770,11.920,64.000,89238.930,0.000,1374.190,324.400,0.000,0.000,0.000,0.000,0.000,0.000,-0.000,999,0.370,2.000,99,9999,99999,9,999999999,0.000,0.999,0,0,999,0.000,0
10,15,2019,23,0,,18.070,11.960,67.000,89238.930,0.000,1374.190,321.497,0.000,0.000,0.000,0.000,0.000,0.000,-0.000,999,0.370,3.000,99,9999,99999,9,999999999,0.000,0.999,0,0,999,0.000,0
10,15,2019,24,0,,17.380,14.690,83.000,89238.930,0.000,1374.190,326.430,0.000,0.000,0.000,0.000,0.000,0.000,-0.000,999,0.150,4.000,99,9999,99999,9,999999999,0.000,0.999,0,0,999,0.000,0
10,16,2019,1,0,,17.030,14.760,85.000,89238.930,0.000,1374.190,324.993,0.000,0.000,0.000,0.000,0.000,0.000,-0.000,999,0.150,4.000,99,9999,99999,9,999999999,0.000,0.999,0,0,999,0.000,0
10,16,2019,2,0,,16.680,14.830,88.000,89238.930,0.000,1374.190,324.060,0.000,0.000,0.000,0.000,0.000,0.000,-0.000,999,0.150,5.000,99,9999,99999,9,999999999,0.000,0.999,0,0,999,0.000,0
10,16,2019,3,0,,16.330,14.900,90.000,89238.930,0.000,1374.190,322.563,0.000,0.000,0.000,0.000,0.000,0.000,-0.000,999,0.150,6.000,99,9999,99999,9,999999999,0.000,0.999,0,0,999,0.000,0
10,16,2019,4,0,,15.980,14.960,93.000,89238.930,0.000,1374.991,321.541,0.000,0.000,0.000,0.000,0.000,0.000,-0.000,999,0.150,6.000,99,9999,99999,9,999999999,0.000,0.999,0,0,999,0.000,0
10,16,2019,5,0,,15.670,15.020,95.000,89238.930,0.000,1374.991,320.279,0.000,0.000,0.000,0.000,0.000,0.000,-0.000,999,0.150,7.000,99,9999,99999,9,999999999,0.000,0.999,0,0,999,0.000,0
10,16,2019,6,0,,15.440,15.070,97.000,89238.930,61.601,1374.991,319.574,0.000,0.000,0.000,0.000,0.000,0.000,0.000,999,0.150,7.000,99,9999,99999,9,999999999,0.000,0.999,0,0,999,0.000,0
10,16,2019,7,0,,15.210,15.110,99.000,89238.930,385.694,1374.991,318.850,65.930,0.000,65.930,7911.600,0.000,7252.300,75.068,999,0.150,8.000,99,9999,99999,9,999999999,0.000,0.999,0,0,999,0.000,0
10,16,2019,8,0,,17.270,14.710,83.000,89238.930,692.959,1374.991,325.630,190.610,11.041,185.050,22873.200,1048.920,20355.530,116.978,999,0.150,8.000,99,9999,99999,9,999999999,0.000,0.999,0,0,999,0.000,0
10,16,2019,9,0,,18.340,14.490,76.000,89238.930,958.532,1374.991,329.308,329.130,23.721,312.599,39495.600,2253.498,34385.863,142.779,999,0.210,8.000,99,9999,99999,9,999999999,0.000,0.999,0,0,999,0.000,0
10,16,2019,10,0,,18.610,14.440,75.000,89238.930,1164.029,1374.991,330.660,263.070,5.471,258.439,31568.400,519.729,28428.299,97.184,999,0.220,8.000,99,9999,99999,9,999999999,0.000,0.999,0,0,999,0.000,0
10,16,2019,11,0,,19.620,14.230,69.000,89238.930,1295.382,1374.991,334.123,528.180,91.317,442.153,63381.600,8675.157,48636.811,149.397,999,0.400,8.000,99,9999,99999,9,999999999,0.000,0.999,0,0,999,0.000,0
10,16,2019,12,0,,20.420,14.070,64.000,89238.930,1343.627,1374.991,336.423,572.680,49.333,524.473,68721.600,4686.656,57692.002,170.844,999,0.600,7.000,99,9999,99999,9,999999999,0.000,0.999,0,0,999,0.000,0
10,16,2019,13,0,,20.990,13.950,61.000,89238.930,1305.484,1374.991,338.327,575.180,57.831,520.274,69021.600,5493.914,57230.195,174.432,999,1.760,7.000,99,9999,99999,9,999999999,0.000,0.999,0,0,999,0.000,0
10,16,2019,14,0,,21.340,13.880,65.000,89238.930,1183.574,1374.991,344.035,535.520,142.919,412.510,64262.400,13577.280,45376.112,152.558,999,1.260,8.000,99,9999,99999,9,999999999,0.070,0.999,0,0,999,0.070,99
10,16,2019,15,0,,21.470,13.850,64.000,89238.930,986.247,1374.991,344.251,456.570,118.532,371.573,54788.400,11260.585,40873.052,164.941,999,1.430,8.000,99,9999,99999,9,999999999,0.260,0.999,0,0,999,0.260,99
10,16,2019,16,0,,21.340,13.880,76.000,89238.930,727.032,1374.991,351.806,344.250,161.875,258.722,41310.000,15378.131,28459.472,155.868,999,0.610,8.000,99,9999,99999,9,999999999,7.780,0.999,0,0,999,7.780,99
10,16,2019,17,0,,20.900,13.970,67.000,89238.930,423.855,1374.991,342.216,207.830,273.974,123.607,24939.600,26027.576,13596.765,127.989,999,0.190,8.000,99,9999,99999,9,999999999,0.010,0.999,0,0,999,0.010,99
10,16,2019,18,0,,20.210,14.110,71.000,89238.930,99.846,1374.991,339.877,64.440,283.955,44.757,7732.800,26975.733,4923.253,205.525,999,0.150,8.000,99,9999,99999,9,999999999,0.030,0.999,0,0,999,0.030,99
10,16,2019,19,0,,19.380,14.280,75.000,89238.930,0.000,1374.991,336.341,0.000,0.000,0.000,0.000,0.000,0.000,-0.000,999,0.150,8.000,99,9999,99999,9,999999999,0.490,0.999,0,0,999,0.490,99
10,16,2019,20,0,,18.550,14.450,80.000,89238.930,0.000,1374.991,333.279,0.000,0.000,0.000,0.000,0.000,0.000,-0.000,999,0.150,8.000,99,9999,99999,9,999999999,0.160,0.999,0,0,999,0.160,99
10,16,2019,21,0,,17.710,14.620,86.000,89238.930,0.000,1374.991,330.513,0.000,0.000,0.000,0.000,0.000,0.000,-0.000,999,0.150,8.000,99,9999,99999,9,999999999,0.110,0.999,0,0,999,0.110,99
10,16,2019,22,0,,16.880,14.790,92.000,89238.930,0.000,1374.991,327.588,0.000,0.000,0.000,0.000,0.000,0.000,-0.000,999,0.150,8.000,99,9999,99999,9,999999999,0.050,0.999,0,0,999,0.050,99
10,16,2019,23,0,,16.050,14.950,98.000,89238.930,0.000,1374.991,324.465,0.000,0.000,0.000,0.000,0.000,0.000,-0.000,999,0.150,8.000,99,9999,99999,9,999999999,0.020,0.999,0,0,999,0.020,99
10,16,2019,24,0,,15.220,10.660,74.000,89238.930,0.000,1374.991,305.933,0.000,0.000,0.000,0.000,0.000,0.000,-0.000,999,0.050,8.000,99,9999,99999,9,999999999,0.000,0.999,0,0,999,0.000,0
10,17,2019,1,0,,14.800,10.610,75.000,89238.930,0.000,1374.991,303.627,0.000,0.000,0.000,0.000,0.000,0.000,-0.000,999,0.050,8.000,99,9999,99999,9,999999999,0.000,0.999,0,0,999,0.000,0
10,17,2019,2,0,,14.390,10.560,77.000,89238.930,0.000,1374.991,301.955,0.000,0.000,0.000,0.000,0.000,0.000,-0.000,999,0.050,8.000,99,9999,99999,9,999999999,0.000,0.999,0,0,999,0.000,0
10,17,2019,3,0,,13.970,10.500,79.000,89238.930,0.000,1374.991,300.190,0.000,0.000,0.000,0.000,0.000,0.000,-0.000,999,0.050,8.000,99,9999,99999,9,999999999,0.000,0.999,0,0,999,0.000,0
10,17,2019,4,0,,13.550,10.440,81.000,89238.930,0.000,1375.791,298.402,0.000,0.000,0.000,0.000,0.000,0.000,-0.000,999,0.050,8.000,99,9999,99999,9,999999999,0.000,0.999,0,0,999,0.000,0
10,17,2019,5,0,,13.190,10.400,83.000,89238.930,0.000,1375.791,296.998,0.000,0.000,0.000,0.000,0.000,0.000,-0.000,999,0.050,8.000,99,9999,99999,9,999999999,0.000,0.999,0,0,999,0.000,0
10,17,2019,6,0,,12.910,10.360,84.000,89238.930,65.736,1375.791,295.612,0.000,0.000,0.000,0.000,0.000,0.000,0.000,999,0.050,8.000,99,9999,99999,9,999999999,0.000,0.999,0,0,999,0.000,0
10,17,2019,7,0,,12.640,10.320,85.000,89238.930,389.876,1375.791,294.291,59.970,0.000,59.970,7196.400,0.000,6596.700,67.584,999,0.050,8.000,99,9999,99999,9,999999999,0.000,0.999,0,0,999,0.000,0
10,17,2019,8,0,,15.330,10.680,73.000,89238.930,696.901,1375.791,306.097,229.090,29.468,214.176,27490.800,2799.499,23559.310,134.701,999,0.050,7.000,99,9999,99999,9,999999999,0.000,0.999,0,0,999,0.000,0
10,17,2019,9,0,,16.880,10.880,67.000,89238.930,962.175,1375.791,313.079,393.980,64.408,348.950,47277.600,6118.731,38384.455,158.871,999,0.050,7.000,99,9999,99999,9,999999999,0.000,0.999,0,0,999,0.000,0
10,17,2019,10,0,,18.300,11.060,62.000,89238.930,1167.338,1375.791,319.584,531.710,148.825,405.449,63805.200,14138.389,44599.338,152.122,999,0.170,7.000,99,9999,99999,9,999999999,0.000,0.999,0,0,999,0.000,0
10,17,2019,11,0,,19.520,11.220,58.000,89238.930,1298.348,1375.791,325.218,630.700,86.498,549.074,75684.000,8217.289,60398.147,185.207,999,0.820,6.000,99,9999,99999,9,999999999,0.000,0.999,0,0,999,0.000,0
10,17,2019,12,0,,20.500,11.340,55.000,89238.930,1346.265,1375.791,329.797,683.520,100.275,585.398,82022.400,9526.154,64393.775,190.427,999,1.830,6.000,99,9999,99999,9,999999999,0.000,0.999,0,0,999,0.000,0
10,17,2019,13,0,,21.200,11.430,53.000,89238.930,1307.831,1375.791,333.128,686.310,117.674,574.453,82357.200,11178.999,63189.778,192.362,999,1.700,6.000,99,9999,99999,9,999999999,0.000,0.999,0,0,999,0.000,0
10,17,2019,14,0,,21.620,11.480,52.000,89238.930,1185.688,1375.791,335.286,638.910,288.517,390.285,76669.200,27409.122,42931.319,144.164,999,1.630,6.000,99,9999,99999,9,999999999,0.000,0.999,0,0,999,0.000,0
10,17,2019,15,0,,21.750,11.500,52.000,89238.930,988.200,1375.791,336.238,544.750,271.837,349.549,65370.000,25824.541,38450.396,154.948,999,1.120,7.000,99,9999,99999,9,999999999,0.000,0.999,0,0,999,0.000,0
10,17,2019,16,0,,21.510,11.470,52.000,89238.930,728.910,1375.791,334.481,410.890,370.630,214.673,49306.800,35209.888,23614.043,129.072,999,0.540,7.000,99,9999,99999,9,999999999,0.000,0.999,0,0,999,0.000,0
10,17,2019,17,0,,20.840,11.380,54.000,89238.930,425.742,1375.791,331.396,248.360,478.040,100.833,29803.200,45413.799,11091.585,104.002,999,0.220,7.000,99,9999,99999,9,999999999,0.000,0.999,0,0,999,0.000,0
10,17,2019,18,0,,19.830,11.260,57.000,89238.930,101.780,1375.791,326.635,77.520,272.868,58.221,9302.400,25922.466,6404.294,262.025,999,0.070,8.000,99,9999,99999,9,999999999,0.000,0.999,0,0,999,0.000,0
10,17,2019,19,0,,19.030,11.150,60.000,89238.930,0.000,1375.791,323.278,0.000,0.000,0.000,0.000,0.000,0.000,-0.000,999,0.120,8.000,99,9999,99999,9,999999999,0.000,0.999,0,0,999,0.000,0
10,17,2019,20,0,,18.240,11.050,62.000,89238.930,0.000,1375.791,319.158,0.000,0.000,0.000,0.000,0.000,0.000,-0.000,999,0.050,8.000,99,9999,99999,9,999999999,0.000,0.999,0,0,999,0.000,0
10,17,2019,21,0,,17.450,10.950,65.000,89238.930,0.000,1375.791,315.720,0.000,0.000,0.000,0.000,0.000,0.000,-0.000,999,0.050,8.000,99,9999,99999,9,999999999,0.000,0.999,0,0,999,0.000,0
10,17,2019,22,0,,16.660,10.850,68.000,89238.930,0.000,1375.791,312.202,0.000,0.000,0.000,0.000,0.000,0.000,-0.000,999,0.050,8.000,99,9999,99999,9,999999999,0.000,0.999,0,0,999,0.000,0
10,17,2019,23,0,,15.870,10.750,71.000,89238.930,0.000,1375.791,308.614,0.000,0.000,0.000,0.000,0.000,0.000,-0.000,999,0.050,8.000,99,9999,99999,9,999999999,0.000,0.999,0,0,999,0.000,0
10,17,2019,24,0,,15.080,11.510,79.000,89238.930,0.000,1375.791,307.830,0.000,0.000,0.000,0.000,0.000,0.000,-0.000,999,0.130,8.000,99,9999,99999,9,999999999,0.000,0.999,0,0,999,0.000,0
10,18,2019,1,0,,14.690,11.530,81.000,89238.930,0.000,1375.791,306.221,0.000,0.000,0.000,0.000,0.000,0.000,-0.000,999,0.130,8.000,99,9999,99999,9,999999999,0.000,0.999,0,0,999,0.000,0
10,18,2019,2,0,,14.290,11.560,83.000,89238.930,0.000,1375.791,304.519,0.000,0.000,0.000,0.000,0.000,0.000,-0.000,999,0.130,8.000,99,9999,99999,9,999999999,0.000,0.999,0,0,999,0.000,0
10,18,2019,3,0,,13.900,11.580,85.000,89238.930,0.000,1375.791,302.864,0.000,0.000,0.000,0.000,0.000,0.000,-0.000,999,0.130,8.000,99,9999,99999,9,999999999,0.000,0.999,0,0,999,0.000,0
10,18,2019,4,0,,13.500,11.610,88.000,89238.930,0.000,1376.589,301.613,0.000,0.000,0.000,0.000,0.000,0.000,-0.000,999,0.130,8.000,99,9999,99999,9,999999999,0.000,0.999,0,0,999,0.000,0
10,18,2019,5,0,,13.150,11.630,90.000,89238.930,0.000,1376.589,300.179,0.000,0.000,0.000,0.000,0.000,0.000,-0.000,999,0.130,8.000,99,9999,99999,9,999999999,0.000,0.999,0,0,999,0.000,0
10,18,2019,6,0,,12.890,11.640,92.000,89238.930,69.816,1376.589,299.342,0.000,0.000,0.000,0.000,0.000,0.000,0.000,999,0.130,8.000,99,9999,99999,9,999999999,0.000,0.999,0,0,999,0.000,0
10,18,2019,7,0,,12.630,11.660,93.000,89238.930,393.974,1376.589,298.029,64.110,0.000,64.110,7693.200,0.000,7052.100,71.535,999,0.130,8.000,99,9999,99999,9,999999999,0.000,0.999,0,0,999,0.000,0
10,18,2019,8,0,,14.870,11.520,80.000,89238.930,700.753,1376.589,306.924,239.900,33.436,222.894,28788.000,3176.429,24518.294,139.492,999,0.130,7.000,99,9999,99999,9,999999999,0.000,0.999,0,0,999,0.000,0
10,18,2019,9,0,,16.140,11.440,73.000,89238.930,965.724,1376.589,311.727,410.960,80.603,354.431,49315.200,7657.281,38987.451,160.866,999,0.130,7.000,99,9999,99999,9,999999999,0.000,0.999,0,0,999,0.000,0
10,18,2019,10,0,,17.300,11.360,68.000,89238.930,1170.558,1376.589,316.700,553.790,173.271,406.469,66454.800,16460.751,44711.540,152.173,999,0.130,6.000,99,9999,99999,9,999999999,0.000,0.999,0,0,999,0.000,0
10,18,2019,11,0,,18.300,11.300,63.000,89238.930,1301.235,1376.589,320.315,656.360,100.755,561.124,78763.200,9571.735,61723.589,188.961,999,0.150,6.000,99,9999,99999,9,999999999,0.000,0.999,0,0,999,0.000,0
10,18,2019,12,0,,19.100,11.250,60.000,89238.930,1348.836,1376.589,323.779,710.990,116.784,596.562,85318.800,11094.507,65621.767,193.801,999,0.450,6.000,99,9999,99999,9,999999999,0.000,0.999,0,0,999,0.000,0
10,18,2019,13,0,,19.680,11.210,58.000,89238.930,1310.128,1376.589,326.367,713.710,136.807,583.512,85645.200,12996.658,64186.323,195.166,999,0.690,6.000,99,9999,99999,9,999999999,0.000,0.999,0,0,999,0.000,0
10,18,2019,14,0,,20.020,11.190,56.000,89238.930,1187.769,1376.589,327.176,664.350,334.101,376.105,79722.000,31739.570,41371.567,138.764,999,0.850,6.000,99,9999,99999,9,999999999,0.000,0.999,0,0,999,0.000,0
10,18,2019,15,0,,20.130,11.180,56.000,89238.930,990.141,1376.589,327.969,566.490,312.661,341.663,67978.800,29702.829,37582.952,151.243,999,1.460,6.000,99,9999,99999,9,999999999,0.000,0.999,0,0,999,0.000,0
10,18,2019,16,0,,19.930,11.190,57.000,89238.930,730.793,1376.589,327.355,427.440,421.436,203.878,51292.800,40036.411,22426.604,122.336,999,1.160,7.000,99,9999,99999,9,999999999,0.000,0.999,0,0,999,0.000,0
10,18,2019,17,0,,19.370,11.230,59.000,89238.930,427.654,1376.589,324.935,258.690,379.317,141.169,31042.800,36035.141,15528.616,145.037,999,1.350,7.000,99,9999,99999,9,999999999,0.000,0.999,0,0,999,0.000,0
10,18,2019,18,0,,18.540,11.280,62.000,89238.930,103.752,1376.589,321.290,81.280,295.363,59.966,9753.600,28059.476,6596.258,264.512,999,0.400,8.000,99,9999,99999,9,999999999,0.000,0.999,0,0,999,0.000,0
10,18,2019,19,0,,18.010,11.320,64.000,89238.930,0.000,1376.589,318.975,0.000,0.000,0.000,0.000,0.000,0.000,-0.000,999,0.270,8.000,99,9999,99999,9,999999999,0.000,0.999,0,0,999,0.000,0
10,18,2019,20,0,,17.470,11.350,67.000,89238.930,0.000,1376.589,317.231,0.000,0.000,0.000,0.000,0.000,0.000,-0.000,999,0.130,8.000,99,9999,99999,9,999999999,0.000,0.999,0,0,999,0.000,0
10,18,2019,21,0,,16.930,11.390,69.000,89238.930,0.000,1376.589,314.749,0.000,0.000,0.000,0.000,0.000,0.000,-0.000,999,0.130,8.000,99,9999,99999,9,999999999,0.000,0.999,0,0,999,0.000,0
10,18,2019,22,0,,16.390,11.420,72.000,89238.930,0.000,1376.589,312.863,0.000,0.000,0.000,0.000,0.000,0.000,-0.000,999,0.170,8.000,99,9999,99999,9,999999999,0.000,0.999,0,0,999,0.000,0
10,18,2019,23,0,,15.850,11.460,75.000,89238.930,0.000,1376.589,310.900,0.000,0.000,0.000,0.000,0.000,0.000,-0.000,999,0.220,8.000,99,9999,99999,9,999999999,0.000,0.999,0,0,999,0.000,0
10,18,2019,24,0,,15.310,13.640,94.000,89238.930,0.000,1376.589,317.212,0.000,0.000,0.000,0.000,0.000,0.000,-0.000,999,11.170,8.000,99,9999,99999,9,999999999,0.020,0.999,0,0,999,0.020,99
10,19,2019,1,0,,15.040,13.620,91.000,89238.930,0.000,1376.589,313.828,0.000,0.000,0.000,0.000,0.000,0.000,-0.000,999,4.400,8.000,99,9999,99999,9,999999999,0.000,0.999,0,0,999,0.000,0
10,19,2019,2,0,,14.770,13.600,92.000,89238.930,0.000,1376.589,312.407,0.000,0.000,0.000,0.000,0.000,0.000,-0.000,999,12.680,8.000,99,9999,99999,9,999999999,0.000,0.999,0,0,999,0.000,0
10,19,2019,3,0,,14.500,13.590,94.000,89238.930,0.000,1376.589,311.459,0.000,0.000,0.000,0.000,0.000,0.000,-0.000,999,8.930,8.000,99,9999,99999,9,999999999,0.000,0.999,0,0,999,0.000,0
10,19,2019,4,0,,14.230,13.570,95.000,89238.930,0.000,1377.384,310.028,0.000,0.000,0.000,0.000,0.000,0.000,-0.000,999,7.100,8.000,99,9999,99999,9,999999999,0.000,0.999,0,0,999,0.000,0
10,19,2019,5,0,,13.990,13.560,97.000,89238.930,0.000,1377.384,309.263,0.000,0.000,0.000,0.000,0.000,0.000,-0.000,999,6.130,8.000,99,9999,99999,9,999999999,0.000,0.999,0,0,999,0.000,0
10,19,2019,6,0,,13.810,13.550,98.000,89238.930,73.838,1377.384,308.453,0.000,0.000,0.000,0.000,0.000,0.000,0.000,999,6.350,8.000,99,9999,99999,9,999999999,0.000,0.999,0,0,999,0.000,0
10,19,2019,7,0,,13.630,13.540,99.000,89238.930,397.985,1377.384,307.639,44.870,0.000,44.870,5384.400,0.000,4935.700,49.587,999,4.550,8.000,99,9999,99999,9,999999999,0.000,0.999,0,0,999,0.000,0
10,19,2019,8,0,,15.280,13.630,89.000,89238.930,704.511,1377.384,314.532,164.630,3.494,162.844,19755.600,331.968,17912.856,101.426,999,2.660,8.000,99,9999,99999,9,999999999,0.000,0.999,0,0,999,0.000,0
10,19,2019,9,0,,16.210,13.690,85.000,89238.930,969.181,1377.384,319.079,280.970,25.902,262.750,33716.400,2460.728,28902.448,118.897,999,3.510,8.000,99,9999,99999,9,999999999,0.000,0.999,0,0,999,0.000,0
10,19,2019,10,0,,17.050,13.740,80.000,89238.930,1173.689,1377.384,322.335,378.040,16.120,364.306,45364.800,1531.358,40073.640,136.103,999,2.840,8.000,99,9999,99999,9,999999999,0.000,0.999,0,0,999,0.000,0
10,19,2019,11,0,,17.770,13.780,87.000,89238.930,1304.040,1377.384,331.501,447.720,34.350,415.201,53726.400,3263.208,45672.068,139.600,999,1.710,8.000,99,9999,99999,9,999999999,3.720,0.999,0,0,999,3.720,99
10,19,2019,12,0,,18.350,13.810,79.000,89238.930,1351.340,1377.384,331.208,484.770,38.623,446.878,58172.400,3669.151,49156.589,144.989,999,1.120,8.000,99,9999,99999,9,999999999,0.070,0.999,0,0,999,0.070,99
10,19,2019,13,0,,18.770,13.840,73.000,89238.930,1312.373,1377.384,330.555,486.510,44.081,444.511,58381.200,4187.684,48896.203,148.506,999,1.120,8.000,99,9999,99999,9,999999999,0.000,0.999,0,0,999,0.000,0
10,19,2019,14,0,,19.020,13.850,71.000,89238.930,1189.819,1377.384,331.073,452.820,28.443,428.252,54338.400,2702.119,47107.761,157.822,999,1.120,8.000,99,9999,99999,9,999999999,0.000,0.999,0,0,999,0.000,0
10,19,2019,15,0,,19.100,13.860,71.000,89238.930,992.070,1377.384,331.659,386.140,27.790,366.130,46336.800,2640.023,40274.271,161.851,999,1.120,8.000,99,9999,99999,9,999999999,0.000,0.999,0,0,999,0.000,0
10,19,2019,16,0,,18.950,13.850,72.000,89238.930,732.683,1377.384,331.222,291.480,80.011,248.951,34977.600,7601.061,27384.564,149.082,999,1.120,8.000,99,9999,99999,9,999999999,0.000,0.999,0,0,999,0.000,0
10,19,2019,17,0,,18.550,13.830,73.000,89238.930,429.589,1377.384,328.948,176.630,178.367,121.149,21195.600,16944.851,13326.359,123.976,999,1.120,8.000,99,9999,99999,9,999999999,0.000,0.999,0,0,999,0.000,0
10,19,2019,18,0,,17.940,13.790,76.000,89238.930,105.763,1377.384,326.394,55.880,283.161,35.033,6705.600,26900.312,3853.585,151.462,999,1.120,8.000,99,9999,99999,9,999999999,0.000,0.999,0,0,999,0.000,0
10,19,2019,19,0,,17.420,13.760,79.000,89238.930,0.000,1377.384,324.425,0.000,0.000,0.000,0.000,0.000,0.000,-0.000,999,1.120,8.000,99,9999,99999,9,999999999,0.000,0.999,0,0,999,0.000,0
10,19,2019,20,0,,16.890,13.730,81.000,89238.930,0.000,1377.384,321.754,0.000,0.000,0.000,0.000,0.000,0.000,-0.000,999,1.120,8.000,99,9999,99999,9,999999999,0.000,0.999,0,0,999,0.000,0
10,19,2019,21,0,,16.360,13.700,89.000,89238.930,0.000,1377.384,322.265,0.000,0.000,0.000,0.000,0.000,0.000,-0.000,999,1.510,8.000,99,9999,99999,9,999999999,0.030,0.999,0,0,999,0.030,99
10,19,2019,22,0,,15.840,13.670,91.000,89238.930,0.000,1377.384,319.537,0.000,0.000,0.000,0.000,0.000,0.000,-0.000,999,3.010,8.000,99,9999,99999,9,999999999,0.160,0.999,0,0,999,0.160,99
10,19,2019,23,0,,15.310,13.640,94.000,89238.930,0.000,1377.384,317.212,0.000,0.000,0.000,0.000,0.000,0.000,-0.000,999,1.900,8.000,99,9999,99999,9,999999999,0.010,0.999,0,0,999,0.010,99
10,19,2019,24,0,,14.790,11.700,81.000,89238.930,0.000,1377.384,306.914,0.000,0.000,0.000,0.000,0.000,0.000,-0.000,999,0.140,8.000,99,9999,99999,9,999999999,0.000,0.999,0,0,999,0.000,0
10,20,2019,1,0,,14.520,11.710,83.000,89238.930,0.000,1377.384,306.109,0.000,0.000,0.000,0.000,0.000,0.000,-0.000,999,0.140,8.000,99,9999,99999,9,999999999,0.000,0.999,0,0,999,0.000,0
10,20,2019,2,0,,14.260,11.720,84.000,89238.930,0.000,1377.384,304.833,0.000,0.000,0.000,0.000,0.000,0.000,-0.000,999,0.140,8.000,99,9999,99999,9,999999999,0.000,0.999,0,0,999,0.000,0
10,20,2019,3,0,,14.000,11.720,86.000,89238.930,0.000,1377.384,304.060,0.000,0.000,0.000,0.000,0.000,0.000,-0.000,999,0.140,8.000,99,9999,99999,9,999999999,0.000,0.999,0,0,999,0.000,0
10,20,2019,4,0,,13.730,11.730,87.000,89238.930,0.000,1378.177,302.700,0.000,0.000,0.000,0.000,0.000,0.000,-0.000,999,0.160,8.000,99,9999,99999,9,999999999,0.000,0.999,0,0,999,0.000,0
10,20,2019,5,0,,13.500,11.740,89.000,89238.930,0.000,1378.177,302.100,0.000,0.000,0.000,0.000,0.000,0.000,-0.000,999,0.140,8.000,99,9999,99999,9,999999999,0.000,0.999,0,0,999,0.000,0
10,20,2019,6,0,,13.330,11.740,90.000,89238.930,77.797,1378.177,301.413,0.000,0.000,0.000,0.000,0.000,0.000,0.000,999,0.140,8.000,99,9999,99999,9,999999999,0.000,0.999,0,0,999,0.000,0
10,20,2019,7,0,,13.150,11.750,91.000,89238.930,401.908,1378.177,300.654,71.800,0.000,71.800,8616.000,0.000,7898.000,78.614,999,0.140,8.000,99,9999,99999,9,999999999,0.000,0.999,0,0,999,0.000,0
10,20,2019,8,0,,14.430,11.710,83.000,89238.930,708.176,1378.177,305.486,100.440,0.000,100.440,12052.800,0.000,11048.400,62.269,999,0.140,8.000,99,9999,99999,9,999999999,0.000,0.999,0,0,999,0.000,0
10,20,2019,9,0,,16.580,11.650,72.000,89238.930,972.542,1378.177,314.198,522.000,212.242,372.271,62640.000,20163.030,40949.776,167.971,999,0.140,4.000,99,9999,99999,9,999999999,0.000,0.999,0,0,999,0.000,0
10,20,2019,10,0,,17.680,11.610,67.000,89238.930,1176.729,1378.177,318.720,527.910,122.990,422.909,63349.200,11684.042,46519.985,157.679,999,0.140,7.000,99,9999,99999,9,999999999,0.000,0.999,0,0,999,0.000,0
10,20,2019,11,0,,18.200,11.600,65.000,89238.930,1306.765,1378.177,321.035,480.180,67.796,415.899,57621.600,6440.617,45748.899,139.624,999,0.290,8.000,99,9999,99999,9,999999999,0.000,0.999,0,0,999,0.000,0
10,20,2019,12,0,,18.720,11.580,63.000,89238.930,1353.777,1378.177,323.313,549.750,40.758,509.714,65970.000,3872.048,56068.501,165.173,999,0.270,8.000,99,9999,99999,9,999999999,0.000,0.999,0,0,999,0.000,0
10,20,2019,13,0,,19.110,11.570,61.000,89238.930,1314.569,1378.177,324.616,560.970,86.465,478.498,67316.400,8214.181,52634.781,159.685,999,0.600,8.000,99,9999,99999,9,999999999,0.000,0.999,0,0,999,0.000,0
10,20,2019,14,0,,20.250,11.540,57.000,89238.930,1191.838,1378.177,329.668,1018.460,730.358,386.915,122215.200,69383.977,42560.595,142.428,999,1.230,0.000,99,9999,99999,9,999999999,0.000,0.999,0,0,999,0.000,0
10,20,2019,15,0,,20.840,11.520,55.000,89238.930,993.987,1378.177,332.265,837.150,982.132,128.995,100458.000,93302.585,14189.493,56.946,999,1.130,0.000,99,9999,99999,9,999999999,0.000,0.999,0,0,999,0.000,0
10,20,2019,16,0,,20.980,11.510,54.000,89238.930,734.582,1378.177,332.414,610.080,575.924,303.334,73209.600,54712.759,33366.685,181.283,999,1.390,0.000,99,9999,99999,9,999999999,0.000,0.999,0,0,999,0.000,0
10,20,2019,17,0,,20.020,11.540,58.000,89238.930,431.550,1378.177,328.821,109.300,9.324,106.388,13116.000,885.742,11702.707,108.436,999,1.350,8.000,99,9999,99999,9,999999999,0.000,0.999,0,0,999,0.000,0
10,20,2019,18,0,,19.100,11.570,61.000,89238.930,107.814,1378.177,324.544,50.090,215.420,33.909,6010.800,20464.930,3730.012,143.699,999,0.370,8.000,99,9999,99999,9,999999999,0.000,0.999,0,0,999,0.000,0
10,20,2019,19,0,,18.420,11.590,64.000,89238.930,0.000,1378.177,321.893,0.000,0.000,0.000,0.000,0.000,0.000,-0.000,999,0.140,8.000,99,9999,99999,9,999999999,0.000,0.999,0,0,999,0.000,0
10,20,2019,20,0,,17.740,11.610,67.000,89238.930,0.000,1378.177,319.146,0.000,0.000,0.000,0.000,0.000,0.000,-0.000,999,0.140,8.000,99,9999,99999,9,999999999,0.000,0.999,0,0,999,0.000,0
10,20,2019,21,0,,17.060,11.630,70.000,89238.930,0.000,1378.177,316.315,0.000,0.000,0.000,0.000,0.000,0.000,-0.000,999,0.140,8.000,99,9999,99999,9,999999999,0.000,0.999,0,0,999,0.000,0
10,20,2019,22,0,,16.390,11.650,73.000,89238.930,0.000,1378.177,313.480,0.000,0.000,0.000,0.000,0.000,0.000,-0.000,999,0.140,8.000,99,9999,99999,9,999999999,0.000,0.999,0,0,999,0.000,0
10,20,2019,23,0,,15.710,11.670,76.000,89238.930,0.000,1378.177,310.510,0.000,0.000,0.000,0.000,0.000,0.000,-0.000,999,0.140,8.000,99,9999,99999,9,999999999,0.000,0.999,0,0,999,0.000,0
10,20,2019,24,0,,15.030,12.790,85.000,89238.930,0.000,1378.177,310.715,0.000,0.000,0.000,0.000,0.000,0.000,-0.000,999,0.130,8.000,99,9999,99999,9,999999999,0.000,0.999,0,0,999,0.000,0
10,21,2019,1,0,,14.690,12.790,86.000,89238.930,0.000,1378.177,308.852,0.000,0.000,0.000,0.000,0.000,0.000,-0.000,999,0.130,8.000,99,9999,99999,9,999999999,0.000,0.999,0,0,999,0.000,0
10,21,2019,2,0,,14.350,12.800,88.000,89238.930,0.000,1378.177,307.492,0.000,0.000,0.000,0.000,0.000,0.000,-0.000,999,0.130,8.000,99,9999,99999,9,999999999,0.000,0.999,0,0,999,0.000,0
10,21,2019,3,0,,14.020,12.810,90.000,89238.930,0.000,1378.177,306.180,0.000,0.000,0.000,0.000,0.000,0.000,-0.000,999,0.130,8.000,99,9999,99999,9,999999999,0.000,0.999,0,0,999,0.000,0
10,21,2019,4,0,,13.680,12.820,92.000,89238.930,0.000,1378.967,304.780,0.000,0.000,0.000,0.000,0.000,0.000,-0.000,999,0.130,8.000,99,9999,99999,9,999999999,0.000,0.999,0,0,999,0.000,0
10,21,2019,5,0,,13.380,12.820,99.000,89238.930,0.000,1378.967,305.894,0.000,0.000,0.000,0.000,0.000,0.000,-0.000,999,0.130,8.000,99,9999,99999,9,999999999,0.010,0.999,0,0,999,0.010,99
10,21,2019,6,0,,13.150,12.830,96.000,89238.930,81.688,1378.967,302.960,0.000,0.000,0.000,0.000,0.000,0.000,0.000,999,0.130,8.000,99,9999,99999,9,999999999,0.000,0.999,0,0,999,0.000,0
10,21,2019,7,0,,12.930,12.830,97.000,89238.930,405.740,1378.967,301.889,64.020,0.000,64.020,7682.400,0.000,7042.200,69.470,999,0.130,8.000,99,9999,99999,9,999999999,0.000,0.999,0,0,999,0.000,0
10,21,2019,8,0,,15.580,12.770,82.000,89238.930,711.743,1378.967,312.982,226.470,23.590,214.304,27176.400,2241.066,23573.433,132.270,999,0.130,8.000,99,9999,99999,9,999999999,0.000,0.999,0,0,999,0.000,0
10,21,2019,9,0,,17.040,12.740,74.000,89238.930,975.806,1378.967,318.693,383.740,58.184,342.579,46048.800,5527.523,37683.652,154.144,999,0.130,7.000,99,9999,99999,9,999999999,0.000,0.999,0,0,999,0.000,0
10,21,2019,10,0,,18.360,12.710,69.000,89238.930,1179.679,1378.967,324.938,514.860,124.608,408.272,61783.200,11837.787,44909.876,151.927,999,0.130,7.000,99,9999,99999,9,999999999,0.000,0.999,0,0,999,0.000,0
10,21,2019,11,0,,19.500,12.690,64.000,89238.930,1309.409,1378.967,329.678,608.870,72.142,540.369,73064.400,6853.485,59440.616,181.148,999,0.610,7.000,99,9999,99999,9,999999999,0.000,0.999,0,0,999,0.000,0
10,21,2019,12,0,,20.410,12.660,60.000,89238.930,1356.147,1378.967,333.262,658.710,83.465,576.627,79045.200,7929.172,63428.980,186.637,999,0.650,7.000,99,9999,99999,9,999999999,0.000,0.999,0,0,999,0.000,0
10,21,2019,13,0,,21.060,12.650,58.000,89238.930,1316.716,1378.967,336.413,660.770,97.956,567.239,79292.400,9305.816,62396.265,189.099,999,2.050,7.000,99,9999,99999,9,999999999,0.000,0.999,0,0,999,0.000,0
10,21,2019,14,0,,21.450,12.640,57.000,89238.930,1193.827,1378.967,338.453,614.920,240.676,406.578,73790.400,22864.192,44723.576,149.503,999,1.430,7.000,99,9999,99999,9,999999999,0.000,0.999,0,0,999,0.000,0
10,21,2019,15,0,,21.570,12.640,56.000,89238.930,995.895,1378.967,338.484,524.490,196.523,382.598,62938.800,18669.723,42085.824,168.675,999,1.070,7.000,99,9999,99999,9,999999999,0.000,0.999,0,0,999,0.000,0
10,21,2019,16,0,,21.330,12.640,57.000,89238.930,736.490,1378.967,337.567,396.250,312.727,229.349,47550.000,29709.104,25228.351,136.789,999,0.610,7.000,99,9999,99999,9,999999999,0.000,0.999,0,0,999,0.000,0
10,21,2019,17,0,,20.700,12.660,59.000,89238.930,433.537,1378.967,334.586,240.760,409.567,112.334,28891.200,38908.906,12356.764,114.034,999,0.190,8.000,99,9999,99999,9,999999999,0.000,0.999,0,0,999,0.000,0
10,21,2019,18,0,,19.750,12.680,63.000,89238.930,109.906,1378.967,330.755,77.220,285.318,55.356,9266.400,27105.247,6089.195,229.945,999,0.130,8.000,99,9999,99999,9,999999999,0.000,0.999,0,0,999,0.000,0
10,21,2019,19,0,,19.010,12.700,66.000,89238.930,0.000,1378.967,327.565,0.000,0.000,0.000,0.000,0.000,0.000,-0.000,999,0.130,8.000,99,9999,99999,9,999999999,0.000,0.999,0,0,999,0.000,0
10,21,2019,20,0,,18.270,12.710,69.000,89238.930,0.000,1378.967,324.289,0.000,0.000,0.000,0.000,0.000,0.000,-0.000,999,0.130,8.000,99,9999,99999,9,999999999,0.000,0.999,0,0,999,0.000,0
10,21,2019,21,0,,17.530,12.730,77.000,89238.930,0.000,1378.967,324.032,0.000,0.000,0.000,0.000,0.000,0.000,-0.000,999,0.130,8.000,99,9999,99999,9,999999999,0.060,0.999,0,0,999,0.060,99
10,21,2019,22,0,,16.790,12.750,85.000,89238.930,0.000,1378.967,323.254,0.000,0.000,0.000,0.000,0.000,0.000,-0.000,999,0.130,8.000,99,9999,99999,9,999999999,1.910,0.999,0,0,999,1.910,99
10,21,2019,23,0,,16.050,12.760,84.000,89238.930,0.000,1378.967,317.398,0.000,0.000,0.000,0.000,0.000,0.000,-0.000,999,0.130,8.000,99,9999,99999,9,999999999,0.020,0.999,0,0,999,0.020,99
10,21,2019,24,0,,15.310,12.930,90.000,89238.930,0.000,1378.967,315.248,0.000,0.000,0.000,0.000,0.000,0.000,-0.000,999,0.170,8.000,99,9999,99999,9,999999999,0.010,0.999,0,0,999,0.010,99
10,22,2019,1,0,,14.940,12.930,97.000,89238.930,0.000,1378.967,315.989,0.000,0.000,0.000,0.000,0.000,0.000,-0.000,999,0.170,8.000,99,9999,99999,9,999999999,2.830,0.999,0,0,999,2.830,99
10,22,2019,2,0,,14.570,12.920,94.000,89238.930,0.000,1378.967,311.953,0.000,0.000,0.000,0.000,0.000,0.000,-0.000,999,0.280,8.000,99,9999,99999,9,999999999,0.020,0.999,0,0,999,0.020,99
10,22,2019,3,0,,14.200,12.920,97.000,89238.930,0.000,1378.967,310.741,0.000,0.000,0.000,0.000,0.000,0.000,-0.000,999,0.200,8.000,99,9999,99999,9,999999999,0.040,0.999,0,0,999,0.040,99
10,22,2019,4,0,,13.830,12.920,94.000,89238.930,0.000,1379.754,306.762,0.000,0.000,0.000,0.000,0.000,0.000,-0.000,999,0.170,8.000,99,9999,99999,9,999999999,0.000,0.999,0,0,999,0.000,0
10,22,2019,5,0,,13.500,12.920,96.000,89238.930,0.000,1379.754,305.385,0.000,0.000,0.000,0.000,0.000,0.000,-0.000,999,0.200,8.000,99,9999,99999,9,999999999,0.000,0.999,0,0,999,0.000,0
10,22,2019,6,0,,13.250,12.920,97.000,89238.930,85.508,1379.754,304.101,0.000,0.000,0.000,0.000,0.000,0.000,0.000,999,0.300,8.000,99,9999,99999,9,999999999,0.000,0.999,0,0,999,0.000,0
10,22,2019,7,0,,13.010,12.910,99.000,89238.930,409.478,1379.754,303.324,48.190,0.000,48.190,5782.800,0.000,5300.900,51.841,999,0.490,8.000,99,9999,99999,9,999999999,0.000,0.999,0,0,999,0.000,0
10,22,2019,8,0,,14.990,12.930,87.000,89238.930,715.212,1379.754,311.467,167.600,3.785,165.640,20112.000,359.563,18220.359,101.795,999,0.600,8.000,99,9999,99999,9,999999999,0.000,0.999,0,0,999,0.000,0
10,22,2019,9,0,,16.070,12.930,81.000,89238.930,978.974,1379.754,315.895,283.020,9.150,276.530,33962.400,869.248,30418.269,124.093,999,0.430,8.000,99,9999,99999,9,999999999,0.000,0.999,0,0,999,0.000,0
10,22,2019,10,0,,17.050,12.940,76.000,89238.930,1182.536,1379.754,319.981,379.220,15.901,365.594,45506.400,1510.553,40215.304,135.795,999,0.170,8.000,99,9999,99999,9,999999999,0.000,0.999,0,0,999,0.000,0
10,22,2019,11,0,,17.890,12.940,72.000,89238.930,1311.972,1379.754,323.522,448.140,33.790,416.011,53776.800,3210.094,45761.159,139.266,999,0.170,8.000,99,9999,99999,9,999999999,0.000,0.999,0,0,999,0.000,0
10,22,2019,12,0,,18.560,12.950,69.000,89238.930,1358.451,1379.754,326.382,484.640,37.914,447.312,58156.800,3601.830,49204.291,144.618,999,0.170,8.000,99,9999,99999,9,999999999,0.000,0.999,0,0,999,0.000,0
10,22,2019,13,0,,19.040,12.950,67.000,89238.930,1318.814,1379.754,328.487,486.060,43.167,444.801,58327.200,4100.868,48928.076,148.131,999,0.170,8.000,99,9999,99999,9,999999999,0.000,0.999,0,0,999,0.000,0
10,22,2019,14,0,,19.330,12.950,66.000,89238.930,1195.787,1379.754,329.890,452.310,27.770,428.245,54277.200,2638.134,47106.968,157.302,999,0.170,8.000,99,9999,99999,9,999999999,0.000,0.999,0,0,999,0.000,0
10,22,2019,15,0,,19.410,12.950,66.000,89238.930,997.793,1379.754,330.473,385.840,27.027,366.300,46300.800,2567.547,40293.036,161.274,999,0.170,8.000,99,9999,99999,9,999999999,0.000,0.999,0,0,999,0.000,0
10,22,2019,16,0,,19.240,12.950,66.000,89238.930,738.408,1379.754,329.235,291.630,77.374,250.252,34995.600,7350.533,27527.687,148.953,999,0.290,8.000,99,9999,99999,9,999999999,0.000,0.999,0,0,999,0.000,0
10,22,2019,17,0,,18.770,12.950,68.000,89238.930,435.552,1379.754,327.222,177.440,170.777,123.671,21292.800,16223.779,13603.828,125.031,999,0.610,8.000,99,9999,99999,9,999999999,0.000,0.999,0,0,999,0.000,0
10,22,2019,18,0,,18.060,12.950,72.000,89238.930,112.038,1379.754,324.748,57.320,267.926,36.375,6878.400,25452.961,4001.288,148.115,999,0.730,8.000,99,9999,99999,9,999999999,0.000,0.999,0,0,999,0.000,0
10,22,2019,19,0,,17.490,12.940,74.000,89238.930,0.000,1379.754,321.911,0.000,0.000,0.000,0.000,0.000,0.000,-0.000,999,0.620,8.000,99,9999,99999,9,999999999,0.000,0.999,0,0,999,0.000,0
10,22,2019,20,0,,16.920,12.940,77.000,89238.930,0.000,1379.754,319.649,0.000,0.000,0.000,0.000,0.000,0.000,-0.000,999,1.060,8.000,99,9999,99999,9,999999999,0.000,0.999,0,0,999,0.000,0
10,22,2019,21,0,,16.350,12.930,80.000,89238.930,0.000,1379.754,317.323,0.000,0.000,0.000,0.000,0.000,0.000,-0.000,999,0.800,8.000,99,9999,99999,9,999999999,0.000,0.999,0,0,999,0.000,0
10,22,2019,22,0,,15.780,12.930,83.000,89238.930,0.000,1379.754,314.938,0.000,0.000,0.000,0.000,0.000,0.000,-0.000,999,0.390,8.000,99,9999,99999,9,999999999,0.000,0.999,0,0,999,0.000,0
10,22,2019,23,0,,15.210,12.930,91.000,89238.930,0.000,1379.754,315.035,0.000,0.000,0.000,0.000,0.000,0.000,-0.000,999,0.360,8.000,99,9999,99999,9,999999999,0.110,0.999,0,0,999,0.110,99
10,22,2019,24,0,,14.640,12.980,94.000,89238.930,0.000,1379.754,312.448,0.000,0.000,0.000,0.000,0.000,0.000,-0.000,999,0.110,8.000,99,9999,99999,9,999999999,0.020,0.999,0,0,999,0.020,99
10,23,2019,1,0,,14.360,12.950,91.000,89238.930,0.000,1379.754,309.038,0.000,0.000,0.000,0.000,0.000,0.000,-0.000,999,0.110,7.000,99,9999,99999,9,999999999,0.000,0.999,0,0,999,0.000,0
10,23,2019,2,0,,14.070,12.920,97.000,89238.930,0.000,1379.754,309.826,0.000,0.000,0.000,0.000,0.000,0.000,-0.000,999,0.200,7.000,99,9999,99999,9,999999999,0.010,0.999,0,0,999,0.010,99
10,23,2019,3,0,,13.790,12.880,94.000,89238.930,0.000,1379.754,306.483,0.000,0.000,0.000,0.000,0.000,0.000,-0.000,999,0.180,7.000,99,9999,99999,9,999999999,0.000,0.999,0,0,999,0.000,0
10,23,2019,4,0,,13.500,12.850,95.000,89238.930,0.000,1380.538,304.929,0.000,0.000,0.000,0.000,0.000,0.000,-0.000,999,0.110,7.000,99,9999,99999,9,999999999,0.000,0.999,0,0,999,0.000,0
10,23,2019,5,0,,13.250,12.820,97.000,89238.930,0.000,1380.538,304.101,0.000,0.000,0.000,0.000,0.000,0.000,-0.000,999,0.110,7.000,99,9999,99999,9,999999999,0.000,0.999,0,0,999,0.000,0
10,23,2019,6,0,,13.060,12.800,98.000,89238.930,89.253,1380.538,303.230,0.000,0.000,0.000,0.000,0.000,0.000,0.000,999,0.110,7.000,99,9999,99999,9,999999999,0.000,0.999,0,0,999,0.000,0
10,23,2019,7,0,,12.870,12.780,99.000,89238.930,413.121,1380.538,302.356,109.150,7.827,106.815,13098.000,743.548,11749.619,113.954,999,0.110,7.000,99,9999,99999,9,999999999,0.000,0.999,0,0,999,0.000,0
10,23,2019,8,0,,15.760,13.110,84.000,89238.930,718.582,1380.538,315.336,163.240,2.069,162.164,19588.800,196.517,17838.054,99.247,999,0.110,8.000,99,9999,99999,9,999999999,0.000,0.999,0,0,999,0.000,0
10,23,2019,9,0,,16.450,13.190,81.000,89238.930,982.042,1380.538,318.600,234.920,7.261,229.756,28190.400,689.826,25273.177,102.840,999,0.280,8.000,99,9999,99999,9,999999999,0.000,0.999,0,0,999,0.000,0
10,23,2019,10,0,,18.240,13.400,73.000,89238.930,1185.302,1380.538,326.692,507.590,101.638,420.335,60910.800,9655.588,46236.855,155.851,999,0.140,7.000,99,9999,99999,9,999999999,0.000,0.999,0,0,999,0.000,0
10,23,2019,11,0,,19.550,13.550,68.000,89238.930,1314.454,1380.538,332.913,561.410,96.704,469.338,67369.200,9186.837,51627.209,156.911,999,0.460,7.000,99,9999,99999,9,999999999,0.000,0.999,0,0,999,0.000,0
10,23,2019,12,0,,20.580,13.660,64.000,89238.930,1360.689,1380.538,337.607,606.900,58.924,548.824,72828.000,5597.796,60370.589,177.246,999,0.840,7.000,99,9999,99999,9,999999999,0.000,0.999,0,0,999,0.000,0
10,23,2019,13,0,,21.320,13.750,61.000,89238.930,1320.865,1380.538,340.779,608.560,69.081,542.467,73027.200,6562.723,59671.319,180.478,999,0.910,7.000,99,9999,99999,9,999999999,0.000,0.999,0,0,999,0.000,0
10,23,2019,14,0,,21.760,13.800,60.000,89238.930,1197.719,1380.538,343.257,566.280,170.252,418.588,67953.600,16173.918,46044.713,153.593,999,1.220,7.000,99,9999,99999,9,999999999,0.000,0.999,0,0,999,0.000,0
10,23,2019,15,0,,21.910,13.810,60.000,89238.930,999.684,1380.538,344.382,483.130,140.155,381.667,57975.600,13314.714,41983.391,167.817,999,1.480,7.000,99,9999,99999,9,999999999,0.000,0.999,0,0,999,0.000,0
10,23,2019,16,0,,21.690,13.790,60.000,89238.930,740.337,1380.538,342.734,365.340,188.395,264.383,43840.800,17897.556,29082.145,157.043,999,0.970,8.000,99,9999,99999,9,999999999,0.000,0.999,0,0,999,0.000,0
10,23,2019,17,0,,21.040,13.720,62.000,89238.930,437.594,1380.538,339.485,222.600,307.284,125.451,26712.000,29191.961,13799.647,126.307,999,0.540,8.000,99,9999,99999,9,999999999,0.000,0.999,0,0,999,0.000,0
10,23,2019,18,0,,20.050,13.600,71.000,89238.930,114.212,1380.538,338.683,72.420,311.482,47.581,8690.400,29590.789,5233.874,189.921,999,0.330,8.000,99,9999,99999,9,999999999,0.060,0.999,0,0,999,0.060,99
10,23,2019,19,0,,19.250,13.510,79.000,89238.930,0.000,1380.538,337.875,0.000,0.000,0.000,0.000,0.000,0.000,-0.000,999,0.110,8.000,99,9999,99999,9,999999999,1.910,0.999,0,0,999,1.910,99
10,23,2019,20,0,,18.450,13.420,72.000,89238.930,0.000,1380.538,327.573,0.000,0.000,0.000,0.000,0.000,0.000,-0.000,999,0.110,7.000,99,9999,99999,9,999999999,0.000,0.999,0,0,999,0.000,0
10,23,2019,21,0,,17.650,13.330,75.000,89238.930,0.000,1380.538,323.681,0.000,0.000,0.000,0.000,0.000,0.000,-0.000,999,0.110,7.000,99,9999,99999,9,999999999,0.000,0.999,0,0,999,0.000,0
10,23,2019,22,0,,16.850,13.240,79.000,89238.930,0.000,1380.538,320.320,0.000,0.000,0.000,0.000,0.000,0.000,-0.000,999,0.110,7.000,99,9999,99999,9,999999999,0.000,0.999,0,0,999,0.000,0
10,23,2019,23,0,,16.040,13.150,82.000,89238.930,0.000,1380.538,316.236,0.000,0.000,0.000,0.000,0.000,0.000,-0.000,999,0.110,6.000,99,9999,99999,9,999999999,0.000,0.999,0,0,999,0.000,0
10,23,2019,24,0,,15.240,11.640,79.000,89238.930,0.000,1380.538,308.943,0.000,0.000,0.000,0.000,0.000,0.000,-0.000,999,0.150,6.000,99,9999,99999,9,999999999,0.000,0.999,0,0,999,0.000,0
10,24,2019,1,0,,14.840,11.550,80.000,89238.930,0.000,1380.538,306.716,0.000,0.000,0.000,0.000,0.000,0.000,-0.000,999,0.150,6.000,99,9999,99999,9,999999999,0.000,0.999,0,0,999,0.000,0
10,24,2019,2,0,,14.440,11.470,82.000,89238.930,0.000,1380.538,305.027,0.000,0.000,0.000,0.000,0.000,0.000,-0.000,999,0.150,6.000,99,9999,99999,9,999999999,0.000,0.999,0,0,999,0.000,0
10,24,2019,3,0,,14.040,11.380,84.000,89238.930,0.000,1380.538,303.315,0.000,0.000,0.000,0.000,0.000,0.000,-0.000,999,0.150,5.000,99,9999,99999,9,999999999,0.000,0.999,0,0,999,0.000,0
10,24,2019,4,0,,13.640,11.290,85.000,89238.930,0.000,1381.319,301.079,0.000,0.000,0.000,0.000,0.000,0.000,-0.000,999,0.150,5.000,99,9999,99999,9,999999999,0.000,0.999,0,0,999,0.000,0
10,24,2019,5,0,,13.290,11.220,87.000,89238.930,0.000,1381.319,299.684,0.000,0.000,0.000,0.000,0.000,0.000,-0.000,999,0.150,5.000,99,9999,99999,9,999999999,0.000,0.999,0,0,999,0.000,0
10,24,2019,6,0,,13.020,11.160,88.000,89238.930,92.920,1381.319,298.331,0.000,0.000,0.000,0.000,0.000,0.000,0.000,999,0.150,4.000,99,9999,99999,9,999999999,0.000,0.999,0,0,999,0.000,0
10,24,2019,7,0,,12.760,11.100,89.000,89238.930,416.667,1381.319,297.044,139.280,70.865,117.965,16713.600,6732.222,12976.201,124.843,999,0.150,4.000,99,9999,99999,9,999999999,0.000,0.999,0,0,999,0.000,0
10,24,2019,8,0,,16.710,11.940,73.000,89238.930,721.850,1381.319,315.736,344.420,175.857,252.592,41330.400,16706.454,27785.117,153.977,999,0.150,4.000,99,9999,99999,9,999999999,0.000,0.999,0,0,999,0.000,0
10,24,2019,9,0,,19.530,12.520,63.000,89238.930,985.011,1381.319,329.155,760.620,725.284,243.571,91274.400,68901.967,26792.782,108.756,999,0.150,0.000,99,9999,99999,9,999999999,0.000,0.999,0,0,999,0.000,0
10,24,2019,10,0,,21.480,12.910,58.000,89238.930,1187.975,1381.319,339.517,891.630,683.515,303.848,106995.600,64933.908,33423.280,112.470,999,0.150,0.000,99,9999,99999,9,999999999,0.000,0.999,0,0,999,0.000,0
10,24,2019,11,0,,22.300,13.070,55.000,89238.930,1316.855,1381.319,343.029,786.950,299.656,501.287,94434.000,28467.323,55141.536,167.381,999,0.550,4.000,99,9999,99999,9,999999999,0.000,0.999,0,0,999,0.000,0
10,24,2019,12,0,,23.070,13.210,53.000,89238.930,1362.862,1381.319,346.971,867.050,385.976,486.234,104046.000,36667.760,53485.738,156.870,999,0.730,3.000,99,9999,99999,9,999999999,0.000,0.999,0,0,999,0.000,0
10,24,2019,13,0,,23.050,13.210,53.000,89238.930,1322.868,1381.319,346.821,625.960,164.015,468.889,75115.200,15581.425,51577.842,155.851,999,1.130,7.000,99,9999,99999,9,999999999,0.000,0.999,0,0,999,0.000,0
10,24,2019,14,0,,22.290,13.060,55.000,89238.930,1199.624,1381.319,342.954,413.520,17.819,398.047,49622.400,1692.770,43785.133,145.906,999,1.150,8.000,99,9999,99999,9,999999999,0.000,0.999,0,0,999,0.000,0
10,24,2019,15,0,,21.250,12.860,58.000,89238.930,1001.568,1381.319,337.815,263.980,21.713,248.240,31677.600,2062.775,27306.420,109.006,999,1.040,8.000,99,9999,99999,9,999999999,0.000,0.999,0,0,999,0.000,0
10,24,2019,16,0,,20.930,12.800,59.000,89238.930,742.278,1381.319,336.277,453.030,246.476,320.677,54363.600,23415.262,35274.442,190.090,999,0.880,6.000,99,9999,99999,9,999999999,0.000,0.999,0,0,999,0.000,0
10,24,2019,17,0,,19.800,12.570,63.000,89238.930,439.664,1381.319,331.120,103.890,0.000,103.890,12466.800,0.000,11427.900,104.163,999,0.840,8.000,99,9999,99999,9,999999999,0.000,0.999,0,0,999,0.000,0
10,24,2019,18,0,,18.820,12.380,66.000,89238.930,116.427,1381.319,326.190,90.580,253.340,69.972,10869.600,24067.331,7696.894,273.802,999,0.190,8.000,99,9999,99999,9,999999999,0.000,0.999,0,0,999,0.000,0
10,24,2019,19,0,,18.240,12.260,68.000,89238.930,0.000,1381.319,323.398,0.000,0.000,0.000,0.000,0.000,0.000,-0.000,999,0.150,8.000,99,9999,99999,9,999999999,0.000,0.999,0,0,999,0.000,0
10,24,2019,20,0,,17.650,12.140,70.000,89238.930,0.000,1381.319,320.506,0.000,0.000,0.000,0.000,0.000,0.000,-0.000,999,0.150,8.000,99,9999,99999,9,999999999,0.000,0.999,0,0,999,0.000,0
10,24,2019,21,0,,17.070,12.020,72.000,89238.930,0.000,1381.319,317.661,0.000,0.000,0.000,0.000,0.000,0.000,-0.000,999,0.150,8.000,99,9999,99999,9,999999999,0.000,0.999,0,0,999,0.000,0
10,24,2019,22,0,,16.490,11.900,74.000,89238.930,0.000,1381.319,314.795,0.000,0.000,0.000,0.000,0.000,0.000,-0.000,999,0.150,8.000,99,9999,99999,9,999999999,0.000,0.999,0,0,999,0.000,0
10,24,2019,23,0,,15.910,11.780,76.000,89238.930,0.000,1381.319,311.910,0.000,0.000,0.000,0.000,0.000,0.000,-0.000,999,0.150,8.000,99,9999,99999,9,999999999,0.000,0.999,0,0,999,0.000,0
10,24,2019,24,0,,15.320,12.300,82.000,89238.930,0.000,1381.319,311.153,0.000,0.000,0.000,0.000,0.000,0.000,-0.000,999,0.090,8.000,99,9999,99999,9,999999999,0.000,0.999,0,0,999,0.000,0
10,25,2019,1,0,,15.030,12.320,83.000,89238.930,0.000,1381.319,309.660,0.000,0.000,0.000,0.000,0.000,0.000,-0.000,999,0.080,7.000,99,9999,99999,9,999999999,0.000,0.999,0,0,999,0.000,0
10,25,2019,2,0,,14.740,12.340,85.000,89238.930,0.000,1381.319,308.685,0.000,0.000,0.000,0.000,0.000,0.000,-0.000,999,0.080,7.000,99,9999,99999,9,999999999,0.000,0.999,0,0,999,0.000,0
10,25,2019,3,0,,14.450,12.360,87.000,89238.930,0.000,1381.319,307.687,0.000,0.000,0.000,0.000,0.000,0.000,-0.000,999,0.080,7.000,99,9999,99999,9,999999999,0.000,0.999,0,0,999,0.000,0
10,25,2019,4,0,,14.160,12.380,89.000,89238.930,0.000,1382.095,306.665,0.000,0.000,0.000,0.000,0.000,0.000,-0.000,999,0.080,7.000,99,9999,99999,9,999999999,0.000,0.999,0,0,999,0.000,0
10,25,2019,5,0,,13.900,12.400,90.000,89238.930,0.000,1382.095,305.347,0.000,0.000,0.000,0.000,0.000,0.000,-0.000,999,0.130,7.000,99,9999,99999,9,999999999,0.000,0.999,0,0,999,0.000,0
10,25,2019,6,0,,13.710,12.410,91.000,89238.930,96.505,1382.095,304.512,0.000,0.000,0.000,0.000,0.000,0.000,0.000,999,0.110,7.000,99,9999,99999,9,999999999,0.000,0.999,0,0,999,0.000,0
10,25,2019,7,0,,13.520,12.420,93.000,89238.930,420.113,1382.095,304.142,109.360,17.625,104.018,13123.200,1674.400,11441.944,109.235,999,0.080,7.000,99,9999,99999,9,999999999,0.000,0.999,0,0,999,0.000,0
10,25,2019,8,0,,19.270,12.050,62.000,89238.930,725.016,1382.095,326.524,481.250,512.837,212.435,57750.000,48719.560,23367.799,129.003,999,0.110,0.000,99,9999,99999,9,999999999,0.000,0.999,0,0,999,0.000,0
10,25,2019,9,0,,21.240,11.920,55.000,89238.930,987.880,1382.095,335.188,598.240,360.833,340.400,71788.800,34279.173,37443.975,151.634,999,0.150,0.000,99,9999,99999,9,999999999,0.000,0.999,0,0,999,0.000,0
10,25,2019,10,0,,22.240,11.850,51.000,89238.930,1190.555,1382.095,338.906,602.020,242.608,393.055,72242.400,23047.788,43236.102,145.257,999,0.120,6.000,99,9999,99999,9,999999999,0.000,0.999,0,0,999,0.000,0
10,25,2019,11,0,,21.360,11.910,54.000,89238.930,1319.176,1382.095,335.189,222.250,13.280,209.574,26670.000,1261.645,23053.193,69.893,999,0.830,8.000,99,9999,99999,9,999999999,0.000,0.999,0,0,999,0.000,0
10,25,2019,12,0,,22.150,11.860,52.000,89238.930,1364.969,1382.095,339.182,646.910,128.276,520.224,77629.200,12186.237,57224.669,167.671,999,1.120,7.000,99,9999,99999,9,999999999,0.000,0.999,0,0,999,0.000,0
10,25,2019,13,0,,22.720,11.820,50.000,89238.930,1324.825,1382.095,341.493,648.470,88.371,563.763,77816.400,8395.254,62013.925,187.214,999,1.270,7.000,99,9999,99999,9,999999999,0.000,0.999,0,0,999,0.000,0
10,25,2019,14,0,,23.040,11.800,49.000,89238.930,1201.502,1382.095,342.880,603.390,217.100,414.675,72406.800,20624.545,45614.266,151.849,999,1.870,7.000,99,9999,99999,9,999999999,0.000,0.999,0,0,999,0.000,0
10,25,2019,15,0,,23.100,11.800,48.000,89238.930,1003.445,1382.095,342.317,514.970,177.378,386.222,61796.400,16850.917,42484.395,169.374,999,2.060,7.000,99,9999,99999,9,999999999,0.000,0.999,0,0,999,0.000,0
10,25,2019,16,0,,22.760,11.820,50.000,89238.930,744.231,1382.095,341.789,389.800,234.933,263.384,46776.000,22318.604,28972.250,155.805,999,1.350,7.000,99,9999,99999,9,999999999,0.000,0.999,0,0,999,0.000,0
10,25,2019,17,0,,22.030,11.870,57.000,89238.930,441.763,1382.095,342.763,238.210,371.145,119.881,28585.200,35258.758,13186.963,119.690,999,0.830,8.000,99,9999,99999,9,999999999,0.010,0.999,0,0,999,0.010,99
10,25,2019,18,0,,20.980,11.940,56.000,89238.930,118.684,1382.095,334.145,78.620,305.710,53.254,9434.400,29042.442,5857.923,204.294,999,0.300,8.000,99,9999,99999,9,999999999,0.000,0.999,0,0,999,0.000,0
10,25,2019,19,0,,20.040,12.000,64.000,89238.930,0.000,1382.095,333.624,0.000,0.000,0.000,0.000,0.000,0.000,-0.000,999,0.090,8.000,99,9999,99999,9,999999999,0.020,0.999,0,0,999,0.020,99
10,25,2019,20,0,,19.100,12.060,73.000,89238.930,0.000,1382.095,332.978,0.000,0.000,0.000,0.000,0.000,0.000,-0.000,999,0.080,8.000,99,9999,99999,9,999999999,1.910,0.999,0,0,999,1.910,99
10,25,2019,21,0,,18.160,12.120,72.000,89238.930,0.000,1382.095,325.470,0.000,0.000,0.000,0.000,0.000,0.000,-0.000,999,0.080,8.000,99,9999,99999,9,999999999,0.060,0.999,0,0,999,0.060,99
10,25,2019,22,0,,17.220,12.180,72.000,89238.930,0.000,1382.095,318.727,0.000,0.000,0.000,0.000,0.000,0.000,-0.000,999,0.080,8.000,99,9999,99999,9,999999999,0.000,0.999,0,0,999,0.000,0
10,25,2019,23,0,,16.280,12.240,76.000,89238.930,0.000,1382.095,314.512,0.000,0.000,0.000,0.000,0.000,0.000,-0.000,999,0.080,8.000,99,9999,99999,9,999999999,0.000,0.999,0,0,999,0.000,0
10,25,2019,24,0,,15.340,10.600,73.000,89238.930,0.000,1382.095,306.166,0.000,0.000,0.000,0.000,0.000,0.000,-0.000,999,0.100,8.000,99,9999,99999,9,999999999,0.000,0.999,0,0,999,0.000,0
10,26,2019,1,0,,14.870,10.670,75.000,89238.930,0.000,1382.095,304.107,0.000,0.000,0.000,0.000,0.000,0.000,-0.000,999,0.100,8.000,99,9999,99999,9,999999999,0.000,0.999,0,0,999,0.000,0
10,26,2019,2,0,,14.400,10.740,78.000,89238.930,0.000,1382.095,302.581,0.000,0.000,0.000,0.000,0.000,0.000,-0.000,999,0.100,8.000,99,9999,99999,9,999999999,0.000,0.999,0,0,999,0.000,0
10,26,2019,3,0,,13.930,10.810,81.000,89238.930,0.000,1382.095,300.991,0.000,0.000,0.000,0.000,0.000,0.000,-0.000,999,0.100,8.000,99,9999,99999,9,999999999,0.000,0.999,0,0,999,0.000,0
10,26,2019,4,0,,13.460,10.880,84.000,89238.930,0.000,1382.868,299.342,0.000,0.000,0.000,0.000,0.000,0.000,-0.000,999,0.100,8.000,99,9999,99999,9,999999999,0.000,0.999,0,0,999,0.000,0
10,26,2019,5,0,,13.040,10.950,87.000,89238.930,0.000,1382.868,297.980,0.000,0.000,0.000,0.000,0.000,0.000,-0.000,999,0.100,8.000,99,9999,99999,9,999999999,0.000,0.999,0,0,999,0.000,0
10,26,2019,6,0,,12.730,10.990,89.000,89238.930,100.006,1382.868,296.841,0.000,0.000,0.000,0.000,0.000,0.000,0.000,999,0.100,8.000,99,9999,99999,9,999999999,0.000,0.999,0,0,999,0.000,0
10,26,2019,7,0,,12.420,11.040,91.000,89238.930,423.459,1382.868,295.681,81.760,0.000,81.760,9811.200,0.000,8993.600,85.226,999,0.100,8.000,99,9999,99999,9,999999999,0.000,0.999,0,0,999,0.000,0
10,26,2019,8,0,,15.450,10.580,72.000,89238.930,728.078,1382.868,306.322,267.810,48.044,242.534,32137.200,4564.157,26678.777,146.743,999,0.100,7.000,99,9999,99999,9,999999999,0.000,0.999,0,0,999,0.000,0
10,26,2019,9,0,,17.020,10.340,64.000,89238.930,990.648,1382.868,312.012,446.720,93.743,379.584,53606.400,8905.554,41754.252,168.710,999,0.100,6.000,99,9999,99999,9,999999999,0.000,0.999,0,0,999,0.000,0
10,26,2019,10,0,,18.450,10.110,58.000,89238.930,1193.041,1382.868,317.609,595.610,141.903,473.199,71473.200,13480.766,52051.842,174.607,999,0.100,6.000,99,9999,99999,9,999999999,0.000,0.999,0,0,999,0.000,0
10,26,2019,11,0,,19.680,9.910,53.000,89238.930,1321.415,1382.868,322.191,702.110,10.740,691.848,84253.200,1020.265,76103.270,230.470,999,0.270,5.000,99,9999,99999,9,999999999,0.000,0.999,0,0,999,0.000,0
10,26,2019,12,0,,20.660,9.760,49.000,89238.930,1367.013,1382.868,325.540,758.250,12.418,745.975,90990.000,1179.692,82057.211,240.207,999,0.600,5.000,99,9999,99999,9,999999999,0.000,0.999,0,0,999,0.000,0
10,26,2019,13,0,,21.370,9.640,47.000,89238.930,1326.736,1382.868,328.678,759.970,244.068,525.815,91196.400,23186.417,57839.677,174.458,999,1.850,5.000,99,9999,99999,9,999999999,0.000,0.999,0,0,999,0.000,0
10,26,2019,14,0,,21.780,9.570,45.000,89238.930,1203.355,1382.868,329.580,707.150,276.976,466.151,84858.000,26312.758,51276.627,170.532,999,1.420,5.000,99,9999,99999,9,999999999,0.000,0.999,0,0,999,0.000,0
10,26,2019,15,0,,21.900,9.550,45.000,89238.930,1005.317,1382.868,330.444,603.630,359.392,342.428,72435.600,34142.204,37667.073,149.972,999,1.320,6.000,99,9999,99999,9,999999999,0.000,0.999,0,0,999,0.000,0
10,26,2019,16,0,,21.640,9.600,46.000,89238.930,746.197,1382.868,329.608,457.160,467.747,204.943,54859.200,44435.928,22543.751,120.982,999,1.170,6.000,99,9999,99999,9,999999999,0.000,0.999,0,0,999,0.000,0
10,26,2019,17,0,,20.950,9.710,48.000,89238.930,443.890,1382.868,326.653,279.790,458.259,133.063,33574.800,43534.634,14636.881,132.284,999,0.350,7.000,99,9999,99999,9,999999999,0.000,0.999,0,0,999,0.000,0
10,26,2019,18,0,,19.910,9.880,52.000,89238.930,120.982,1382.868,322.948,93.030,298.573,67.761,11163.600,28364.433,7453.762,254.861,999,0.330,8.000,99,9999,99999,9,999999999,0.000,0.999,0,0,999,0.000,0
10,26,2019,19,0,,19.070,10.010,55.000,89238.930,0.000,1382.868,319.567,0.000,0.000,0.000,0.000,0.000,0.000,-0.000,999,0.100,8.000,99,9999,99999,9,999999999,0.000,0.999,0,0,999,0.000,0
10,26,2019,20,0,,18.230,10.150,59.000,89238.930,0.000,1382.868,316.834,0.000,0.000,0.000,0.000,0.000,0.000,-0.000,999,0.100,8.000,99,9999,99999,9,999999999,0.000,0.999,0,0,999,0.000,0
10,26,2019,21,0,,17.390,10.280,62.000,89238.930,0.000,1382.868,313.177,0.000,0.000,0.000,0.000,0.000,0.000,-0.000,999,0.100,8.000,99,9999,99999,9,999999999,0.000,0.999,0,0,999,0.000,0
10,26,2019,22,0,,16.540,10.410,67.000,89238.930,0.000,1382.868,310.705,0.000,0.000,0.000,0.000,0.000,0.000,-0.000,999,0.100,8.000,99,9999,99999,9,999999999,0.000,0.999,0,0,999,0.000,0
10,26,2019,23,0,,15.700,10.540,71.000,89238.930,0.000,1382.868,307.436,0.000,0.000,0.000,0.000,0.000,0.000,-0.000,999,0.100,8.000,99,9999,99999,9,999999999,0.000,0.999,0,0,999,0.000,0
10,26,2019,24,0,,14.860,9.810,71.000,89238.930,0.000,1382.868,301.667,0.000,0.000,0.000,0.000,0.000,0.000,-0.000,999,0.200,8.000,99,9999,99999,9,999999999,0.000,0.999,0,0,999,0.000,0
10,27,2019,1,0,,14.440,9.840,73.000,89238.930,0.000,1382.868,300.003,0.000,0.000,0.000,0.000,0.000,0.000,-0.000,999,0.200,8.000,99,9999,99999,9,999999999,0.000,0.999,0,0,999,0.000,0
10,27,2019,2,0,,14.020,9.870,76.000,89238.930,0.000,1382.868,298.874,0.000,0.000,0.000,0.000,0.000,0.000,-0.000,999,0.200,8.000,99,9999,99999,9,999999999,0.000,0.999,0,0,999,0.000,0
10,27,2019,3,0,,13.600,9.900,78.000,89238.930,0.000,1382.868,297.135,0.000,0.000,0.000,0.000,0.000,0.000,-0.000,999,0.200,8.000,99,9999,99999,9,999999999,0.000,0.999,0,0,999,0.000,0
10,27,2019,4,0,,13.180,9.940,80.000,89238.930,0.000,1383.636,295.373,0.000,0.000,0.000,0.000,0.000,0.000,-0.000,999,0.200,8.000,99,9999,99999,9,999999999,0.000,0.999,0,0,999,0.000,0
10,27,2019,5,0,,12.800,9.970,82.000,89238.930,0.000,1383.636,293.857,0.000,0.000,0.000,0.000,0.000,0.000,-0.000,999,0.200,8.000,99,9999,99999,9,999999999,0.000,0.999,0,0,999,0.000,0
10,27,2019,6,0,,12.530,9.990,84.000,89238.930,103.420,1383.636,293.056,0.000,0.000,0.000,0.000,0.000,0.000,0.000,999,0.200,8.000,99,9999,99999,9,999999999,0.000,0.999,0,0,999,0.000,0
10,27,2019,7,0,,12.250,10.010,86.000,89238.930,426.702,1383.636,292.163,85.270,0.000,85.270,10232.400,0.000,9379.700,88.255,999,0.200,8.000,99,9999,99999,9,999999999,0.000,0.999,0,0,999,0.000,0
10,27,2019,8,0,,14.830,9.810,71.000,89238.930,731.036,1383.636,301.463,275.640,66.686,240.433,33076.800,6335.196,26447.669,144.963,999,0.200,7.000,99,9999,99999,9,999999999,0.000,0.999,0,0,999,0.000,0
10,27,2019,9,0,,16.160,9.700,65.000,89238.930,993.314,1383.636,306.738,458.510,102.836,384.704,55021.200,9769.412,42317.481,170.621,999,0.200,6.000,99,9999,99999,9,999999999,0.000,0.999,0,0,999,0.000,0
10,27,2019,10,0,,17.370,9.600,60.000,89238.930,1195.435,1383.636,311.574,610.660,155.508,476.317,73279.200,14773.274,52394.907,175.503,999,0.200,5.000,99,9999,99999,9,999999999,0.000,0.999,0,0,999,0.000,0
10,27,2019,11,0,,18.400,9.520,56.000,89238.930,1323.575,1383.636,315.670,719.450,11.770,708.191,86334.000,1118.148,77901.037,235.660,999,0.200,5.000,99,9999,99999,9,999999999,0.000,0.999,0,0,999,0.000,0
10,27,2019,12,0,,19.230,9.450,53.000,89238.930,1368.992,1383.636,319.007,776.740,13.602,763.283,93208.800,1292.146,83961.076,245.561,999,0.200,5.000,99,9999,99999,9,999999999,0.000,0.999,0,0,999,0.000,0
10,27,2019,13,0,,19.820,9.410,51.000,89238.930,1328.603,1383.636,321.415,778.410,266.912,522.121,93409.200,25356.643,57433.268,173.085,999,0.690,5.000,99,9999,99999,9,999999999,0.000,0.999,0,0,999,0.000,0
10,27,2019,14,0,,20.170,9.380,49.000,89238.930,1205.183,1383.636,322.055,724.320,301.990,461.303,86918.400,28689.058,50743.368,168.596,999,1.710,5.000,99,9999,99999,9,999999999,0.000,0.999,0,0,999,0.000,0
10,27,2019,15,0,,20.280,9.370,49.000,89238.930,1007.184,1383.636,322.835,618.410,400.475,326.970,74209.200,38045.111,35966.707,143.016,999,1.050,5.000,99,9999,99999,9,999999999,0.000,0.999,0,0,999,0.000,0
10,27,2019,16,0,,20.050,9.390,50.000,89238.930,748.177,1383.636,322.135,468.620,513.996,190.883,56234.400,48829.586,20997.105,112.446,999,1.120,6.000,99,9999,99999,9,999999999,0.000,0.999,0,0,999,0.000,0
10,27,2019,17,0,,19.470,9.430,52.000,89238.930,446.047,1383.636,319.830,287.250,485.297,131.194,34470.000,46103.182,14431.319,129.864,999,0.440,7.000,99,9999,99999,9,999999999,0.000,0.999,0,0,999,0.000,0
10,27,2019,18,0,,18.590,9.510,55.000,89238.930,123.321,1383.636,316.189,96.210,301.593,70.178,11545.200,28651.327,7719.578,258.800,999,0.290,8.000,99,9999,99999,9,999999999,0.000,0.999,0,0,999,0.000,0
10,27,2019,19,0,,17.920,9.560,58.000,89238.930,0.000,1383.636,313.891,0.000,0.000,0.000,0.000,0.000,0.000,-0.000,999,0.200,8.000,99,9999,99999,9,999999999,0.000,0.999,0,0,999,0.000,0
10,27,2019,20,0,,17.240,9.610,60.000,89238.930,0.000,1383.636,310.672,0.000,0.000,0.000,0.000,0.000,0.000,-0.000,999,0.200,8.000,99,9999,99999,9,999999999,0.000,0.999,0,0,999,0.000,0
10,27,2019,21,0,,16.570,9.670,63.000,89238.930,0.000,1383.636,308.192,0.000,0.000,0.000,0.000,0.000,0.000,-0.000,999,0.200,8.000,99,9999,99999,9,999999999,0.000,0.999,0,0,999,0.000,0
10,27,2019,22,0,,15.890,9.720,66.000,89238.930,0.000,1383.636,305.549,0.000,0.000,0.000,0.000,0.000,0.000,-0.000,999,0.200,8.000,99,9999,99999,9,999999999,0.000,0.999,0,0,999,0.000,0
10,27,2019,23,0,,15.220,9.780,69.000,89238.930,0.000,1383.636,302.891,0.000,0.000,0.000,0.000,0.000,0.000,-0.000,999,0.200,8.000,99,9999,99999,9,999999999,0.000,0.999,0,0,999,0.000,0
10,27,2019,24,0,,14.540,10.070,74.000,89238.930,0.000,1383.636,301.268,0.000,0.000,0.000,0.000,0.000,0.000,-0.000,999,0.130,8.000,99,9999,99999,9,999999999,0.000,0.999,0,0,999,0.000,0
10,28,2019,1,0,,14.210,10.150,76.000,89238.930,0.000,1383.636,300.165,0.000,0.000,0.000,0.000,0.000,0.000,-0.000,999,0.130,8.000,99,9999,99999,9,999999999,0.000,0.999,0,0,999,0.000,0
10,28,2019,2,0,,13.870,10.240,78.000,89238.930,0.000,1383.636,298.965,0.000,0.000,0.000,0.000,0.000,0.000,-0.000,999,0.130,8.000,99,9999,99999,9,999999999,0.000,0.999,0,0,999,0.000,0
10,28,2019,3,0,,13.530,10.320,80.000,89238.930,0.000,1383.636,297.737,0.000,0.000,0.000,0.000,0.000,0.000,-0.000,999,0.130,8.000,99,9999,99999,9,999999999,0.000,0.999,0,0,999,0.000,0
10,28,2019,4,0,,13.190,10.400,83.000,89238.930,0.000,1384.400,296.998,0.000,0.000,0.000,0.000,0.000,0.000,-0.000,999,0.130,8.000,99,9999,99999,9,999999999,0.000,0.999,0,0,999,0.000,0
10,28,2019,5,0,,12.900,10.470,85.000,89238.930,0.000,1384.400,296.045,0.000,0.000,0.000,0.000,0.000,0.000,-0.000,999,0.130,8.000,99,9999,99999,9,999999999,0.000,0.999,0,0,999,0.000,0
10,28,2019,6,0,,12.670,10.530,86.000,89238.930,106.744,1384.400,294.985,0.000,0.000,0.000,0.000,0.000,0.000,0.000,999,0.130,8.000,99,9999,99999,9,999999999,0.000,0.999,0,0,999,0.000,0
10,28,2019,7,0,,12.450,10.580,88.000,89238.930,429.842,1384.400,294.470,86.250,0.000,86.250,10350.000,0.000,9487.500,88.662,999,0.130,8.000,99,9999,99999,9,999999999,0.000,0.999,0,0,999,0.000,0
10,28,2019,8,0,,15.210,9.900,70.000,89238.930,733.888,1384.400,303.445,275.340,65.143,240.833,33040.800,6188.556,26491.619,144.718,999,0.130,7.000,99,9999,99999,9,999999999,0.000,0.999,0,0,999,0.000,0
10,28,2019,9,0,,16.610,9.540,62.000,89238.930,995.879,1384.400,307.764,456.790,100.138,384.775,54814.800,9513.087,42325.235,170.306,999,0.130,6.000,99,9999,99999,9,999999999,0.000,0.999,0,0,999,0.000,0
10,28,2019,10,0,,17.890,9.210,56.000,89238.930,1197.736,1384.400,312.113,607.710,151.246,476.870,72925.200,14368.397,52455.672,175.466,999,0.130,5.000,99,9999,99999,9,999999999,0.000,0.999,0,0,999,0.000,0
10,28,2019,11,0,,18.980,8.920,52.000,89238.930,1325.654,1384.400,316.386,715.600,11.442,704.644,85872.000,1086.959,77510.855,234.241,999,0.150,5.000,99,9999,99999,9,999999999,0.000,0.999,0,0,999,0.000,0
10,28,2019,12,0,,19.850,8.680,48.000,89238.930,1370.908,1384.400,318.854,772.390,13.221,759.298,92686.800,1256.025,83522.737,244.072,999,0.440,5.000,99,9999,99999,9,999999999,0.000,0.999,0,0,999,0.000,0
10,28,2019,13,0,,20.480,8.510,46.000,89238.930,1330.425,1384.400,321.343,773.960,259.482,524.601,92875.200,24650.767,57706.107,173.764,999,1.060,5.000,99,9999,99999,9,999999999,0.000,0.999,0,0,999,0.000,0
10,28,2019,14,0,,20.850,8.410,44.000,89238.930,1206.987,1384.400,321.911,720.200,293.701,464.161,86424.000,27901.560,51057.739,169.480,999,1.220,5.000,99,9999,99999,9,999999999,0.000,0.999,0,0,999,0.000,0
10,28,2019,15,0,,20.960,8.380,44.000,89238.930,1009.047,1384.400,322.688,615.030,384.093,335.149,73803.600,36488.799,36866.410,146.403,999,1.390,5.000,99,9999,99999,9,999999999,0.000,0.999,0,0,999,0.000,0
10,28,2019,16,0,,20.720,8.450,45.000,89238.930,750.171,1384.400,322.027,466.320,498.209,196.544,55958.400,47329.869,21619.787,115.536,999,1.360,6.000,99,9999,99999,9,999999999,0.000,0.999,0,0,999,0.000,0
10,28,2019,17,0,,20.100,8.620,47.000,89238.930,448.232,1384.400,319.651,286.290,474.972,132.887,34354.800,45122.363,14617.529,130.968,999,0.920,7.000,99,9999,99999,9,999999999,0.000,0.999,0,0,999,0.000,0
10,28,2019,18,0,,19.180,8.870,51.000,89238.930,125.700,1384.400,316.908,96.610,304.241,69.829,11593.200,28902.894,7681.161,252.506,999,0.290,8.000,99,9999,99999,9,999999999,0.000,0.999,0,0,999,0.000,0
10,28,2019,19,0,,18.320,9.100,54.000,89238.930,0.000,1384.400,313.477,0.000,0.000,0.000,0.000,0.000,0.000,-0.000,999,0.130,8.000,99,9999,99999,9,999999999,0.000,0.999,0,0,999,0.000,0
10,28,2019,20,0,,17.460,9.320,58.000,89238.930,0.000,1384.400,310.692,0.000,0.000,0.000,0.000,0.000,0.000,-0.000,999,0.130,8.000,99,9999,99999,9,999999999,0.000,0.999,0,0,999,0.000,0
10,28,2019,21,0,,16.600,9.550,63.000,89238.930,0.000,1384.400,308.399,0.000,0.000,0.000,0.000,0.000,0.000,-0.000,999,0.130,8.000,99,9999,99999,9,999999999,0.000,0.999,0,0,999,0.000,0
10,28,2019,22,0,,15.750,9.760,67.000,89238.930,0.000,1384.400,305.243,0.000,0.000,0.000,0.000,0.000,0.000,-0.000,999,0.130,8.000,99,9999,99999,9,999999999,0.000,0.999,0,0,999,0.000,0
10,28,2019,23,0,,14.890,9.980,72.000,89238.930,0.000,1384.400,302.476,0.000,0.000,0.000,0.000,0.000,0.000,-0.000,999,0.130,8.000,99,9999,99999,9,999999999,0.000,0.999,0,0,999,0.000,0
10,28,2019,24,0,,14.030,9.390,73.000,89238.930,0.000,1384.400,297.226,0.000,0.000,0.000,0.000,0.000,0.000,-0.000,999,0.070,8.000,99,9999,99999,9,999999999,0.000,0.999,0,0,999,0.000,0
10,29,2019,1,0,,13.600,9.380,75.000,89238.930,0.000,1384.400,295.475,0.000,0.000,0.000,0.000,0.000,0.000,-0.000,999,0.070,8.000,99,9999,99999,9,999999999,0.000,0.999,0,0,999,0.000,0
10,29,2019,2,0,,13.170,9.370,77.000,89238.930,0.000,1384.400,293.697,0.000,0.000,0.000,0.000,0.000,0.000,-0.000,999,0.070,8.000,99,9999,99999,9,999999999,0.000,0.999,0,0,999,0.000,0
10,29,2019,3,0,,12.740,9.360,79.000,89238.930,0.000,1384.400,291.896,0.000,0.000,0.000,0.000,0.000,0.000,-0.000,999,0.070,8.000,99,9999,99999,9,999999999,0.000,0.999,0,0,999,0.000,0
10,29,2019,4,0,,12.310,9.350,82.000,89238.930,0.000,1385.159,290.581,0.000,0.000,0.000,0.000,0.000,0.000,-0.000,999,0.090,8.000,99,9999,99999,9,999999999,0.000,0.999,0,0,999,0.000,0
10,29,2019,5,0,,11.930,9.340,84.000,89238.930,0.000,1385.159,289.054,0.000,0.000,0.000,0.000,0.000,0.000,-0.000,999,0.140,8.000,99,9999,99999,9,999999999,0.000,0.999,0,0,999,0.000,0
10,29,2019,6,0,,11.650,9.340,85.000,89238.930,109.977,1385.159,287.687,0.000,0.000,0.000,0.000,0.000,0.000,0.000,999,0.410,8.000,99,9999,99999,9,999999999,0.000,0.999,0,0,999,0.000,0
10,29,2019,7,0,,11.370,9.330,87.000,89238.930,432.878,1385.159,286.791,91.100,0.000,91.100,10932.000,0.000,10021.000,93.039,999,0.100,8.000,99,9999,99999,9,999999999,0.000,0.999,0,0,999,0.000,0
10,29,2019,8,0,,14.690,9.410,70.000,89238.930,736.634,1385.159,299.902,302.230,94.879,251.810,36267.600,9013.545,27699.114,150.832,999,0.070,6.000,99,9999,99999,9,999999999,0.000,0.999,0,0,999,0.000,0
10,29,2019,9,0,,16.450,9.450,63.000,89238.930,998.341,1385.159,307.365,509.370,152.573,399.434,61124.400,14494.424,43937.771,176.455,999,0.070,5.000,99,9999,99999,9,999999999,0.000,0.999,0,0,999,0.000,0
10,29,2019,10,0,,17.980,9.480,57.000,89238.930,1199.944,1385.159,313.531,665.170,215.001,478.936,79820.400,20425.075,52682.958,175.998,999,0.070,4.000,99,9999,99999,9,999999999,0.000,0.999,0,0,999,0.000,0
10,29,2019,11,0,,19.290,9.510,53.000,89238.930,1327.654,1385.159,319.430,779.320,269.584,520.934,93518.400,25610.487,57302.781,173.005,999,0.130,4.000,99,9999,99999,9,999999999,0.000,0.999,0,0,999,0.000,0
10,29,2019,12,0,,20.290,9.530,49.000,89238.930,1372.762,1385.159,322.906,824.950,261.541,565.751,98994.000,24846.377,62232.647,181.712,999,0.430,4.000,99,9999,99999,9,999999999,0.000,0.999,0,0,999,0.000,0
10,29,2019,13,0,,21.140,9.550,47.000,89238.930,1332.204,1385.159,327.029,881.590,366.151,529.445,105790.800,34784.366,58238.979,175.231,999,0.540,3.000,99,9999,99999,9,999999999,0.000,0.999,0,0,999,0.000,0
10,29,2019,14,0,,21.610,9.560,46.000,89238.930,1208.768,1385.159,329.392,802.750,425.708,431.288,96330.000,40442.233,47441.640,157.331,999,0.970,4.000,99,9999,99999,9,999999999,0.000,0.999,0,0,999,0.000,0
10,29,2019,15,0,,21.750,9.570,45.000,89238.930,1010.906,1385.159,329.365,677.690,575.456,257.824,81322.800,54668.285,28360.621,112.480,999,1.020,4.000,99,9999,99999,9,999999999,0.000,0.999,0,0,999,0.000,0
10,29,2019,16,0,,21.360,9.560,46.000,89238.930,752.178,1385.159,327.598,480.310,550.967,181.330,57637.200,52341.880,19946.272,106.366,999,1.250,6.000,99,9999,99999,9,999999999,0.000,0.999,0,0,999,0.000,0
10,29,2019,17,0,,20.600,9.540,49.000,89238.930,450.446,1385.159,325.112,312.410,588.320,121.560,37489.200,55890.370,13371.603,119.279,999,0.800,6.000,99,9999,99999,9,999999999,0.000,0.999,0,0,999,0.000,0
10,29,2019,18,0,,19.520,9.520,52.000,89238.930,128.120,1385.159,320.184,122.080,247.987,99.819,14649.600,23558.763,10980.143,353.964,999,0.580,7.000,99,9999,99999,9,999999999,0.000,0.999,0,0,999,0.000,0
10,29,2019,19,0,,18.480,9.490,55.000,89238.930,0.000,1385.159,315.418,0.000,0.000,0.000,0.000,0.000,0.000,-0.000,999,0.540,7.000,99,9999,99999,9,999999999,0.000,0.999,0,0,999,0.000,0
10,29,2019,20,0,,17.430,9.470,59.000,89238.930,0.000,1385.159,311.243,0.000,0.000,0.000,0.000,0.000,0.000,-0.000,999,0.380,7.000,99,9999,99999,9,999999999,0.000,0.999,0,0,999,0.000,0
10,29,2019,21,0,,16.380,9.440,63.000,89238.930,0.000,1385.159,306.883,0.000,0.000,0.000,0.000,0.000,0.000,-0.000,999,0.350,7.000,99,9999,99999,9,999999999,0.000,0.999,0,0,999,0.000,0
10,29,2019,22,0,,15.340,9.420,67.000,89238.930,0.000,1385.159,302.438,0.000,0.000,0.000,0.000,0.000,0.000,-0.000,999,0.480,7.000,99,9999,99999,9,999999999,0.000,0.999,0,0,999,0.000,0
10,29,2019,23,0,,14.290,9.400,72.000,89238.930,0.000,1385.159,298.396,0.000,0.000,0.000,0.000,0.000,0.000,-0.000,999,0.200,7.000,99,9999,99999,9,999999999,0.000,0.999,0,0,999,0.000,0
10,29,2019,24,0,,13.250,9.420,77.000,89238.930,0.000,1385.159,294.233,0.000,0.000,0.000,0.000,0.000,0.000,-0.000,999,0.950,7.000,99,9999,99999,9,999999999,0.000,0.999,0,0,999,0.000,0
10,30,2019,1,0,,12.720,9.300,79.000,89238.930,0.000,1385.159,291.763,0.000,0.000,0.000,0.000,0.000,0.000,-0.000,999,0.790,8.000,99,9999,99999,9,999999999,0.000,0.999,0,0,999,0.000,0
10,30,2019,2,0,,12.200,9.180,81.000,89238.930,0.000,1385.159,289.342,0.000,0.000,0.000,0.000,0.000,0.000,-0.000,999,0.570,8.000,99,9999,99999,9,999999999,0.000,0.999,0,0,999,0.000,0
10,30,2019,3,0,,11.680,9.060,83.000,89238.930,0.000,1385.159,286.908,0.000,0.000,0.000,0.000,0.000,0.000,-0.000,999,0.700,8.000,99,9999,99999,9,999999999,0.000,0.999,0,0,999,0.000,0
10,30,2019,4,0,,11.160,8.930,86.000,89238.930,0.000,1385.913,284.937,0.000,0.000,0.000,0.000,0.000,0.000,-0.000,999,1.350,8.000,99,9999,99999,9,999999999,0.000,0.999,0,0,999,0.000,0
10,30,2019,5,0,,10.690,8.820,88.000,89238.930,0.000,1385.913,282.791,0.000,0.000,0.000,0.000,0.000,0.000,-0.000,999,0.610,8.000,99,9999,99999,9,999999999,0.000,0.999,0,0,999,0.000,0
10,30,2019,6,0,,10.350,8.740,89.000,89238.930,113.116,1385.913,281.029,0.000,0.000,0.000,0.000,0.000,0.000,0.000,999,0.970,8.000,99,9999,99999,9,999999999,0.000,0.999,0,0,999,0.000,0
10,30,2019,7,0,,10.000,8.650,91.000,89238.930,435.807,1385.913,279.646,78.510,0.000,78.510,9421.200,0.000,8636.100,79.682,999,0.560,8.000,99,9999,99999,9,999999999,0.000,0.999,0,0,999,0.000,0
10,30,2019,8,0,,13.780,9.550,75.000,89238.930,739.274,1385.913,296.687,244.900,29.898,228.963,29388.000,2840.328,25185.979,136.731,999,0.260,8.000,99,9999,99999,9,999999999,0.000,0.999,0,0,999,0.000,0
10,30,2019,9,0,,15.670,9.980,68.000,89238.930,1000.702,1385.913,305.340,404.280,59.816,361.101,48513.600,5682.526,39721.143,159.231,999,0.820,7.000,99,9999,99999,9,999999999,0.000,0.999,0,0,999,0.000,0
10,30,2019,10,0,,17.390,10.360,63.000,89238.930,1202.060,1385.913,313.893,536.780,90.161,458.587,64413.600,8565.300,50444.588,168.315,999,0.750,7.000,99,9999,99999,9,999999999,0.000,0.999,0,0,999,0.000,0
10,30,2019,11,0,,18.860,10.680,58.000,89238.930,1329.576,1385.913,320.508,631.470,6.790,624.956,75776.400,645.080,68745.146,207.364,999,1.870,7.000,99,9999,99999,9,999999999,0.000,0.999,0,0,999,0.000,0
10,30,2019,12,0,,20.040,10.930,55.000,89238.930,1374.554,1385.913,326.479,681.240,7.841,673.464,81748.800,744.865,74080.998,216.143,999,2.520,6.000,99,9999,99999,9,999999999,0.000,0.999,0,0,999,0.000,0
10,30,2019,13,0,,20.890,11.110,53.000,89238.930,1333.940,1385.913,330.874,682.500,105.782,580.687,81900.000,10049.325,63875.563,192.045,999,4.260,6.000,99,9999,99999,9,999999999,0.000,0.999,0,0,999,0.000,0
10,30,2019,14,0,,21.380,11.220,52.000,89238.930,1210.526,1385.913,333.532,635.160,258.521,409.376,76219.200,24559.458,45031.334,149.202,999,5.530,7.000,99,9999,99999,9,999999999,0.000,0.999,0,0,999,0.000,0
10,30,2019,15,0,,21.530,11.250,51.000,89238.930,1012.761,1385.913,333.700,542.670,209.204,389.832,65120.400,19874.418,42881.549,169.851,999,5.980,7.000,99,9999,99999,9,999999999,0.000,0.999,0,0,999,0.000,0
10,30,2019,16,0,,21.200,11.180,52.000,89238.930,754.200,1385.913,332.222,411.960,327.817,233.690,49435.200,31142.573,25705.871,136.786,999,1.380,7.000,99,9999,99999,9,999999999,0.000,0.999,0,0,999,0.000,0
10,30,2019,17,0,,20.370,11.000,54.000,89238.930,452.688,1385.913,327.996,253.740,416.773,117.937,30448.800,39593.415,12973.089,115.210,999,0.440,8.000,99,9999,99999,9,999999999,0.000,0.999,0,0,999,0.000,0
10,30,2019,18,0,,19.120,10.740,58.000,89238.930,130.579,1385.913,322.357,86.930,293.983,60.022,10431.600,27928.357,6602.401,208.736,999,0.260,8.000,99,9999,99999,9,999999999,0.000,0.999,0,0,999,0.000,0
10,30,2019,19,0,,18.080,10.510,61.000,89238.930,0.000,1385.913,317.288,0.000,0.000,0.000,0.000,0.000,0.000,-0.000,999,0.260,8.000,99,9999,99999,9,999999999,0.000,0.999,0,0,999,0.000,0
10,30,2019,20,0,,17.050,10.290,64.000,89238.930,0.000,1385.913,312.221,0.000,0.000,0.000,0.000,0.000,0.000,-0.000,999,0.260,8.000,99,9999,99999,9,999999999,0.000,0.999,0,0,999,0.000,0
10,30,2019,21,0,,16.010,10.060,67.000,89238.930,0.000,1385.913,307.033,0.000,0.000,0.000,0.000,0.000,0.000,-0.000,999,0.260,8.000,99,9999,99999,9,999999999,0.000,0.999,0,0,999,0.000,0
10,30,2019,22,0,,14.980,9.820,71.000,89238.930,0.000,1385.913,302.486,0.000,0.000,0.000,0.000,0.000,0.000,-0.000,999,0.260,8.000,99,9999,99999,9,999999999,0.000,0.999,0,0,999,0.000,0
10,30,2019,23,0,,13.940,9.580,74.000,89238.930,0.000,1385.913,297.197,0.000,0.000,0.000,0.000,0.000,0.000,-0.000,999,0.260,8.000,99,9999,99999,9,999999999,0.000,0.999,0,0,999,0.000,0
10,30,2019,24,0,,12.900,9.240,78.000,89238.930,0.000,1385.913,292.432,0.000,0.000,0.000,0.000,0.000,0.000,-0.000,999,0.180,8.000,99,9999,99999,9,999999999,0.000,0.999,0,0,999,0.000,0
10,31,2019,1,0,,12.380,9.130,80.000,89238.930,0.000,1385.913,290.023,0.000,0.000,0.000,0.000,0.000,0.000,-0.000,999,0.180,8.000,99,9999,99999,9,999999999,0.000,0.999,0,0,999,0.000,0
10,31,2019,2,0,,11.870,9.030,82.000,89238.930,0.000,1385.913,287.664,0.000,0.000,0.000,0.000,0.000,0.000,-0.000,999,0.180,8.000,99,9999,99999,9,999999999,0.000,0.999,0,0,999,0.000,0
10,31,2019,3,0,,11.350,8.920,84.000,89238.930,0.000,1385.913,285.226,0.000,0.000,0.000,0.000,0.000,0.000,-0.000,999,0.180,8.000,99,9999,99999,9,999999999,0.000,0.999,0,0,999,0.000,0
10,31,2019,4,0,,10.830,8.810,87.000,89238.930,0.000,1386.662,283.244,0.000,0.000,0.000,0.000,0.000,0.000,-0.000,999,0.180,8.000,99,9999,99999,9,999999999,0.000,0.999,0,0,999,0.000,0
10,31,2019,5,0,,10.370,8.710,89.000,89238.930,0.000,1386.662,281.159,0.000,0.000,0.000,0.000,0.000,0.000,-0.000,999,0.180,8.000,99,9999,99999,9,999999999,0.000,0.999,0,0,999,0.000,0
10,31,2019,6,0,,10.030,8.630,91.000,89238.930,116.159,1386.662,279.841,0.000,0.000,0.000,0.000,0.000,0.000,0.000,999,0.180,8.000,99,9999,99999,9,999999999,0.000,0.999,0,0,999,0.000,0
10,31,2019,7,0,,9.690,8.560,92.000,89238.930,438.630,1386.662,278.076,83.290,0.000,83.290,9994.800,0.000,9161.900,84.032,999,0.180,8.000,99,9999,99999,9,999999999,0.000,0.999,0,0,999,0.000,0
10,31,2019,8,0,,13.720,9.410,75.000,89238.930,741.806,1386.662,296.282,257.040,36.598,237.476,30844.800,3476.844,26122.327,141.406,999,0.180,7.000,99,9999,99999,9,999999999,0.000,0.999,0,0,999,0.000,0
10,31,2019,9,0,,15.720,9.820,67.000,89238.930,1002.961,1386.662,305.037,423.330,71.364,371.727,50799.600,6779.565,40889.966,163.635,999,0.180,7.000,99,9999,99999,9,999999999,0.000,0.999,0,0,999,0.000,0
10,31,2019,10,0,,17.540,10.180,61.000,89238.930,1204.083,1386.662,313.497,561.580,107.458,468.279,67389.600,10208.557,51510.724,171.677,999,0.280,6.000,99,9999,99999,9,999999999,0.000,0.999,0,0,999,0.000,0
10,31,2019,11,0,,19.100,10.480,57.000,89238.930,1331.419,1386.662,321.415,660.340,8.102,652.560,79240.800,769.737,71781.654,216.340,999,0.470,6.000,99,9999,99999,9,999999999,0.000,0.999,0,0,999,0.000,0
10,31,2019,12,0,,20.340,10.720,53.000,89238.930,1376.285,1386.662,326.905,712.230,9.358,702.942,85467.600,889.055,77323.577,225.441,999,0.340,6.000,99,9999,99999,9,999999999,0.000,0.999,0,0,999,0.000,0
10,31,2019,13,0,,21.230,10.890,51.000,89238.930,1335.635,1386.662,331.519,713.500,10.932,702.971,85620.000,1038.525,77326.774,232.317,999,0.640,6.000,99,9999,99999,9,999999999,0.000,0.999,0,0,999,0.000,0
10,31,2019,14,0,,21.760,10.980,50.000,89238.930,1212.262,1386.662,334.432,664.070,306.776,395.901,79688.400,29143.735,43549.133,144.162,999,0.900,6.000,99,9999,99999,9,999999999,0.000,0.999,0,0,999,0.000,0
10,31,2019,15,0,,21.910,11.010,49.000,89238.930,1014.614,1386.662,334.561,567.520,285.583,358.613,68102.400,27130.396,39447.470,156.048,999,1.610,6.000,99,9999,99999,9,999999999,0.000,0.999,0,0,999,0.000,0
10,31,2019,16,0,,21.570,10.950,50.000,89238.930,756.236,1386.662,333.048,431.100,357.047,236.514,51732.000,33919.485,26016.523,138.140,999,1.240,7.000,99,9999,99999,9,999999999,0.000,0.999,0,0,999,0.000,0
10,31,2019,17,0,,20.680,10.780,53.000,89238.930,454.959,1386.662,329.354,265.970,410.157,131.722,31916.400,38964.880,14489.405,128.100,999,0.490,7.000,99,9999,99999,9,999999999,0.000,0.999,0,0,999,0.000,0
10,31,2019,18,0,,19.498,10.554,56.000,89238.930,133.077,1386.662,323.434,157.776,211.299,138.057,18933.120,20073.435,15186.312,470.903,999,0.454,7.600,99,9999,99999,9,999999999,0.000,0.999,0,0,999,0.000,0
10,31,2019,19,0,,18.488,10.360,59.000,89238.930,0.000,1386.662,318.654,71.556,0.000,0.000,8586.720,0.000,0.000,-0.000,999,0.242,7.800,99,9999,99999,9,999999999,0.000,0.999,0,0,999,0.000,0
10,31,2019,20,0,,17.466,10.162,62.000,89238.930,0.000,1386.662,313.708,18.362,0.000,0.000,2203.440,0.000,0.000,-0.000,999,0.180,8.000,99,9999,99999,9,999999999,0.000,0.999,0,0,999,0.000,0
10,31,2019,21,0,,16.518,9.974,65.000,89238.930,0.000,1386.662,309.211,0.000,0.000,0.000,0.000,0.000,0.000,-0.000,999,0.188,8.000,99,9999,99999,9,999999999,0.000,0.999,0,0,999,0.000,0
10,31,2019,22,0,,15.570,9.900,68.800,89238.930,0.000,1386.662,305.163,0.000,0.000,0.000,0.000,0.000,0.000,-0.000,999,0.152,8.000,99,9999,99999,9,999999999,0.000,0.999,0,0,999,0.000,0
10,31,2019,23,0,,14.716,9.850,72.400,89238.930,0.000,1386.662,301.527,0.000,0.000,0.000,0.000,0.000,0.000,-0.000,999,0.116,8.000,99,9999,99999,9,999999999,0.000,0.999,0,0,999,0.000,0
10,31,2019,24,0,,13.956,9.824,75.800,89238.930,0.000,1386.662,298.327,0.000,0.000,0.000,0.000,0.000,0.000,-0.000,999,0.080,8.000,99,9999,99999,9,999999999,0.000,0.999,0,0,999,0.000,0
11,1,2019,1,0,,13.292,9.822,79.000,89238.930,0.000,1386.662,295.596,0.000,0.000,0.000,0.000,0.000,0.000,-0.000,999,0.044,8.000,99,9999,99999,9,999999999,0.000,0.999,0,0,999,0.000,0
11,1,2019,2,0,,12.722,9.848,82.200,89238.930,0.000,1386.662,293.436,0.000,0.000,0.000,0.000,0.000,0.000,-0.000,999,0.000,8.000,99,9999,99999,9,999999999,0.000,0.999,0,0,999,0.000,0
11,1,2019,3,0,,12.258,9.784,84.400,89238.930,0.000,1386.662,291.434,0.000,0.000,0.000,0.000,0.000,0.000,-0.000,999,0.000,8.000,99,9999,99999,9,999999999,0.000,0.999,0,0,999,0.000,0
11,1,2019,4,0,,11.826,9.726,86.400,89238.930,0.000,1387.405,289.528,0.000,0.000,0.000,0.000,0.000,0.000,-0.000,999,0.000,8.000,99,9999,99999,9,999999999,0.000,0.999,0,0,999,0.000,0
11,1,2019,5,0,,11.426,9.670,88.400,89238.930,0.000,1387.405,287.817,18.350,0.000,0.000,2202.000,0.000,0.000,-0.000,999,0.000,8.000,99,9999,99999,9,999999999,0.000,0.999,0,0,999,0.000,0
11,1,2019,6,0,,11.040,9.620,90.000,89238.930,119.104,1387.405,286.001,0.000,0.000,0.000,0.000,0.000,0.000,0.000,999,0.000,8.000,99,9999,99999,9,999999999,0.000,0.999,0,0,999,0.000,0
11,1,2019,7,0,,10.720,9.570,92.000,89238.930,441.345,1387.405,284.789,91.750,0.000,91.750,11010.000,0.000,10092.500,92.045,999,0.000,8.000,99,9999,99999,9,999999999,0.000,0.999,0,0,999,0.000,0
11,1,2019,8,0,,14.720,10.120,73.000,89238.930,744.231,1387.405,301.910,280.320,65.816,245.041,33638.400,6252.517,26954.470,145.512,999,0.000,7.000,99,9999,99999,9,999999999,0.000,0.999,0,0,999,0.000,0
11,1,2019,9,0,,16.690,10.380,66.000,89238.930,1005.117,1387.405,311.082,460.650,99.426,388.639,55278.000,9445.433,42750.342,170.805,999,0.000,6.000,99,9999,99999,9,999999999,0.000,0.999,0,0,999,0.000,0
11,1,2019,10,0,,18.480,10.620,60.000,89238.930,1206.014,1387.405,319.363,610.540,149.605,480.507,73264.800,14212.490,52855.748,175.971,999,0.000,6.000,99,9999,99999,9,999999999,0.000,0.999,0,0,999,0.000,0
11,1,2019,11,0,,20.010,10.820,55.000,89238.930,1333.184,1387.405,326.263,717.620,11.302,706.760,86114.400,1073.679,77743.608,234.124,999,0.000,5.000,99,9999,99999,9,999999999,0.000,0.999,0,0,999,0.000,0
11,1,2019,12,0,,21.230,10.980,51.000,89238.930,1377.955,1387.405,331.519,773.870,150.444,624.451,92864.400,14292.181,68689.639,200.133,999,0.000,5.000,99,9999,99999,9,999999999,0.000,0.999,0,0,999,0.000,0
11,1,2019,13,0,,22.110,11.090,49.000,89238.930,1337.288,1387.405,336.022,775.210,282.176,503.233,93025.200,26806.676,55355.685,166.191,999,0.000,5.000,99,9999,99999,9,999999999,0.000,0.999,0,0,999,0.000,0
11,1,2019,14,0,,22.630,11.160,48.000,89238.930,1213.977,1387.405,338.844,721.560,310.421,449.966,86587.200,29490.011,49496.302,163.705,999,0.000,5.000,99,9999,99999,9,999999999,0.000,0.999,0,0,999,0.000,0
11,1,2019,15,0,,22.780,11.180,47.000,89238.930,1016.465,1387.405,338.929,616.830,387.496,333.008,74019.600,36812.115,36630.858,144.719,999,0.000,6.000,99,9999,99999,9,999999999,0.000,0.999,0,0,999,0.000,0
11,1,2019,16,0,,22.440,11.130,48.000,89238.930,758.287,1387.405,337.448,468.860,519.179,185.297,56263.200,49322.033,20382.700,107.991,999,0.000,6.000,99,9999,99999,9,999999999,0.000,0.999,0,0,999,0.000,0
11,1,2019,17,0,,21.570,11.020,51.000,89238.930,457.259,1387.405,333.992,289.760,431.926,147.745,34771.200,41033.008,16251.908,143.033,999,0.000,7.000,99,9999,99999,9,999999999,0.000,0.999,0,0,999,0.000,0
11,1,2019,18,0,,20.270,10.850,54.000,89238.930,135.614,1387.405,327.276,100.790,315.526,70.772,12094.800,29974.963,7784.882,236.787,999,0.000,8.000,99,9999,99999,9,999999999,0.000,0.999,0,0,999,0.000,0
11,1,2019,19,0,,19.280,10.730,57.000,89238.930,0.000,1387.405,322.696,0.000,0.000,0.000,0.000,0.000,0.000,-0.000,999,0.000,8.000,99,9999,99999,9,999999999,0.000,0.999,0,0,999,0.000,0
11,1,2019,20,0,,18.300,10.600,60.000,89238.930,0.000,1387.405,318.090,0.000,0.000,0.000,0.000,0.000,0.000,-0.000,999,0.000,8.000,99,9999,99999,9,999999999,0.000,0.999,0,0,999,0.000,0
11,1,2019,21,0,,17.310,10.470,64.000,89238.930,0.000,1387.405,314.039,0.000,0.000,0.000,0.000,0.000,0.000,-0.000,999,0.000,8.000,99,9999,99999,9,999999999,0.000,0.999,0,0,999,0.000,0
11,1,2019,22,0,,16.320,10.340,67.000,89238.930,0.000,1387.405,309.177,0.000,0.000,0.000,0.000,0.000,0.000,-0.000,999,0.000,8.000,99,9999,99999,9,999999999,0.000,0.999,0,0,999,0.000,0
11,1,2019,23,0,,15.340,10.200,71.000,89238.930,0.000,1387.405,304.954,0.000,0.000,0.000,0.000,0.000,0.000,-0.000,999,0.000,8.000,99,9999,99999,9,999999999,0.000,0.999,0,0,999,0.000,0
11,1,2019,24,0,,14.350,10.340,76.000,89238.930,0.000,1387.405,301.119,0.000,0.000,0.000,0.000,0.000,0.000,-0.000,999,0.000,8.000,99,9999,99999,9,999999999,0.000,0.999,0,0,999,0.000,0
11,2,2019,1,0,,13.860,10.290,79.000,89238.930,0.000,1387.405,299.441,0.000,0.000,0.000,0.000,0.000,0.000,-0.000,999,0.000,7.000,99,9999,99999,9,999999999,0.000,0.999,0,0,999,0.000,0
11,2,2019,2,0,,13.370,10.240,81.000,89238.930,0.000,1387.405,297.181,0.000,0.000,0.000,0.000,0.000,0.000,-0.000,999,0.000,7.000,99,9999,99999,9,999999999,0.000,0.999,0,0,999,0.000,0
11,2,2019,3,0,,12.870,10.180,83.000,89238.930,0.000,1387.405,294.837,0.000,0.000,0.000,0.000,0.000,0.000,-0.000,999,0.000,7.000,99,9999,99999,9,999999999,0.000,0.999,0,0,999,0.000,0
11,2,2019,4,0,,12.380,10.130,86.000,89238.930,0.000,1388.143,293.035,0.000,0.000,0.000,0.000,0.000,0.000,-0.000,999,0.000,7.000,99,9999,99999,9,999999999,0.000,0.999,0,0,999,0.000,0
11,2,2019,5,0,,11.940,10.080,88.000,89238.930,0.000,1388.143,291.048,0.000,0.000,0.000,0.000,0.000,0.000,-0.000,999,0.000,7.000,99,9999,99999,9,999999999,0.000,0.999,0,0,999,0.000,0
11,2,2019,6,0,,11.620,10.050,90.000,89238.930,121.950,1388.143,289.846,0.000,0.000,0.000,0.000,0.000,0.000,0.000,999,0.000,7.000,99,9999,99999,9,999999999,0.000,0.999,0,0,999,0.000,0
11,2,2019,7,0,,11.290,10.020,91.000,89238.930,443.951,1388.143,288.108,126.460,16.271,121.270,15175.200,1545.730,13339.648,121.005,999,0.000,7.000,99,9999,99999,9,999999999,0.000,0.999,0,0,999,0.000,0
11,2,2019,8,0,,15.530,10.460,71.000,89238.930,746.547,1388.143,306.262,381.310,223.082,261.422,45757.200,21192.819,28756.425,154.840,999,0.000,2.000,99,9999,99999,9,999999999,0.000,0.999,0,0,999,0.000,0
11,2,2019,9,0,,17.570,10.670,63.000,89238.930,1007.170,1388.143,315.156,619.810,404.723,326.240,74377.200,38448.666,35886.390,143.164,999,0.000,0.000,99,9999,99999,9,999999999,0.000,0.999,0,0,999,0.000,0
11,2,2019,10,0,,19.390,10.860,57.000,89238.930,1207.853,1388.143,323.481,812.170,448.993,421.529,97460.400,42654.298,46368.147,154.219,999,0.000,0.000,99,9999,99999,9,999999999,0.000,0.999,0,0,999,0.000,0
11,2,2019,11,0,,20.960,11.020,52.000,89238.930,1334.872,1388.143,330.481,953.280,516.066,457.030,114393.600,49026.282,50273.282,151.286,999,0.000,0.000,99,9999,99999,9,999999999,0.000,0.999,0,0,999,0.000,0
11,2,2019,12,0,,22.200,11.140,49.000,89238.930,1379.567,1388.143,336.681,1025.140,600.071,428.779,123016.800,57006.723,47165.639,137.333,999,0.000,0.000,99,9999,99999,9,999999999,0.000,0.999,0,0,999,0.000,0
11,2,2019,13,0,,23.090,11.230,47.000,89238.930,1338.902,1388.143,341.215,1026.940,734.588,318.425,123232.800,69785.873,35026.750,105.088,999,0.000,0.000,99,9999,99999,9,999999999,0.000,0.999,0,0,999,0.000,0
11,2,2019,14,0,,23.610,11.280,45.000,89238.930,1215.672,1388.143,342.939,952.650,885.331,177.386,114318.000,84106.468,19512.486,64.480,999,0.000,0.000,99,9999,99999,9,999999999,0.000,0.999,0,0,999,0.000,0
11,2,2019,15,0,,23.750,11.300,45.000,89238.930,1018.315,1388.143,343.978,815.590,816.749,216.590,97870.800,77591.149,23824.850,94.005,999,0.000,0.000,99,9999,99999,9,999999999,0.000,0.999,0,0,999,0.000,0
11,2,2019,16,0,,23.380,11.260,46.000,89238.930,760.354,1388.143,342.311,615.160,725.730,217.914,73819.200,68944.350,23970.515,126.721,999,0.000,0.000,99,9999,99999,9,999999999,0.000,0.999,0,0,999,0.000,0
11,2,2019,17,0,,22.470,11.170,48.000,89238.930,459.586,1388.143,337.668,379.450,732.083,137.642,45534.000,69547.881,15140.614,132.645,999,0.000,3.000,99,9999,99999,9,999999999,0.000,0.999,0,0,999,0.000,0
11,2,2019,18,0,,21.120,11.030,52.000,89238.930,138.188,1388.143,331.641,130.370,339.574,97.438,15644.400,32259.487,10718.217,319.816,999,0.000,7.000,99,9999,99999,9,999999999,0.000,0.999,0,0,999,0.000,0
11,2,2019,19,0,,20.070,10.930,55.000,89238.930,0.000,1388.143,326.695,0.000,0.000,0.000,0.000,0.000,0.000,-0.000,999,0.000,7.000,99,9999,99999,9,999999999,0.000,0.999,0,0,999,0.000,0
11,2,2019,20,0,,19.030,10.820,58.000,89238.930,0.000,1388.143,321.716,0.000,0.000,0.000,0.000,0.000,0.000,-0.000,999,0.000,7.000,99,9999,99999,9,999999999,0.000,0.999,0,0,999,0.000,0
11,2,2019,21,0,,17.980,10.720,62.000,89238.930,0.000,1388.143,317.319,0.000,0.000,0.000,0.000,0.000,0.000,-0.000,999,0.000,7.000,99,9999,99999,9,999999999,0.000,0.999,0,0,999,0.000,0
11,2,2019,22,0,,16.930,10.610,66.000,89238.930,0.000,1388.143,312.757,0.000,0.000,0.000,0.000,0.000,0.000,-0.000,999,0.000,7.000,99,9999,99999,9,999999999,0.000,0.999,0,0,999,0.000,0
11,2,2019,23,0,,15.890,10.500,70.000,89238.930,0.000,1388.143,308.128,0.000,0.000,0.000,0.000,0.000,0.000,-0.000,999,0.000,7.000,99,9999,99999,9,999999999,0.000,0.999,0,0,999,0.000,0
11,2,2019,24,0,,14.840,10.680,76.000,89238.930,0.000,1388.143,304.477,0.000,0.000,0.000,0.000,0.000,0.000,-0.000,999,0.000,7.000,99,9999,99999,9,999999999,0.000,0.999,0,0,999,0.000,0
11,3,2019,1,0,,14.310,10.560,78.000,89238.930,0.000,1388.143,301.965,0.000,0.000,0.000,0.000,0.000,0.000,-0.000,999,0.000,7.000,99,9999,99999,9,999999999,0.000,0.999,0,0,999,0.000,0
11,3,2019,2,0,,13.790,10.440,80.000,89238.930,0.000,1388.143,299.503,0.000,0.000,0.000,0.000,0.000,0.000,-0.000,999,0.000,7.000,99,9999,99999,9,999999999,0.000,0.999,0,0,999,0.000,0
11,3,2019,3,0,,13.270,10.330,82.000,89238.930,0.000,1388.143,297.025,0.000,0.000,0.000,0.000,0.000,0.000,-0.000,999,0.000,7.000,99,9999,99999,9,999999999,0.000,0.999,0,0,999,0.000,0
11,3,2019,4,0,,12.740,10.200,84.000,89238.930,0.000,1388.874,294.466,0.000,0.000,0.000,0.000,0.000,0.000,-0.000,999,0.000,7.000,99,9999,99999,9,999999999,0.000,0.999,0,0,999,0.000,0
11,3,2019,5,0,,12.280,10.100,86.000,89238.930,0.000,1388.874,292.364,0.000,0.000,0.000,0.000,0.000,0.000,-0.000,999,0.000,7.000,99,9999,99999,9,999999999,0.000,0.999,0,0,999,0.000,0
11,3,2019,6,0,,11.930,10.020,88.000,89238.930,124.693,1388.874,290.981,0.000,0.000,0.000,0.000,0.000,0.000,0.000,999,0.000,7.000,99,9999,99999,9,999999999,0.000,0.999,0,0,999,0.000,0
11,3,2019,7,0,,11.590,9.940,89.000,89238.930,446.447,1388.874,289.184,116.700,6.091,114.747,14004.000,578.646,12622.169,113.914,999,0.000,7.000,99,9999,99999,9,999999999,0.000,0.999,0,0,999,0.000,0
11,3,2019,8,0,,15.560,10.840,73.000,89238.930,748.754,1388.874,307.688,338.400,139.218,263.400,40608.000,13225.710,28973.998,155.632,999,0.000,5.000,99,9999,99999,9,999999999,0.000,0.999,0,0,999,0.000,0
11,3,2019,9,0,,17.500,11.260,66.000,89238.930,1009.122,1388.874,316.762,560.310,266.101,367.018,67237.200,25279.596,40372.016,160.832,999,0.000,3.000,99,9999,99999,9,999999999,0.000,0.999,0,0,999,0.000,0
11,3,2019,10,0,,19.250,11.640,61.000,89238.930,1209.601,1388.874,325.622,740.510,364.514,423.077,88861.200,34628.817,46538.419,154.643,999,0.000,2.000,99,9999,99999,9,999999999,0.000,0.999,0,0,999,0.000,0
11,3,2019,11,0,,20.780,11.960,56.000,89238.930,1336.484,1388.874,332.684,876.180,441.864,450.993,105141.600,41977.100,49609.260,149.186,999,0.000,1.000,99,9999,99999,9,999999999,0.000,0.999,0,0,999,0.000,0
11,3,2019,12,0,,22.020,12.210,53.000,89238.930,1381.120,1388.874,339.145,953.750,455.832,500.465,114450.000,43304.000,55051.137,160.198,999,0.000,0.000,99,9999,99999,9,999999999,0.000,0.999,0,0,999,0.000,0
11,3,2019,13,0,,22.950,12.400,51.000,89238.930,1340.477,1388.874,344.173,970.080,546.453,442.680,116409.600,51913.041,48694.836,146.000,999,0.000,0.000,99,9999,99999,9,999999999,0.000,0.999,0,0,999,0.000,0
11,3,2019,14,0,,23.510,12.510,50.000,89238.930,1217.348,1388.874,347.388,910.000,698.150,298.126,109200.000,66324.255,32793.828,108.277,999,0.000,0.000,99,9999,99999,9,999999999,0.000,0.999,0,0,999,0.000,0
11,3,2019,15,0,,23.730,12.560,49.000,89238.930,1020.164,1388.874,348.038,793.560,907.031,127.490,95227.200,86167.910,14023.846,55.262,999,0.000,0.000,99,9999,99999,9,999999999,0.000,0.999,0,0,999,0.000,0
11,3,2019,16,0,,23.450,12.500,50.000,89238.930,762.436,1388.874,346.938,603.590,719.134,209.083,72430.800,68317.747,22999.080,121.317,999,0.000,1.000,99,9999,99999,9,999999999,0.000,0.999,0,0,999,0.000,0
11,3,2019,17,0,,22.600,12.330,52.000,89238.930,461.942,1388.874,342.518,370.860,710.419,135.123,44503.200,67489.845,14863.542,129.619,999,0.000,4.000,99,9999,99999,9,999999999,0.000,0.999,0,0,999,0.000,0
11,3,2019,18,0,,21.320,12.070,55.000,89238.930,140.800,1388.874,335.775,140.790,298.794,111.255,16894.800,28385.475,12238.078,358.270,999,0.000,6.000,99,9999,99999,9,999999999,0.000,0.999,0,0,999,0.000,0
11,3,2019,19,0,,20.300,11.860,58.000,89238.930,0.000,1388.874,330.852,0.000,0.000,0.000,0.000,0.000,0.000,-0.000,999,0.000,6.000,99,9999,99999,9,999999999,0.000,0.999,0,0,999,0.000,0
11,3,2019,20,0,,19.270,11.640,61.000,89238.930,0.000,1388.874,325.766,0.000,0.000,0.000,0.000,0.000,0.000,-0.000,999,0.000,6.000,99,9999,99999,9,999999999,0.000,0.999,0,0,999,0.000,0
11,3,2019,21,0,,18.240,11.420,64.000,89238.930,0.000,1388.874,320.609,0.000,0.000,0.000,0.000,0.000,0.000,-0.000,999,0.000,6.000,99,9999,99999,9,999999999,0.000,0.999,0,0,999,0.000,0
11,3,2019,22,0,,17.210,11.200,67.000,89238.930,0.000,1388.874,315.396,0.000,0.000,0.000,0.000,0.000,0.000,-0.000,999,0.000,7.000,99,9999,99999,9,999999999,0.000,0.999,0,0,999,0.000,0
11,3,2019,23,0,,16.190,10.980,71.000,89238.930,0.000,1388.874,310.841,0.000,0.000,0.000,0.000,0.000,0.000,-0.000,999,0.000,7.000,99,9999,99999,9,999999999,0.000,0.999,0,0,999,0.000,0
11,3,2019,24,0,,15.160,11.470,78.000,89238.930,0.000,1388.874,307.825,0.000,0.000,0.000,0.000,0.000,0.000,-0.000,999,0.000,7.000,99,9999,99999,9,999999999,0.000,0.999,0,0,999,0.000,0
11,4,2019,1,0,,14.640,11.360,80.000,89238.930,0.000,1388.874,305.332,0.000,0.000,0.000,0.000,0.000,0.000,-0.000,999,0.000,7.000,99,9999,99999,9,999999999,0.000,0.999,0,0,999,0.000,0
11,4,2019,2,0,,14.130,11.250,82.000,89238.930,0.000,1388.874,302.891,0.000,0.000,0.000,0.000,0.000,0.000,-0.000,999,0.000,7.000,99,9999,99999,9,999999999,0.000,0.999,0,0,999,0.000,0
11,4,2019,3,0,,13.620,11.140,84.000,89238.930,0.000,1388.874,300.434,0.000,0.000,0.000,0.000,0.000,0.000,-0.000,999,0.000,7.000,99,9999,99999,9,999999999,0.000,0.999,0,0,999,0.000,0
11,4,2019,4,0,,13.100,11.030,87.000,89238.930,0.000,1389.599,298.389,0.000,0.000,0.000,0.000,0.000,0.000,-0.000,999,0.000,8.000,99,9999,99999,9,999999999,0.000,0.999,0,0,999,0.000,0
11,4,2019,5,0,,12.650,10.930,89.000,89238.930,0.000,1389.599,296.298,0.000,0.000,0.000,0.000,0.000,0.000,-0.000,999,0.000,8.000,99,9999,99999,9,999999999,0.000,0.999,0,0,999,0.000,0
11,4,2019,6,0,,12.310,10.850,90.000,89238.930,127.334,1389.599,294.472,0.000,0.000,0.000,0.000,0.000,0.000,0.000,999,0.000,8.000,99,9999,99999,9,999999999,0.000,0.999,0,0,999,0.000,0
11,4,2019,7,0,,11.970,10.780,92.000,89238.930,448.831,1389.599,293.104,108.820,0.000,108.820,13058.400,0.000,11970.200,107.509,999,0.000,8.000,99,9999,99999,9,999999999,0.000,0.999,0,0,999,0.000,0
11,4,2019,8,0,,16.340,11.720,74.000,89238.930,750.852,1389.599,313.738,363.030,188.242,261.388,43563.600,17882.953,28752.710,154.092,999,0.000,4.000,99,9999,99999,9,999999999,0.000,0.999,0,0,999,0.000,0
11,4,2019,9,0,,18.460,12.160,66.000,89238.930,1010.971,1389.599,323.598,579.260,299.525,361.405,69511.200,28454.856,39754.507,158.164,999,0.000,2.000,99,9999,99999,9,999999999,0.000,0.999,0,0,999,0.000,0
11,4,2019,10,0,,19.970,12.470,61.000,89238.930,1211.258,1389.599,330.834,676.150,237.542,469.113,81138.000,22566.537,51602.421,171.325,999,0.000,4.000,99,9999,99999,9,999999999,0.000,0.999,0,0,999,0.000,0
11,4,2019,11,0,,20.840,12.640,59.000,89238.930,1338.021,1389.599,335.615,666.480,150.509,521.561,79977.600,14298.386,57371.657,172.422,999,0.000,6.000,99,9999,99999,9,999999999,0.000,0.999,0,0,999,0.000,0
11,4,2019,12,0,,21.770,12.820,56.000,89238.930,1382.615,1389.599,339.965,779.770,242.359,538.630,93572.400,23024.064,59249.325,172.318,999,0.000,5.000,99,9999,99999,9,999999999,0.000,0.999,0,0,999,0.000,0
11,4,2019,13,0,,22.290,12.920,55.000,89238.930,1342.013,1389.599,342.954,724.900,280.820,453.702,86988.000,26677.880,49907.271,149.542,999,0.000,6.000,99,9999,99999,9,999999999,0.000,0.999,0,0,999,0.000,0
11,4,2019,14,0,,23.100,13.080,53.000,89238.930,1219.006,1389.599,347.197,906.570,647.683,338.449,108788.400,61529.915,37229.428,122.819,999,0.000,0.000,99,9999,99999,9,999999999,0.000,0.999,0,0,999,0.000,0
11,4,2019,15,0,,23.290,13.120,52.000,89238.930,1022.013,1389.599,347.681,693.630,547.684,290.923,83235.600,52029.994,32001.574,125.942,999,0.000,4.000,99,9999,99999,9,999999999,0.000,0.999,0,0,999,0.000,0
11,4,2019,16,0,,22.780,13.020,54.000,89238.930,764.533,1389.599,345.718,448.760,378.150,240.849,53851.200,35924.277,26493.352,139.438,999,0.000,6.000,99,9999,99999,9,999999999,0.000,0.999,0,0,999,0.000,0
11,4,2019,17,0,,21.950,12.860,56.000,89238.930,464.327,1389.599,341.302,303.710,601.372,103.228,36445.200,57130.374,11355.067,98.563,999,0.000,6.000,99,9999,99999,9,999999999,0.000,0.999,0,0,999,0.000,0
11,4,2019,18,0,,20.660,12.600,59.000,89238.930,143.449,1389.599,334.293,76.770,356.959,40.811,9212.400,33911.097,4489.185,128.953,999,0.000,8.000,99,9999,99999,9,999999999,0.000,0.999,0,0,999,0.000,0
11,4,2019,19,0,,19.810,12.430,62.000,89238.930,0.000,1389.599,330.437,0.000,0.000,0.000,0.000,0.000,0.000,-0.000,999,0.000,8.000,99,9999,99999,9,999999999,0.000,0.999,0,0,999,0.000,0
11,4,2019,20,0,,18.960,12.260,65.000,89238.930,0.000,1389.599,326.490,0.000,0.000,0.000,0.000,0.000,0.000,-0.000,999,0.000,8.000,99,9999,99999,9,999999999,0.000,0.999,0,0,999,0.000,0
11,4,2019,21,0,,18.110,12.090,67.000,89238.930,0.000,1389.599,321.783,0.000,0.000,0.000,0.000,0.000,0.000,-0.000,999,0.000,8.000,99,9999,99999,9,999999999,0.000,0.999,0,0,999,0.000,0
11,4,2019,22,0,,17.260,11.910,70.000,89238.930,0.000,1389.599,317.731,0.000,0.000,0.000,0.000,0.000,0.000,-0.000,999,0.000,8.000,99,9999,99999,9,999999999,0.000,0.999,0,0,999,0.000,0
11,4,2019,23,0,,16.410,11.740,73.000,89238.930,0.000,1389.599,313.621,0.000,0.000,0.000,0.000,0.000,0.000,-0.000,999,0.000,8.000,99,9999,99999,9,999999999,0.000,0.999,0,0,999,0.000,0
11,4,2019,24,0,,15.560,11.610,77.000,89238.930,0.000,1389.599,310.042,0.000,0.000,0.000,0.000,0.000,0.000,-0.000,999,0.050,8.000,99,9999,99999,9,999999999,0.000,0.999,0,0,999,0.000,0
11,5,2019,1,0,,15.140,11.640,79.000,89238.930,0.000,1389.599,308.247,0.000,0.000,0.000,0.000,0.000,0.000,-0.000,999,0.080,7.000,99,9999,99999,9,999999999,0.000,0.999,0,0,999,0.000,0
11,5,2019,2,0,,14.710,11.660,81.000,89238.930,0.000,1389.599,306.359,0.000,0.000,0.000,0.000,0.000,0.000,-0.000,999,0.000,7.000,99,9999,99999,9,999999999,0.000,0.999,0,0,999,0.000,0
11,5,2019,3,0,,14.290,11.690,84.000,89238.930,0.000,1389.599,305.040,0.000,0.000,0.000,0.000,0.000,0.000,-0.000,999,0.000,7.000,99,9999,99999,9,999999999,0.000,0.999,0,0,999,0.000,0
11,5,2019,4,0,,13.870,11.710,86.000,89238.930,0.000,1390.318,303.164,0.000,0.000,0.000,0.000,0.000,0.000,-0.000,999,0.000,7.000,99,9999,99999,9,999999999,0.000,0.999,0,0,999,0.000,0
11,5,2019,5,0,,13.490,11.740,89.000,89238.930,0.000,1390.318,302.031,0.000,0.000,0.000,0.000,0.000,0.000,-0.000,999,0.000,7.000,99,9999,99999,9,999999999,0.000,0.999,0,0,999,0.000,0
11,5,2019,6,0,,13.210,11.750,90.000,89238.930,129.869,1390.318,300.590,0.000,0.000,0.000,0.000,0.000,0.000,0.000,999,0.000,7.000,99,9999,99999,9,999999999,0.000,0.999,0,0,999,0.000,0
11,5,2019,7,0,,12.930,11.770,92.000,89238.930,451.104,1390.318,299.616,122.930,11.937,119.067,14751.600,1133.991,13097.316,117.097,999,0.000,7.000,99,9999,99999,9,999999999,0.000,0.999,0,0,999,0.000,0
11,5,2019,8,0,,16.940,11.530,70.000,89238.930,752.841,1390.318,315.467,353.710,168.345,262.617,42445.200,15992.802,28887.914,154.487,999,0.060,4.000,99,9999,99999,9,999999999,0.000,0.999,0,0,999,0.000,0
11,5,2019,9,0,,18.780,11.420,62.000,89238.930,1012.717,1390.318,323.004,566.570,273.611,367.322,67988.400,25993.003,40405.417,160.559,999,0.070,3.000,99,9999,99999,9,999999999,0.000,0.999,0,0,999,0.000,0
11,5,2019,10,0,,20.420,11.320,55.000,89238.930,1212.825,1390.318,329.218,738.520,352.042,431.449,88622.400,33444.011,47459.400,157.447,999,0.200,2.000,99,9999,99999,9,999999999,0.000,0.999,0,0,999,0.000,0
11,5,2019,11,0,,21.850,11.240,50.000,89238.930,1339.483,1390.318,335.090,869.300,436.744,448.535,104316.000,41490.661,49338.819,148.195,999,0.300,2.000,99,9999,99999,9,999999999,0.000,0.999,0,0,999,0.000,0
11,5,2019,12,0,,22.980,11.170,47.000,89238.930,1384.054,1390.318,340.402,933.360,437.642,497.691,112003.200,41575.976,54746.013,159.137,999,0.460,1.000,99,9999,99999,9,999999999,0.000,0.999,0,0,999,0.000,0
11,5,2019,13,0,,23.790,11.120,44.000,89238.930,1343.513,1390.318,343.172,934.200,485.171,465.372,112104.000,46091.231,51190.939,153.296,999,0.770,1.000,99,9999,99999,9,999999999,0.000,0.999,0,0,999,0.000,0
11,5,2019,14,0,,24.290,11.090,43.000,89238.930,1220.646,1390.318,345.755,881.130,594.157,359.529,105735.600,56444.902,39548.168,130.361,999,1.110,1.000,99,9999,99999,9,999999999,0.000,0.999,0,0,999,0.000,0
11,5,2019,15,0,,24.480,11.070,42.000,89238.930,1023.863,1390.318,346.007,779.360,859.038,146.901,93523.200,81608.580,16159.140,63.512,999,1.100,0.000,99,9999,99999,9,999999999,0.000,0.999,0,0,999,0.000,0
11,5,2019,16,0,,24.220,11.090,43.000,89238.930,766.648,1390.318,345.234,593.810,708.268,203.519,71257.200,67285.500,22387.115,117.562,999,0.530,2.000,99,9999,99999,9,999999999,0.000,0.999,0,0,999,0.000,0
11,5,2019,17,0,,23.420,11.140,45.000,89238.930,466.739,1390.318,341.533,369.370,712.642,130.677,44324.400,67700.952,14374.465,124.188,999,0.320,4.000,99,9999,99999,9,999999999,0.000,0.999,0,0,999,0.000,0
11,5,2019,18,0,,22.190,11.210,49.000,89238.930,146.134,1390.318,336.608,135.250,345.122,99.822,16230.000,32786.607,10980.430,309.531,999,0.360,7.000,99,9999,99999,9,999999999,0.000,0.999,0,0,999,0.000,0
11,5,2019,19,0,,21.210,11.270,53.000,89238.930,0.000,1390.318,333.200,0.000,0.000,0.000,0.000,0.000,0.000,-0.000,999,0.110,7.000,99,9999,99999,9,999999999,0.000,0.999,0,0,999,0.000,0
11,5,2019,20,0,,20.230,11.330,56.000,89238.930,0.000,1390.318,328.691,0.000,0.000,0.000,0.000,0.000,0.000,-0.000,999,0.050,7.000,99,9999,99999,9,999999999,0.000,0.999,0,0,999,0.000,0
11,5,2019,21,0,,19.250,11.390,60.000,89238.930,0.000,1390.318,324.854,0.000,0.000,0.000,0.000,0.000,0.000,-0.000,999,0.050,7.000,99,9999,99999,9,999999999,0.000,0.999,0,0,999,0.000,0
11,5,2019,22,0,,18.270,11.450,64.000,89238.930,0.000,1390.318,320.823,0.000,0.000,0.000,0.000,0.000,0.000,-0.000,999,0.000,7.000,99,9999,99999,9,999999999,0.000,0.999,0,0,999,0.000,0
11,5,2019,23,0,,17.280,11.510,68.000,89238.930,0.000,1390.318,316.559,0.000,0.000,0.000,0.000,0.000,0.000,-0.000,999,0.000,7.000,99,9999,99999,9,999999999,0.000,0.999,0,0,999,0.000,0
11,5,2019,24,0,,16.300,13.100,81.000,89238.930,0.000,1390.318,317.530,0.000,0.000,0.000,0.000,0.000,0.000,-0.000,999,0.000,7.000,99,9999,99999,9,999999999,0.000,0.999,0,0,999,0.000,0
11,6,2019,1,0,,15.810,13.110,83.000,89238.930,0.000,1390.318,315.151,0.000,0.000,0.000,0.000,0.000,0.000,-0.000,999,0.000,8.000,99,9999,99999,9,999999999,0.000,0.999,0,0,999,0.000,0
11,6,2019,2,0,,15.320,13.120,86.000,89238.930,0.000,1390.318,313.278,0.000,0.000,0.000,0.000,0.000,0.000,-0.000,999,0.000,8.000,99,9999,99999,9,999999999,0.000,0.999,0,0,999,0.000,0
11,6,2019,3,0,,14.830,13.130,89.000,89238.930,0.000,1390.318,311.353,0.000,0.000,0.000,0.000,0.000,0.000,-0.000,999,0.000,8.000,99,9999,99999,9,999999999,0.000,0.999,0,0,999,0.000,0
11,6,2019,4,0,,14.340,13.140,92.000,89238.930,0.000,1391.030,309.381,0.000,0.000,0.000,0.000,0.000,0.000,-0.000,999,0.000,8.000,99,9999,99999,9,999999999,0.000,0.999,0,0,999,0.000,0
11,6,2019,5,0,,13.900,13.150,95.000,89238.930,0.000,1391.030,307.715,0.000,0.000,0.000,0.000,0.000,0.000,-0.000,999,0.000,8.000,99,9999,99999,9,999999999,0.000,0.999,0,0,999,0.000,0
11,6,2019,6,0,,13.580,13.160,97.000,89238.930,132.296,1391.030,306.395,0.000,0.000,0.000,0.000,0.000,0.000,0.000,999,0.000,8.000,99,9999,99999,9,999999999,0.000,0.999,0,0,999,0.000,0
11,6,2019,7,0,,13.260,13.170,99.000,89238.930,453.264,1391.030,305.059,100.730,0.000,100.730,12087.600,0.000,11080.300,98.640,999,0.000,8.000,99,9999,99999,9,999999999,0.000,0.999,0,0,999,0.000,0
11,6,2019,8,0,,16.980,13.080,77.000,89238.930,754.719,1391.030,320.078,327.340,122.511,260.917,39280.800,11638.579,28700.846,153.182,999,0.000,5.000,99,9999,99999,9,999999999,0.000,0.999,0,0,999,0.000,0
11,6,2019,9,0,,18.940,13.030,68.000,89238.930,1014.362,1391.030,328.456,552.540,209.717,399.651,66304.800,19923.104,43961.568,174.496,999,0.000,3.000,99,9999,99999,9,999999999,0.000,0.999,0,0,999,0.000,0
11,6,2019,10,0,,20.280,13.000,62.000,89238.930,1214.302,1391.030,333.872,637.100,185.720,474.990,76452.000,17643.387,52248.945,173.215,999,0.000,5.000,99,9999,99999,9,999999999,0.000,0.999,0,0,999,0.000,0
11,6,2019,11,0,,21.530,12.970,58.000,89238.930,1340.871,1391.030,339.888,763.970,264.084,509.414,91676.400,25087.995,56035.559,168.221,999,0.000,5.000,99,9999,99999,9,999999999,0.000,0.999,0,0,999,0.000,0
11,6,2019,12,0,,22.530,12.950,54.000,89238.930,1385.438,1391.030,343.846,819.130,298.224,522.105,98295.600,28331.298,57431.603,166.863,999,0.000,4.000,99,9999,99999,9,999999999,0.000,0.999,0,0,999,0.000,0
11,6,2019,13,0,,23.240,12.930,52.000,89238.930,1344.977,1391.030,347.305,821.630,332.451,500.192,98595.600,31582.879,55021.093,164.671,999,0.000,4.000,99,9999,99999,9,999999999,0.000,0.999,0,0,999,0.000,0
11,6,2019,14,0,,23.830,12.920,50.000,89238.930,1222.269,1391.030,349.798,843.910,508.857,396.827,101269.200,48341.377,43650.980,143.767,999,0.000,3.000,99,9999,99999,9,999999999,0.000,0.999,0,0,999,0.000,0
11,6,2019,15,0,,23.930,12.920,50.000,89238.930,1025.714,1391.030,350.554,664.680,506.965,290.948,79761.600,48161.673,32004.232,125.627,999,0.000,5.000,99,9999,99999,9,999999999,0.000,0.999,0,0,999,0.000,0
11,6,2019,16,0,,23.560,12.930,51.000,89238.930,768.779,1391.030,348.749,486.560,568.649,172.495,58387.200,54021.673,18974.423,99.415,999,0.000,6.000,99,9999,99999,9,999999999,0.000,0.999,0,0,999,0.000,0
11,6,2019,17,0,,22.720,12.950,54.000,89238.930,469.180,1391.030,345.268,289.700,510.525,117.894,34764.000,48499.896,12968.314,111.511,999,0.000,7.000,99,9999,99999,9,999999999,0.000,0.999,0,0,999,0.000,0
11,6,2019,18,0,,21.520,12.970,58.000,89238.930,148.855,1391.030,339.814,87.130,396.023,45.709,10455.600,37622.203,5027.983,139.108,999,0.000,8.000,99,9999,99999,9,999999999,0.000,0.999,0,0,999,0.000,0
11,6,2019,19,0,,20.930,12.990,60.000,89238.930,0.000,1391.030,337.085,0.000,0.000,0.000,0.000,0.000,0.000,-0.000,999,0.000,8.000,99,9999,99999,9,999999999,0.000,0.999,0,0,999,0.000,0
11,6,2019,20,0,,20.330,13.000,62.000,89238.930,0.000,1391.030,334.239,0.000,0.000,0.000,0.000,0.000,0.000,-0.000,999,0.000,8.000,99,9999,99999,9,999999999,0.000,0.999,0,0,999,0.000,0
11,6,2019,21,0,,19.740,13.020,65.000,89238.930,0.000,1391.030,332.162,0.000,0.000,0.000,0.000,0.000,0.000,-0.000,999,0.000,8.000,99,9999,99999,9,999999999,0.000,0.999,0,0,999,0.000,0
11,6,2019,22,0,,19.140,13.030,67.000,89238.930,0.000,1391.030,329.214,0.000,0.000,0.000,0.000,0.000,0.000,-0.000,999,0.000,8.000,99,9999,99999,9,999999999,0.000,0.999,0,0,999,0.000,0
11,6,2019,23,0,,18.550,13.040,70.000,89238.930,0.000,1391.030,326.981,0.000,0.000,0.000,0.000,0.000,0.000,-0.000,999,0.000,8.000,99,9999,99999,9,999999999,0.000,0.999,0,0,999,0.000,0
11,6,2019,24,0,,17.950,15.520,85.000,89238.930,0.000,1391.030,331.728,0.000,0.000,0.000,0.000,0.000,0.000,-0.000,999,0.000,8.000,99,9999,99999,9,999999999,0.000,0.999,0,0,999,0.000,0
11,7,2019,1,0,,17.660,15.600,87.000,89238.930,0.000,1391.030,330.690,0.000,0.000,0.000,0.000,0.000,0.000,-0.000,999,0.000,8.000,99,9999,99999,9,999999999,0.000,0.999,0,0,999,0.000,0
11,7,2019,2,0,,17.360,15.680,89.000,89238.930,0.000,1391.030,329.554,0.000,0.000,0.000,0.000,0.000,0.000,-0.000,999,0.000,8.000,99,9999,99999,9,999999999,0.000,0.999,0,0,999,0.000,0
11,7,2019,3,0,,17.060,15.760,92.000,89238.930,0.000,1391.030,328.908,0.000,0.000,0.000,0.000,0.000,0.000,-0.000,999,0.000,8.000,99,9999,99999,9,999999999,0.000,0.999,0,0,999,0.000,0
11,7,2019,4,0,,16.760,15.840,94.000,89238.930,0.000,1391.735,327.715,0.000,0.000,0.000,0.000,0.000,0.000,-0.000,999,0.000,8.000,99,9999,99999,9,999999999,0.000,0.999,0,0,999,0.000,0
11,7,2019,5,0,,16.500,15.910,96.000,89238.930,0.000,1391.735,326.793,0.000,0.000,0.000,0.000,0.000,0.000,-0.000,999,0.000,8.000,99,9999,99999,9,999999999,0.000,0.999,0,0,999,0.000,0
11,7,2019,6,0,,16.300,15.960,97.000,89238.930,134.615,1391.735,325.813,0.000,0.000,0.000,0.000,0.000,0.000,0.000,999,0.000,8.000,99,9999,99999,9,999999999,0.000,0.999,0,0,999,0.000,0
11,7,2019,7,0,,16.110,16.010,99.000,89238.930,455.310,1391.735,325.374,91.320,0.000,91.320,10958.400,0.000,10045.200,89.067,999,0.000,8.000,99,9999,99999,9,999999999,0.000,0.999,0,0,999,0.000,0
11,7,2019,8,0,,18.060,15.490,84.000,89238.930,756.486,1391.735,331.979,265.440,36.188,245.784,31852.800,3437.824,27036.211,144.033,999,0.000,7.000,99,9999,99999,9,999999999,0.000,0.999,0,0,999,0.000,0
11,7,2019,9,0,,18.990,15.230,78.000,89238.930,1015.904,1391.735,335.328,431.470,78.157,374.434,51776.400,7424.918,41187.694,163.321,999,0.000,7.000,99,9999,99999,9,999999999,0.000,0.999,0,0,999,0.000,0
11,7,2019,10,0,,19.830,15.000,73.000,89238.930,1215.690,1391.735,338.386,569.450,164.274,425.969,68334.000,15606.024,46856.562,155.239,999,0.000,6.000,99,9999,99999,9,999999999,0.000,0.999,0,0,999,0.000,0
11,7,2019,11,0,,20.550,14.800,69.000,89238.930,1342.186,1391.735,341.030,668.040,94.754,576.662,80164.800,9001.606,63432.793,190.338,999,0.000,6.000,99,9999,99999,9,999999999,0.000,0.999,0,0,999,0.000,0
11,7,2019,12,0,,21.130,14.630,66.000,89238.930,1386.767,1391.735,343.206,719.840,109.275,610.956,86380.800,10381.094,67205.123,195.170,999,0.000,6.000,99,9999,99999,9,999999999,0.000,0.999,0,0,999,0.000,0
11,7,2019,13,0,,21.540,14.510,64.000,89238.930,1346.406,1391.735,344.777,721.120,127.364,597.907,86534.400,12099.555,65769.770,196.731,999,0.000,6.000,99,9999,99999,9,999999999,0.000,0.999,0,0,999,0.000,0
11,7,2019,14,0,,21.780,14.440,63.000,89238.930,1223.878,1391.735,345.809,671.790,308.892,400.177,80614.800,29344.707,44019.502,144.863,999,0.000,6.000,99,9999,99999,9,999999999,0.000,0.999,0,0,999,0.000,0
11,7,2019,15,0,,21.850,14.420,62.000,89238.930,1027.568,1391.735,345.547,575.430,285.947,364.357,69051.600,27164.995,40079.222,157.119,999,0.000,6.000,99,9999,99999,9,999999999,0.000,0.999,0,0,999,0.000,0
11,7,2019,16,0,,21.700,14.470,63.000,89238.930,770.927,1391.735,345.206,439.270,378.504,229.743,52712.400,35957.855,25271.766,132.106,999,0.000,7.000,99,9999,99999,9,999999999,0.000,0.999,0,0,999,0.000,0
11,7,2019,17,0,,21.290,14.580,65.000,89238.930,471.649,1391.735,343.659,274.430,462.628,117.999,32931.600,43949.633,12979.884,111.080,999,0.000,7.000,99,9999,99999,9,999999999,0.000,0.999,0,0,999,0.000,0
11,7,2019,18,0,,20.680,14.760,68.000,89238.930,151.611,1391.735,341.291,99.990,346.969,63.019,11998.800,32962.038,6932.054,188.254,999,0.000,8.000,99,9999,99999,9,999999999,0.000,0.999,0,0,999,0.000,0
11,7,2019,19,0,,20.130,14.910,71.000,89238.930,0.000,1391.735,339.279,0.000,0.000,0.000,0.000,0.000,0.000,-0.000,999,0.000,8.000,99,9999,99999,9,999999999,0.000,0.999,0,0,999,0.000,0
11,7,2019,20,0,,19.580,15.070,75.000,89238.930,0.000,1391.735,337.829,0.000,0.000,0.000,0.000,0.000,0.000,-0.000,999,0.000,8.000,99,9999,99999,9,999999999,0.000,0.999,0,0,999,0.000,0
11,7,2019,21,0,,19.030,15.220,78.000,89238.930,0.000,1391.735,335.625,0.000,0.000,0.000,0.000,0.000,0.000,-0.000,999,0.000,8.000,99,9999,99999,9,999999999,0.000,0.999,0,0,999,0.000,0
11,7,2019,22,0,,18.480,15.370,82.000,89238.930,0.000,1391.735,333.938,0.000,0.000,0.000,0.000,0.000,0.000,-0.000,999,0.000,8.000,99,9999,99999,9,999999999,0.000,0.999,0,0,999,0.000,0
11,7,2019,23,0,,17.930,15.520,85.000,89238.930,0.000,1391.735,331.580,0.000,0.000,0.000,0.000,0.000,0.000,-0.000,999,0.000,8.000,99,9999,99999,9,999999999,0.000,0.999,0,0,999,0.000,0
11,7,2019,24,0,,17.380,15.050,91.000,89238.930,0.000,1391.735,330.750,0.000,0.000,0.000,0.000,0.000,0.000,-0.000,999,0.000,8.000,99,9999,99999,9,999999999,0.050,0.999,0,0,999,0.050,99
11,8,2019,1,0,,17.100,15.130,88.000,89238.930,0.000,1391.735,327.119,0.000,0.000,0.000,0.000,0.000,0.000,-0.000,999,0.000,8.000,99,9999,99999,9,999999999,0.000,0.999,0,0,999,0.000,0
11,8,2019,2,0,,16.830,15.220,95.000,89238.930,0.000,1391.735,328.725,0.000,0.000,0.000,0.000,0.000,0.000,-0.000,999,0.000,8.000,99,9999,99999,9,999999999,0.180,0.999,0,0,999,0.180,99
11,8,2019,3,0,,16.550,15.310,92.000,89238.930,0.000,1391.735,325.177,0.000,0.000,0.000,0.000,0.000,0.000,-0.000,999,0.000,8.000,99,9999,99999,9,999999999,0.000,0.999,0,0,999,0.000,0
11,8,2019,4,0,,16.280,15.390,94.000,89238.930,0.000,1392.433,324.209,0.000,0.000,0.000,0.000,0.000,0.000,-0.000,999,0.000,8.000,99,9999,99999,9,999999999,0.000,0.999,0,0,999,0.000,0
11,8,2019,5,0,,16.030,15.470,96.000,89238.930,0.000,1392.433,323.366,0.000,0.000,0.000,0.000,0.000,0.000,-0.000,999,0.000,8.000,99,9999,99999,9,999999999,0.000,0.999,0,0,999,0.000,0
11,8,2019,6,0,,15.850,15.520,97.000,89238.930,136.824,1392.433,322.537,0.000,0.000,0.000,0.000,0.000,0.000,0.000,999,0.000,8.000,99,9999,99999,9,999999999,0.000,0.999,0,0,999,0.000,0
11,8,2019,7,0,,15.670,15.580,99.000,89238.930,457.241,1392.433,322.172,78.720,0.000,78.720,9446.400,0.000,8659.200,76.490,999,0.000,8.000,99,9999,99999,9,999999999,0.000,0.999,0,0,999,0.000,0
11,8,2019,8,0,,18.050,14.830,81.000,89238.930,758.143,1392.433,330.185,227.320,17.594,217.747,27278.400,1671.469,23952.166,127.388,999,0.000,8.000,99,9999,99999,9,999999999,0.000,0.999,0,0,999,0.000,0
11,8,2019,9,0,,19.170,14.470,74.000,89238.930,1017.344,1392.433,334.143,368.960,58.921,325.922,44275.200,5597.490,35851.422,142.031,999,0.000,8.000,99,9999,99999,9,999999999,0.000,0.999,0,0,999,0.000,0
11,8,2019,10,0,,20.190,14.130,68.000,89238.930,1216.989,1392.433,337.638,486.690,34.443,456.590,58402.800,3272.055,50224.876,166.304,999,0.000,7.000,99,9999,99999,9,999999999,0.000,0.999,0,0,999,0.000,0
11,8,2019,11,0,,21.060,13.840,63.000,89238.930,1343.429,1392.433,340.411,570.810,49.926,522.642,68497.200,4742.963,57490.641,172.434,999,0.000,7.000,99,9999,99999,9,999999999,0.000,0.999,0,0,999,0.000,0
11,8,2019,12,0,,21.760,13.600,59.000,89238.930,1388.043,1392.433,342.434,615.040,57.269,557.951,73804.800,5440.576,61374.662,178.164,999,0.000,7.000,99,9999,99999,9,999999999,0.000,0.999,0,0,999,0.000,0
11,8,2019,13,0,,22.260,13.420,57.000,89238.930,1347.802,1392.433,344.484,616.170,66.791,551.521,73940.400,6345.173,60667.291,181.371,999,0.000,7.000,99,9999,99999,9,999999999,0.000,0.999,0,0,999,0.000,0
11,8,2019,14,0,,22.550,13.320,55.000,89238.930,1225.472,1392.433,344.898,574.130,163.364,430.367,68895.600,15519.537,47340.381,155.667,999,0.000,7.000,99,9999,99999,9,999999999,0.000,0.999,0,0,999,0.000,0
11,8,2019,15,0,,22.640,13.290,55.000,89238.930,1029.425,1392.433,345.573,491.970,132.872,393.762,59036.400,12622.848,43313.786,169.578,999,0.000,7.000,99,9999,99999,9,999999999,0.000,0.999,0,0,999,0.000,0
11,8,2019,16,0,,22.450,13.360,61.000,89238.930,773.093,1392.433,349.278,375.850,174.928,278.792,45102.000,16618.191,30667.107,159.941,999,0.000,8.000,99,9999,99999,9,999999999,0.010,0.999,0,0,999,0.010,99
11,8,2019,17,0,,21.960,13.530,63.000,89238.930,474.146,1392.433,347.169,235.250,273.820,142.216,28230.000,26012.854,15643.764,133.236,999,0.000,8.000,99,9999,99999,9,999999999,0.070,0.999,0,0,999,0.070,99
11,8,2019,18,0,,21.220,13.780,67.000,89238.930,154.402,1392.433,344.622,86.390,338.528,49.646,10366.800,32160.132,5461.051,145.593,999,0.000,8.000,99,9999,99999,9,999999999,0.010,0.999,0,0,999,0.010,99
11,8,2019,19,0,,20.560,14.010,71.000,89238.930,0.000,1392.433,342.500,0.000,0.000,0.000,0.000,0.000,0.000,-0.000,999,0.000,8.000,99,9999,99999,9,999999999,0.300,0.999,0,0,999,0.300,99
11,8,2019,20,0,,19.900,14.230,74.000,89238.930,0.000,1392.433,339.568,0.000,0.000,0.000,0.000,0.000,0.000,-0.000,999,0.000,8.000,99,9999,99999,9,999999999,0.120,0.999,0,0,999,0.120,99
11,8,2019,21,0,,19.250,14.440,78.000,89238.930,0.000,1392.433,337.261,0.000,0.000,0.000,0.000,0.000,0.000,-0.000,999,0.000,8.000,99,9999,99999,9,999999999,0.580,0.999,0,0,999,0.580,99
11,8,2019,22,0,,18.590,14.660,92.000,89238.930,0.000,1392.433,340.302,0.000,0.000,0.000,0.000,0.000,0.000,-0.000,999,0.000,8.000,99,9999,99999,9,999999999,9.650,0.999,0,0,999,9.650,99
11,8,2019,23,0,,17.940,14.870,87.000,89238.930,0.000,1392.433,332.758,0.000,0.000,0.000,0.000,0.000,0.000,-0.000,999,0.000,8.000,99,9999,99999,9,999999999,0.030,0.999,0,0,999,0.030,99
11,8,2019,24,0,,17.280,14.780,85.000,89238.930,0.000,1392.433,326.813,0.000,0.000,0.000,0.000,0.000,0.000,-0.000,999,0.000,8.000,99,9999,99999,9,999999999,0.000,0.999,0,0,999,0.000,0
11,9,2019,1,0,,16.950,14.840,87.000,89238.930,0.000,1392.433,325.492,0.000,0.000,0.000,0.000,0.000,0.000,-0.000,999,0.000,8.000,99,9999,99999,9,999999999,0.000,0.999,0,0,999,0.000,0
11,9,2019,2,0,,16.630,14.900,89.000,89238.930,0.000,1392.433,324.221,0.000,0.000,0.000,0.000,0.000,0.000,-0.000,999,0.000,8.000,99,9999,99999,9,999999999,0.000,0.999,0,0,999,0.000,0
11,9,2019,3,0,,16.300,14.960,91.000,89238.930,0.000,1392.433,322.855,0.000,0.000,0.000,0.000,0.000,0.000,-0.000,999,0.000,8.000,99,9999,99999,9,999999999,0.000,0.999,0,0,999,0.000,0
11,9,2019,4,0,,15.970,15.020,94.000,89238.930,0.000,1393.124,321.960,0.000,0.000,0.000,0.000,0.000,0.000,-0.000,999,0.000,8.000,99,9999,99999,9,999999999,0.000,0.999,0,0,999,0.000,0
11,9,2019,5,0,,15.680,15.070,96.000,89238.930,0.000,1393.124,320.831,0.000,0.000,0.000,0.000,0.000,0.000,-0.000,999,0.000,8.000,99,9999,99999,9,999999999,0.000,0.999,0,0,999,0.000,0
11,9,2019,6,0,,15.460,15.110,97.000,89238.930,138.922,1393.124,319.718,0.000,0.000,0.000,0.000,0.000,0.000,0.000,999,0.000,8.000,99,9999,99999,9,999999999,0.000,0.999,0,0,999,0.000,0
11,9,2019,7,0,,15.250,15.150,99.000,89238.930,459.057,1393.124,319.137,96.000,0.000,96.000,11520.000,0.000,10560.000,92.956,999,0.000,8.000,99,9999,99999,9,999999999,0.000,0.999,0,0,999,0.000,0
11,9,2019,8,0,,17.550,14.730,83.000,89238.930,759.689,1393.124,327.670,275.530,41.787,252.759,33063.600,3969.787,27803.450,147.642,999,0.000,7.000,99,9999,99999,9,999999999,0.000,0.999,0,0,999,0.000,0
11,9,2019,9,0,,18.630,14.530,77.000,89238.930,1018.683,1393.124,332.052,446.620,88.836,381.678,53594.400,8439.390,41984.577,166.192,999,0.000,6.000,99,9999,99999,9,999999999,0.000,0.999,0,0,999,0.000,0
11,9,2019,10,0,,19.610,14.340,71.000,89238.930,1218.200,1393.124,335.416,588.840,186.579,425.703,70660.800,17725.007,46827.334,154.977,999,0.000,6.000,99,9999,99999,9,999999999,0.000,0.999,0,0,999,0.000,0
11,9,2019,11,0,,20.450,14.180,67.000,89238.930,1344.600,1393.124,338.855,690.490,107.675,586.567,82858.800,10229.143,64522.420,193.452,999,0.000,6.000,99,9999,99999,9,999999999,0.000,0.999,0,0,999,0.000,0
11,9,2019,12,0,,21.130,14.050,63.000,89238.930,1389.266,1393.124,340.933,743.960,124.135,620.169,89275.200,11792.842,68218.564,197.954,999,0.000,6.000,99,9999,99999,9,999999999,0.000,0.999,0,0,999,0.000,0
11,9,2019,13,0,,21.610,13.950,61.000,89238.930,1349.165,1393.124,342.945,745.390,144.402,605.547,89446.800,13718.187,66610.197,199.036,999,0.000,6.000,99,9999,99999,9,999999999,0.000,0.999,0,0,999,0.000,0
11,9,2019,14,0,,21.890,13.900,60.000,89238.930,1227.052,1393.124,344.232,694.680,256.594,468.694,83361.600,24376.386,51556.309,169.396,999,0.000,6.000,99,9999,99999,9,999999999,0.000,0.999,0,0,999,0.000,0
11,9,2019,15,0,,21.970,13.880,60.000,89238.930,1031.286,1393.124,344.833,595.510,320.821,358.074,71461.200,30478.009,39388.109,154.006,999,0.000,6.000,99,9999,99999,9,999999999,0.000,0.999,0,0,999,0.000,0
11,9,2019,16,0,,21.790,13.920,60.000,89238.930,775.277,1393.124,343.482,455.320,420.265,221.595,54638.400,39925.128,24375.397,126.831,999,0.000,6.000,99,9999,99999,9,999999999,0.000,0.999,0,0,999,0.000,0
11,9,2019,17,0,,21.320,14.010,63.000,89238.930,476.671,1393.124,342.353,285.540,504.087,113.439,34264.800,47888.225,12478.268,105.763,999,0.000,7.000,99,9999,99999,9,999999999,0.000,0.999,0,0,999,0.000,0
11,9,2019,18,0,,20.600,14.150,66.000,89238.930,157.227,1393.124,339.243,105.670,348.637,67.129,12680.400,33120.499,7384.139,193.287,999,0.000,8.000,99,9999,99999,9,999999999,0.000,0.999,0,0,999,0.000,0
11,9,2019,19,0,,19.790,14.310,70.000,89238.930,0.000,1393.124,336.068,0.000,0.000,0.000,0.000,0.000,0.000,-0.000,999,0.000,8.000,99,9999,99999,9,999999999,0.000,0.999,0,0,999,0.000,0
11,9,2019,20,0,,18.980,14.460,75.000,89238.930,0.000,1393.124,333.380,0.000,0.000,0.000,0.000,0.000,0.000,-0.000,999,0.000,8.000,99,9999,99999,9,999999999,0.000,0.999,0,0,999,0.000,0
11,9,2019,21,0,,18.170,14.610,79.000,89238.930,0.000,1393.124,329.886,0.000,0.000,0.000,0.000,0.000,0.000,-0.000,999,0.000,8.000,99,9999,99999,9,999999999,0.000,0.999,0,0,999,0.000,0
11,9,2019,22,0,,17.360,14.760,84.000,89238.930,0.000,1393.124,326.844,0.000,0.000,0.000,0.000,0.000,0.000,-0.000,999,0.000,8.000,99,9999,99999,9,999999999,0.000,0.999,0,0,999,0.000,0
11,9,2019,23,0,,16.550,14.910,90.000,89238.930,0.000,1393.124,324.157,0.000,0.000,0.000,0.000,0.000,0.000,-0.000,999,0.000,8.000,99,9999,99999,9,999999999,0.000,0.999,0,0,999,0.000,0
11,9,2019,24,0,,15.740,11.940,78.000,89238.930,0.000,1393.124,311.875,0.000,0.000,0.000,0.000,0.000,0.000,-0.000,999,0.460,8.000,99,9999,99999,9,999999999,0.000,0.999,0,0,999,0.000,0
11,10,2019,1,0,,15.330,11.910,80.000,89238.930,0.000,1393.124,310.128,0.000,0.000,0.000,0.000,0.000,0.000,-0.000,999,0.000,8.000,99,9999,99999,9,999999999,0.000,0.999,0,0,999,0.000,0
11,10,2019,2,0,,14.930,11.870,81.000,89238.930,0.000,1393.124,307.886,0.000,0.000,0.000,0.000,0.000,0.000,-0.000,999,0.000,8.000,99,9999,99999,9,999999999,0.000,0.999,0,0,999,0.000,0
11,10,2019,3,0,,14.520,11.830,83.000,89238.930,0.000,1393.124,306.109,0.000,0.000,0.000,0.000,0.000,0.000,-0.000,999,0.000,8.000,99,9999,99999,9,999999999,0.000,0.999,0,0,999,0.000,0
11,10,2019,4,0,,14.120,11.800,85.000,89238.930,0.000,1393.807,304.380,0.000,0.000,0.000,0.000,0.000,0.000,-0.000,999,0.000,8.000,99,9999,99999,9,999999999,0.000,0.999,0,0,999,0.000,0
11,10,2019,5,0,,13.760,11.770,87.000,89238.930,0.000,1393.807,302.907,0.000,0.000,0.000,0.000,0.000,0.000,-0.000,999,0.000,8.000,99,9999,99999,9,999999999,0.000,0.999,0,0,999,0.000,0
11,10,2019,6,0,,13.490,11.740,89.000,89238.930,140.906,1393.807,302.031,0.000,0.000,0.000,0.000,0.000,0.000,0.000,999,0.000,8.000,99,9999,99999,9,999999999,0.000,0.999,0,0,999,0.000,0
11,10,2019,7,0,,13.220,11.720,90.000,89238.930,460.757,1393.807,300.659,110.140,0.000,110.140,13216.800,0.000,12115.400,106.304,999,0.000,8.000,99,9999,99999,9,999999999,0.000,0.999,0,0,999,0.000,0
11,10,2019,8,0,,17.390,12.080,71.000,89238.930,761.124,1393.807,319.300,424.210,279.139,271.884,50905.200,26518.163,29907.278,158.592,999,0.000,0.000,99,9999,99999,9,999999999,0.000,0.999,0,0,999,0.000,0
11,10,2019,9,0,,18.980,12.220,64.000,89238.930,1019.921,1393.807,325.912,572.850,291.571,359.547,68742.000,27699.268,39550.120,156.442,999,0.470,3.000,99,9999,99999,9,999999999,0.000,0.999,0,0,999,0.000,0
11,10,2019,10,0,,20.480,12.350,59.000,89238.930,1219.324,1393.807,332.975,755.590,389.748,414.663,90670.800,37026.031,45612.973,150.893,999,0.470,2.000,99,9999,99999,9,999999999,0.000,0.999,0,0,999,0.000,0
11,10,2019,11,0,,22.010,12.480,54.000,89238.930,1345.702,1393.807,339.978,954.290,482.618,488.338,114514.800,45848.742,53717.218,161.003,999,0.550,0.000,99,9999,99999,9,999999999,0.000,0.999,0,0,999,0.000,0
11,10,2019,12,0,,22.760,12.540,52.000,89238.930,1390.439,1393.807,343.710,852.650,333.796,519.661,102318.000,31710.605,57162.737,165.814,999,0.800,4.000,99,9999,99999,9,999999999,0.000,0.999,0,0,999,0.000,0
11,10,2019,13,0,,23.280,12.580,50.000,89238.930,1350.497,1393.807,345.664,846.090,402.683,455.927,101530.800,38254.920,50151.947,149.783,999,1.270,4.000,99,9999,99999,9,999999999,0.000,0.999,0,0,999,0.000,0
11,10,2019,14,0,,23.460,12.600,50.000,89238.930,1228.620,1393.807,347.013,735.320,324.662,449.159,88238.400,30842.883,49407.536,162.208,999,1.460,5.000,99,9999,99999,9,999999999,0.000,0.999,0,0,999,0.000,0
11,10,2019,15,0,,23.020,12.560,51.000,89238.930,1033.151,1393.807,344.696,508.040,139.151,404.920,60964.800,13219.343,44541.199,173.925,999,0.940,7.000,99,9999,99999,9,999999999,0.000,0.999,0,0,999,0.000,0
11,10,2019,16,0,,22.250,12.500,53.000,89238.930,777.479,1393.807,340.847,350.490,140.197,272.337,42058.800,13318.720,29957.120,155.508,999,1.050,8.000,99,9999,99999,9,999999999,0.000,0.999,0,0,999,0.000,0
11,10,2019,17,0,,21.420,12.430,56.000,89238.930,479.224,1393.807,337.377,266.410,409.332,125.976,31969.200,38886.502,13857.395,116.881,999,0.000,7.000,99,9999,99999,9,999999999,0.000,0.999,0,0,999,0.000,0
11,10,2019,18,0,,20.310,12.330,60.000,89238.930,160.085,1393.807,332.531,78.060,351.113,38.532,9367.200,33355.768,4238.507,108.946,999,0.000,8.000,99,9999,99999,9,999999999,0.000,0.999,0,0,999,0.000,0
11,10,2019,19,0,,19.450,12.260,63.000,89238.930,0.000,1393.807,328.574,0.000,0.000,0.000,0.000,0.000,0.000,-0.000,999,0.000,8.000,99,9999,99999,9,999999999,0.000,0.999,0,0,999,0.000,0
11,10,2019,20,0,,18.590,12.190,66.000,89238.930,0.000,1393.807,324.532,0.000,0.000,0.000,0.000,0.000,0.000,-0.000,999,0.000,8.000,99,9999,99999,9,999999999,0.000,0.999,0,0,999,0.000,0
11,10,2019,21,0,,17.730,12.110,69.000,89238.930,0.000,1393.807,320.418,0.000,0.000,0.000,0.000,0.000,0.000,-0.000,999,0.000,8.000,99,9999,99999,9,999999999,0.000,0.999,0,0,999,0.000,0
11,10,2019,22,0,,16.870,12.040,73.000,89238.930,0.000,1393.807,316.868,0.000,0.000,0.000,0.000,0.000,0.000,-0.000,999,0.000,8.000,99,9999,99999,9,999999999,0.000,0.999,0,0,999,0.000,0
11,10,2019,23,0,,16.010,11.960,76.000,89238.930,0.000,1393.807,312.611,0.000,0.000,0.000,0.000,0.000,0.000,-0.000,999,0.000,8.000,99,9999,99999,9,999999999,0.000,0.999,0,0,999,0.000,0
11,10,2019,24,0,,15.140,11.380,78.000,89238.930,0.000,1393.807,307.687,0.000,0.000,0.000,0.000,0.000,0.000,-0.000,999,0.000,8.000,99,9999,99999,9,999999999,0.000,0.999,0,0,999,0.000,0
11,11,2019,1,0,,14.710,11.340,80.000,89238.930,0.000,1393.807,305.816,0.000,0.000,0.000,0.000,0.000,0.000,-0.000,999,0.000,7.000,99,9999,99999,9,999999999,0.000,0.999,0,0,999,0.000,0
11,11,2019,2,0,,14.280,11.290,82.000,89238.930,0.000,1393.807,303.923,0.000,0.000,0.000,0.000,0.000,0.000,-0.000,999,0.000,7.000,99,9999,99999,9,999999999,0.000,0.999,0,0,999,0.000,0
11,11,2019,3,0,,13.850,11.250,84.000,89238.930,0.000,1393.807,302.009,0.000,0.000,0.000,0.000,0.000,0.000,-0.000,999,0.000,7.000,99,9999,99999,9,999999999,0.000,0.999,0,0,999,0.000,0
11,11,2019,4,0,,13.420,11.210,86.000,89238.930,0.000,1394.482,300.077,0.000,0.000,0.000,0.000,0.000,0.000,-0.000,999,0.000,7.000,99,9999,99999,9,999999999,0.000,0.999,0,0,999,0.000,0
11,11,2019,5,0,,13.040,11.170,88.000,89238.930,0.000,1394.482,298.467,0.000,0.000,0.000,0.000,0.000,0.000,-0.000,999,0.000,7.000,99,9999,99999,9,999999999,0.000,0.999,0,0,999,0.000,0
11,11,2019,6,0,,12.750,11.150,89.000,89238.930,142.776,1394.482,296.976,0.000,0.000,0.000,0.000,0.000,0.000,0.000,999,0.000,7.000,99,9999,99999,9,999999999,0.000,0.999,0,0,999,0.000,0
11,11,2019,7,0,,12.470,11.120,91.000,89238.930,462.341,1394.482,296.019,123.600,9.605,120.423,14832.000,912.465,13246.526,115.886,999,0.000,7.000,99,9999,99999,9,999999999,0.000,0.999,0,0,999,0.000,0
11,11,2019,8,0,,16.820,11.540,70.000,89238.930,762.447,1394.482,314.622,339.450,135.572,265.375,40734.000,12879.376,29191.285,154.601,999,0.000,5.000,99,9999,99999,9,999999999,0.000,0.999,0,0,999,0.000,0
11,11,2019,9,0,,18.860,11.730,63.000,89238.930,1021.058,1394.482,324.317,557.810,211.929,402.672,66937.200,20133.243,44293.962,175.096,999,0.000,3.000,99,9999,99999,9,999999999,0.000,0.999,0,0,999,0.000,0
11,11,2019,10,0,,20.410,11.880,57.000,89238.930,1220.361,1394.482,330.829,670.310,311.549,397.687,80437.200,29597.175,43745.526,144.662,999,0.000,4.000,99,9999,99999,9,999999999,0.000,0.999,0,0,999,0.000,0
11,11,2019,11,0,,21.900,12.010,53.000,89238.930,1346.734,1394.482,338.259,818.220,320.663,508.543,98186.400,30462.992,55939.738,167.617,999,0.000,3.000,99,9999,99999,9,999999999,0.000,0.999,0,0,999,0.000,0
11,11,2019,12,0,,23.100,12.120,50.000,89238.930,1391.561,1394.482,344.319,884.730,411.251,474.341,106167.600,39068.862,52177.471,151.304,999,0.000,3.000,99,9999,99999,9,999999999,0.000,0.999,0,0,999,0.000,0
11,11,2019,13,0,,24.000,12.210,47.000,89238.930,1351.798,1394.482,347.994,899.990,447.101,466.582,107998.800,42474.622,51324.043,153.210,999,0.000,3.000,99,9999,99999,9,999999999,0.000,0.999,0,0,999,0.000,0
11,11,2019,14,0,,24.470,12.250,46.000,89238.930,1230.177,1394.482,350.458,816.680,395.356,467.936,98001.600,37558.824,51472.961,168.857,999,0.000,4.000,99,9999,99999,9,999999999,0.000,0.999,0,0,999,0.000,0
11,11,2019,15,0,,24.560,12.260,46.000,89238.930,1035.022,1394.482,351.137,681.400,501.505,309.259,81768.000,47642.955,34018.473,132.660,999,0.000,4.000,99,9999,99999,9,999999999,0.000,0.999,0,0,999,0.000,0
11,11,2019,16,0,,24.290,12.230,46.000,89238.930,779.700,1394.482,349.102,556.840,679.211,177.316,66820.800,64525.016,19504.768,101.010,999,0.000,4.000,99,9999,99999,9,999999999,0.000,0.999,0,0,999,0.000,0
11,11,2019,17,0,,23.480,12.160,48.000,89238.930,481.805,1394.482,345.144,358.830,652.348,133.921,43059.600,61973.040,14731.264,123.643,999,0.000,5.000,99,9999,99999,9,999999999,0.000,0.999,0,0,999,0.000,0
11,11,2019,18,0,,22.190,12.040,52.000,89238.930,162.976,1394.482,339.478,121.990,401.918,75.918,14638.800,38182.189,8350.941,210.809,999,0.000,8.000,99,9999,99999,9,999999999,0.000,0.999,0,0,999,0.000,0
11,11,2019,19,0,,21.120,11.940,55.000,89238.930,0.000,1394.482,334.309,0.000,0.000,0.000,0.000,0.000,0.000,-0.000,999,0.000,8.000,99,9999,99999,9,999999999,0.000,0.999,0,0,999,0.000,0
11,11,2019,20,0,,20.050,11.840,59.000,89238.930,0.000,1394.482,329.842,0.000,0.000,0.000,0.000,0.000,0.000,-0.000,999,0.000,8.000,99,9999,99999,9,999999999,0.000,0.999,0,0,999,0.000,0
11,11,2019,21,0,,18.980,11.740,62.000,89238.930,0.000,1394.482,324.437,0.000,0.000,0.000,0.000,0.000,0.000,-0.000,999,0.000,8.000,99,9999,99999,9,999999999,0.000,0.999,0,0,999,0.000,0
11,11,2019,22,0,,17.920,11.640,66.000,89238.930,0.000,1394.482,319.739,0.000,0.000,0.000,0.000,0.000,0.000,-0.000,999,0.000,7.000,99,9999,99999,9,999999999,0.000,0.999,0,0,999,0.000,0
11,11,2019,23,0,,16.850,11.540,70.000,89238.930,0.000,1394.482,314.833,0.000,0.000,0.000,0.000,0.000,0.000,-0.000,999,0.000,7.000,99,9999,99999,9,999999999,0.000,0.999,0,0,999,0.000,0
11,11,2019,24,0,,15.780,11.440,75.000,89238.930,0.000,1394.482,310.411,0.000,0.000,0.000,0.000,0.000,0.000,-0.000,999,0.000,7.000,99,9999,99999,9,999999999,0.000,0.999,0,0,999,0.000,0
11,12,2019,1,0,,15.250,11.440,77.000,89238.930,0.000,1394.482,307.883,0.000,0.000,0.000,0.000,0.000,0.000,-0.000,999,0.000,7.000,99,9999,99999,9,999999999,0.000,0.999,0,0,999,0.000,0
11,12,2019,2,0,,14.710,11.440,80.000,89238.930,0.000,1394.482,305.816,0.000,0.000,0.000,0.000,0.000,0.000,-0.000,999,0.000,7.000,99,9999,99999,9,999999999,0.000,0.999,0,0,999,0.000,0
11,12,2019,3,0,,14.180,11.440,83.000,89238.930,0.000,1394.482,303.760,0.000,0.000,0.000,0.000,0.000,0.000,-0.000,999,0.000,7.000,99,9999,99999,9,999999999,0.000,0.999,0,0,999,0.000,0
11,12,2019,4,0,,13.650,11.440,86.000,89238.930,0.000,1395.149,301.652,0.000,0.000,0.000,0.000,0.000,0.000,-0.000,999,0.000,6.000,99,9999,99999,9,999999999,0.000,0.999,0,0,999,0.000,0
11,12,2019,5,0,,13.170,11.440,89.000,89238.930,0.000,1395.149,299.837,0.000,0.000,0.000,0.000,0.000,0.000,-0.000,999,0.000,6.000,99,9999,99999,9,999999999,0.000,0.999,0,0,999,0.000,0
11,12,2019,6,0,,12.820,11.440,91.000,89238.930,144.530,1395.149,298.398,0.000,0.000,0.000,0.000,0.000,0.000,0.000,999,0.000,6.000,99,9999,99999,9,999999999,0.000,0.999,0,0,999,0.000,0
11,12,2019,7,0,,12.470,11.430,93.000,89238.930,463.807,1395.149,296.940,140.960,29.100,131.308,16915.200,2764.505,14443.929,126.020,999,0.000,6.000,99,9999,99999,9,999999999,0.000,0.999,0,0,999,0.000,0
11,12,2019,8,0,,16.820,11.440,70.000,89238.930,763.660,1395.149,314.622,353.400,157.921,267.018,42408.000,15002.522,29371.995,155.385,999,0.000,4.000,99,9999,99999,9,999999999,0.000,0.999,0,0,999,0.000,0
11,12,2019,9,0,,18.740,11.450,62.000,89238.930,1022.094,1395.149,322.717,574.400,278.101,370.714,68928.000,26419.553,40778.497,161.112,999,0.000,3.000,99,9999,99999,9,999999999,0.000,0.999,0,0,999,0.000,0
11,12,2019,10,0,,20.470,11.450,56.000,89238.930,1221.313,1395.149,330.429,748.890,368.434,426.392,89866.800,35001.242,46903.099,155.057,999,0.000,2.000,99,9999,99999,9,999999999,0.000,0.999,0,0,999,0.000,0
11,12,2019,11,0,,21.980,11.450,51.000,89238.930,1347.699,1395.149,336.992,883.010,441.941,456.109,105961.200,41984.413,50171.938,150.299,999,0.000,1.000,99,9999,99999,9,999999999,0.000,0.999,0,0,999,0.000,0
11,12,2019,12,0,,23.070,11.450,47.000,89238.930,1392.635,1395.149,341.067,911.690,427.702,484.759,109402.800,40631.736,53323.444,154.582,999,0.000,2.000,99,9999,99999,9,999999999,0.000,0.999,0,0,999,0.000,0
11,12,2019,13,0,,23.620,11.460,46.000,89238.930,1353.070,1395.149,344.092,822.510,321.091,511.109,98701.200,30503.611,56222.030,167.754,999,0.000,4.000,99,9999,99999,9,999999999,0.000,0.999,0,0,999,0.000,0
11,12,2019,14,0,,23.960,11.460,45.000,89238.930,1231.723,1395.149,345.541,784.600,420.074,413.763,94152.000,39907.052,45513.976,149.192,999,0.000,4.000,99,9999,99999,9,999999999,0.000,0.999,0,0,999,0.000,0
11,12,2019,15,0,,23.860,11.460,45.000,89238.930,1036.898,1395.149,344.796,623.720,347.426,365.569,74846.400,33005.444,40212.563,156.605,999,0.000,6.000,99,9999,99999,9,999999999,0.000,0.999,0,0,999,0.000,0
11,12,2019,16,0,,23.550,11.460,46.000,89238.930,781.939,1395.149,343.572,546.810,639.092,188.847,65617.200,60713.786,20773.152,107.321,999,0.000,4.000,99,9999,99999,9,999999999,0.000,0.999,0,0,999,0.000,0
11,12,2019,17,0,,22.770,11.450,48.000,89238.930,484.413,1395.149,339.876,349.380,644.434,126.098,41925.600,61221.185,13870.772,115.846,999,0.000,5.000,99,9999,99999,9,999999999,0.000,0.999,0,0,999,0.000,0
11,12,2019,18,0,,21.540,11.450,52.000,89238.930,165.900,1395.149,334.700,121.170,371.869,77.771,14540.400,35327.511,8554.844,212.120,999,0.000,8.000,99,9999,99999,9,999999999,0.000,0.999,0,0,999,0.000,0
11,12,2019,19,0,,20.570,11.450,55.000,89238.930,0.000,1395.149,330.304,0.070,0.000,0.000,8.400,0.000,0.000,-0.000,999,0.000,8.000,99,9999,99999,9,999999999,0.000,0.999,0,0,999,0.000,0
11,12,2019,20,0,,19.600,11.450,59.000,89238.930,0.000,1395.149,326.589,0.000,0.000,0.000,0.000,0.000,0.000,-0.000,999,0.000,8.000,99,9999,99999,9,999999999,0.000,0.999,0,0,999,0.000,0
11,12,2019,21,0,,18.630,11.450,62.000,89238.930,0.000,1395.149,321.932,0.000,0.000,0.000,0.000,0.000,0.000,-0.000,999,0.000,8.000,99,9999,99999,9,999999999,0.000,0.999,0,0,999,0.000,0
11,12,2019,22,0,,17.660,11.440,66.000,89238.930,0.000,1395.149,317.894,0.000,0.000,0.000,0.000,0.000,0.000,-0.000,999,0.000,8.000,99,9999,99999,9,999999999,0.000,0.999,0,0,999,0.000,0
11,12,2019,23,0,,16.690,11.440,71.000,89238.930,0.000,1395.149,314.344,0.000,0.000,0.000,0.000,0.000,0.000,-0.000,999,0.000,8.000,99,9999,99999,9,999999999,0.000,0.999,0,0,999,0.000,0
11,12,2019,24,0,,15.720,12.000,78.000,89238.930,0.000,1395.149,311.734,0.000,0.000,0.000,0.000,0.000,0.000,-0.000,999,0.640,8.000,99,9999,99999,9,999999999,0.000,0.999,0,0,999,0.000,0
11,13,2019,1,0,,15.230,11.960,80.000,89238.930,0.000,1395.149,309.429,0.000,0.000,0.000,0.000,0.000,0.000,-0.000,999,0.450,8.000,99,9999,99999,9,999999999,0.000,0.999,0,0,999,0.000,0
11,13,2019,2,0,,14.750,11.920,83.000,89238.930,0.000,1395.149,307.707,0.000,0.000,0.000,0.000,0.000,0.000,-0.000,999,0.340,8.000,99,9999,99999,9,999999999,0.000,0.999,0,0,999,0.000,0
11,13,2019,3,0,,14.260,11.880,85.000,89238.930,0.000,1395.149,305.348,0.000,0.000,0.000,0.000,0.000,0.000,-0.000,999,0.000,8.000,99,9999,99999,9,999999999,0.000,0.999,0,0,999,0.000,0
11,13,2019,4,0,,13.780,11.840,88.000,89238.930,0.000,1395.807,303.540,0.000,0.000,0.000,0.000,0.000,0.000,-0.000,999,0.000,8.000,99,9999,99999,9,999999999,0.000,0.999,0,0,999,0.000,0
11,13,2019,5,0,,13.350,11.810,90.000,89238.930,0.000,1395.807,301.551,0.000,0.000,0.000,0.000,0.000,0.000,-0.000,999,0.000,8.000,99,9999,99999,9,999999999,0.000,0.999,0,0,999,0.000,0
11,13,2019,6,0,,13.030,11.780,92.000,89238.930,146.168,1395.807,300.300,0.000,0.000,0.000,0.000,0.000,0.000,0.000,999,0.000,8.000,99,9999,99999,9,999999999,0.000,0.999,0,0,999,0.000,0
11,13,2019,7,0,,12.710,11.750,93.000,89238.930,465.156,1395.807,298.574,94.910,0.000,94.910,11389.200,0.000,10440.100,90.865,999,0.000,8.000,99,9999,99999,9,999999999,0.000,0.999,0,0,999,0.000,0
11,13,2019,8,0,,16.320,12.050,75.000,89238.930,764.761,1395.807,314.199,266.970,35.293,247.646,32036.400,3352.809,27241.100,143.972,999,0.000,7.000,99,9999,99999,9,999999999,0.000,0.999,0,0,999,0.000,0
11,13,2019,9,0,,17.980,12.190,68.000,89238.930,1023.030,1395.807,321.534,430.900,75.528,375.557,51708.000,7175.174,41311.281,163.145,999,0.000,7.000,99,9999,99999,9,999999999,0.000,0.999,0,0,999,0.000,0
11,13,2019,10,0,,19.490,12.310,63.000,89238.930,1222.179,1395.807,328.864,567.260,158.397,428.578,68071.200,15047.760,47143.622,155.815,999,0.000,6.000,99,9999,99999,9,999999999,0.000,0.999,0,0,999,0.000,0
11,13,2019,11,0,,20.790,12.420,58.000,89238.930,1348.596,1395.807,334.429,664.860,91.247,576.701,79783.200,8668.484,63437.104,190.000,999,0.740,6.000,99,9999,99999,9,999999999,0.000,0.999,0,0,999,0.000,0
11,13,2019,12,0,,21.820,12.500,55.000,89238.930,1393.661,1395.807,339.461,716.390,105.111,611.441,85966.800,9985.562,67258.457,194.927,999,0.510,6.000,99,9999,99999,9,999999999,0.000,0.999,0,0,999,0.000,0
11,13,2019,13,0,,22.570,12.560,53.000,89238.930,1354.315,1395.807,343.227,718.110,122.330,599.418,86173.200,11621.387,65936.006,196.650,999,0.880,6.000,99,9999,99999,9,999999999,0.000,0.999,0,0,999,0.000,0
11,13,2019,14,0,,23.000,12.590,51.000,89238.930,1233.260,1395.807,344.547,669.910,296.088,408.324,80389.200,28128.394,44915.627,147.117,999,0.880,6.000,99,9999,99999,9,999999999,0.000,0.999,0,0,999,0.000,0
11,13,2019,15,0,,23.140,12.600,51.000,89238.930,1038.781,1395.807,345.594,575.290,273.266,371.970,69034.800,25960.229,40916.662,159.134,999,2.070,6.000,99,9999,99999,9,999999999,0.000,0.999,0,0,999,0.000,0
11,13,2019,16,0,,22.860,12.580,52.000,89238.930,784.198,1395.807,344.456,441.330,359.874,239.272,52959.600,34188.071,26319.956,135.650,999,0.790,7.000,99,9999,99999,9,999999999,0.000,0.999,0,0,999,0.000,0
11,13,2019,17,0,,22.130,12.520,54.000,89238.930,487.049,1395.807,340.867,278.950,393.586,141.901,33474.000,37390.651,15609.075,129.717,999,1.480,7.000,99,9999,99999,9,999999999,0.000,0.999,0,0,999,0.000,0
11,13,2019,18,0,,21.040,12.440,57.000,89238.930,168.854,1395.807,335.432,106.490,375.488,61.883,12778.800,35671.328,6807.105,165.810,999,0.560,8.000,99,9999,99999,9,999999999,0.000,0.999,0,0,999,0.000,0
11,13,2019,19,0,,20.160,12.360,60.000,89238.930,0.000,1395.807,331.436,0.090,0.000,0.000,10.800,0.000,0.000,-0.000,999,0.000,8.000,99,9999,99999,9,999999999,0.000,0.999,0,0,999,0.000,0
11,13,2019,20,0,,19.280,12.290,63.000,89238.930,0.000,1395.807,327.343,0.000,0.000,0.000,0.000,0.000,0.000,-0.000,999,0.000,8.000,99,9999,99999,9,999999999,0.000,0.999,0,0,999,0.000,0
11,13,2019,21,0,,18.400,12.220,67.000,89238.930,0.000,1395.807,323.862,0.000,0.000,0.000,0.000,0.000,0.000,-0.000,999,0.000,8.000,99,9999,99999,9,999999999,0.000,0.999,0,0,999,0.000,0
11,13,2019,22,0,,17.510,12.150,70.000,89238.930,0.000,1395.807,319.508,0.000,0.000,0.000,0.000,0.000,0.000,-0.000,999,0.000,8.000,99,9999,99999,9,999999999,0.000,0.999,0,0,999,0.000,0
11,13,2019,23,0,,16.630,12.080,74.000,89238.930,0.000,1395.807,315.784,0.000,0.000,0.000,0.000,0.000,0.000,-0.000,999,0.000,8.000,99,9999,99999,9,999999999,0.000,0.999,0,0,999,0.000,0
11,13,2019,24,0,,15.750,13.320,85.000,89238.930,0.000,1395.807,315.798,0.000,0.000,0.000,0.000,0.000,0.000,-0.000,999,0.000,8.000,99,9999,99999,9,999999999,0.000,0.999,0,0,999,0.000,0
11,14,2019,1,0,,15.310,13.260,92.000,89238.930,0.000,1395.807,316.239,0.000,0.000,0.000,0.000,0.000,0.000,-0.000,999,0.000,8.000,99,9999,99999,9,999999999,0.960,0.999,0,0,999,0.960,99
11,14,2019,2,0,,14.870,13.190,94.000,89238.930,0.000,1395.807,314.077,0.000,0.000,0.000,0.000,0.000,0.000,-0.000,999,0.000,8.000,99,9999,99999,9,999999999,0.030,0.999,0,0,999,0.030,99
11,14,2019,3,0,,14.430,13.130,96.000,89238.930,0.000,1395.807,311.903,0.000,0.000,0.000,0.000,0.000,0.000,-0.000,999,0.000,8.000,99,9999,99999,9,999999999,0.010,0.999,0,0,999,0.010,99
11,14,2019,4,0,,13.990,13.070,94.000,89238.930,0.000,1396.457,307.879,0.000,0.000,0.000,0.000,0.000,0.000,-0.000,999,0.000,8.000,99,9999,99999,9,999999999,0.000,0.999,0,0,999,0.000,0
11,14,2019,5,0,,13.600,13.010,96.000,89238.930,0.000,1396.457,306.081,0.000,0.000,0.000,0.000,0.000,0.000,-0.000,999,0.000,8.000,99,9999,99999,9,999999999,0.000,0.999,0,0,999,0.000,0
11,14,2019,6,0,,13.310,12.970,97.000,89238.930,147.688,1396.457,304.517,0.000,0.000,0.000,0.000,0.000,0.000,0.000,999,0.000,8.000,99,9999,99999,9,999999999,0.000,0.999,0,0,999,0.000,0
11,14,2019,7,0,,13.010,12.920,99.000,89238.930,466.386,1396.457,303.324,82.340,0.000,82.340,9880.800,0.000,9057.400,78.659,999,0.000,8.000,99,9999,99999,9,999999999,0.000,0.999,0,0,999,0.000,0
11,14,2019,8,0,,16.150,13.380,83.000,89238.930,765.751,1396.457,317.568,230.710,18.027,220.832,27685.200,1712.545,24291.486,128.277,999,0.000,8.000,99,9999,99999,9,999999999,0.000,0.999,0,0,999,0.000,0
11,14,2019,9,0,,17.580,13.580,77.000,89238.930,1023.867,1396.457,324.393,372.060,59.402,328.518,44647.200,5643.207,36136.977,142.660,999,0.000,8.000,99,9999,99999,9,999999999,0.000,0.999,0,0,999,0.000,0
11,14,2019,10,0,,18.890,13.760,72.000,89238.930,1222.962,1396.457,330.782,489.680,34.648,459.339,58761.600,3291.571,50527.318,166.969,999,0.000,7.000,99,9999,99999,9,999999999,0.000,0.999,0,0,999,0.000,0
11,14,2019,11,0,,20.010,13.920,67.000,89238.930,1349.427,1396.457,335.593,573.910,50.189,525.412,68869.200,4767.935,57795.372,173.076,999,0.000,7.000,99,9999,99999,9,999999999,0.000,0.999,0,0,999,0.000,0
11,14,2019,12,0,,20.910,14.040,64.000,89238.930,1394.641,1396.457,340.059,618.420,57.506,560.989,74210.400,5463.073,61708.768,178.801,999,0.000,7.000,99,9999,99999,9,999999999,0.000,0.999,0,0,999,0.000,0
11,14,2019,13,0,,21.700,14.150,62.000,89238.930,1355.532,1396.457,344.418,671.340,157.651,518.312,80560.800,14976.834,57014.321,169.968,999,0.000,7.000,99,9999,99999,9,999999999,0.000,0.999,0,0,999,0.000,0
11,14,2019,14,0,,20.980,14.050,64.000,89238.930,1234.788,1396.457,340.580,264.330,13.906,252.035,31719.600,1321.068,27723.843,90.736,999,0.000,8.000,99,9999,99999,9,999999999,0.000,0.999,0,0,999,0.000,0
11,14,2019,15,0,,21.660,14.140,62.000,89238.930,1040.672,1396.457,344.117,592.680,267.029,393.730,71121.600,25367.783,43310.355,168.215,999,0.000,6.000,99,9999,99999,9,999999999,0.000,0.999,0,0,999,0.000,0
11,14,2019,16,0,,21.530,14.130,62.000,89238.930,786.476,1396.457,343.142,396.130,198.632,284.332,47535.600,18870.035,31276.548,160.802,999,0.000,7.000,99,9999,99999,9,999999999,0.000,0.999,0,0,999,0.000,0
11,14,2019,17,0,,20.950,14.050,64.000,89238.930,489.711,1396.457,340.357,241.730,239.387,157.955,29007.600,22741.804,17375.050,143.671,999,0.000,8.000,99,9999,99999,9,999999999,0.000,0.999,0,0,999,0.000,0
11,14,2019,18,0,,20.050,13.920,67.000,89238.930,171.839,1396.457,335.889,93.000,339.774,51.917,11160.000,32278.562,5710.896,136.676,999,0.000,8.000,99,9999,99999,9,999999999,0.000,0.999,0,0,999,0.000,0
11,14,2019,19,0,,19.560,13.850,69.000,89238.930,0.000,1396.457,333.681,0.110,0.000,0.000,13.200,0.000,0.000,-0.000,999,0.000,8.000,99,9999,99999,9,999999999,0.000,0.999,0,0,999,0.000,0
11,14,2019,20,0,,19.070,13.790,71.000,89238.930,0.000,1396.457,331.439,0.000,0.000,0.000,0.000,0.000,0.000,-0.000,999,0.000,8.000,99,9999,99999,9,999999999,0.000,0.999,0,0,999,0.000,0
11,14,2019,21,0,,18.570,13.720,73.000,89238.930,0.000,1396.457,329.093,0.000,0.000,0.000,0.000,0.000,0.000,-0.000,999,0.000,8.000,99,9999,99999,9,999999999,0.000,0.999,0,0,999,0.000,0
11,14,2019,22,0,,18.080,13.650,75.000,89238.930,0.000,1396.457,326.792,0.000,0.000,0.000,0.000,0.000,0.000,-0.000,999,0.000,8.000,99,9999,99999,9,999999999,0.000,0.999,0,0,999,0.000,0
11,14,2019,23,0,,17.590,13.580,77.000,89238.930,0.000,1396.457,324.466,0.000,0.000,0.000,0.000,0.000,0.000,-0.000,999,0.000,8.000,99,9999,99999,9,999999999,0.000,0.999,0,0,999,0.000,0
11,14,2019,24,0,,17.100,15.470,90.000,89238.930,0.000,1396.457,328.171,0.000,0.000,0.000,0.000,0.000,0.000,-0.000,999,0.000,8.000,99,9999,99999,9,999999999,0.000,0.999,0,0,999,0.000,0
11,15,2019,1,0,,16.860,15.470,91.000,89238.930,0.000,1396.457,326.930,0.000,0.000,0.000,0.000,0.000,0.000,-0.000,999,0.000,8.000,99,9999,99999,9,999999999,0.000,0.999,0,0,999,0.000,0
11,15,2019,2,0,,16.610,15.480,92.000,89238.930,0.000,1396.457,325.614,0.000,0.000,0.000,0.000,0.000,0.000,-0.000,999,0.000,8.000,99,9999,99999,9,999999999,0.000,0.999,0,0,999,0.000,0
11,15,2019,3,0,,16.360,15.480,94.000,89238.930,0.000,1396.457,324.791,0.000,0.000,0.000,0.000,0.000,0.000,-0.000,999,0.000,8.000,99,9999,99999,9,999999999,0.000,0.999,0,0,999,0.000,0
11,15,2019,4,0,,16.120,15.480,95.000,89238.930,0.000,1397.098,323.535,0.000,0.000,0.000,0.000,0.000,0.000,-0.000,999,0.000,8.000,99,9999,99999,9,999999999,0.000,0.999,0,0,999,0.000,0
11,15,2019,5,0,,15.900,15.480,97.000,89238.930,0.000,1397.098,322.900,0.000,0.000,0.000,0.000,0.000,0.000,-0.000,999,0.000,8.000,99,9999,99999,9,999999999,0.000,0.999,0,0,999,0.000,0
11,15,2019,6,0,,15.740,15.480,98.000,89238.930,149.090,1397.098,322.212,0.000,0.000,0.000,0.000,0.000,0.000,0.000,999,0.000,8.000,99,9999,99999,9,999999999,0.000,0.999,0,0,999,0.000,0
11,15,2019,7,0,,15.580,15.490,99.000,89238.930,467.499,1397.098,321.520,92.420,0.000,92.420,11090.400,0.000,10166.200,88.117,999,0.000,8.000,99,9999,99999,9,999999999,0.000,0.999,0,0,999,0.000,0
11,15,2019,8,0,,18.410,15.460,82.000,89238.930,766.631,1397.098,333.420,258.030,30.002,241.578,30963.600,2850.184,26573.603,140.231,999,0.000,7.000,99,9999,99999,9,999999999,0.000,0.999,0,0,999,0.000,0
11,15,2019,9,0,,19.700,15.450,76.000,89238.930,1024.606,1397.098,339.365,415.830,65.016,368.160,49899.600,6176.551,40497.632,159.833,999,0.000,7.000,99,9999,99999,9,999999999,0.000,0.999,0,0,999,0.000,0
11,15,2019,10,0,,20.880,15.430,70.000,89238.930,1223.662,1397.098,344.214,547.180,136.315,427.798,65661.600,12949.959,47057.731,155.487,999,0.000,7.000,99,9999,99999,9,999999999,0.000,0.999,0,0,999,0.000,0
11,15,2019,11,0,,21.890,15.430,66.000,89238.930,1350.194,1397.098,348.951,641.280,78.403,565.511,76953.600,7448.266,62206.205,186.265,999,0.000,7.000,99,9999,99999,9,999999999,0.000,0.999,0,0,999,0.000,0
11,15,2019,12,0,,22.700,15.420,63.000,89238.930,1395.576,1397.098,352.802,691.080,90.235,600.944,82929.600,8572.307,66103.796,191.495,999,0.000,6.000,99,9999,99999,9,999999999,0.000,0.999,0,0,999,0.000,0
11,15,2019,13,0,,23.280,15.410,60.000,89238.930,1356.724,1397.098,354.785,692.970,105.063,590.945,83156.400,9980.953,65003.984,193.705,999,0.000,6.000,99,9999,99999,9,999999999,0.000,0.999,0,0,999,0.000,0
11,15,2019,14,0,,23.630,15.410,59.000,89238.930,1236.309,1397.098,356.624,646.830,254.807,421.367,77619.600,24206.625,46350.368,151.581,999,0.000,7.000,99,9999,99999,9,999999999,0.000,0.999,0,0,999,0.000,0
11,15,2019,15,0,,23.730,15.410,64.000,89238.930,1042.570,1397.098,361.573,556.010,203.704,404.034,66721.200,19351.870,44443.703,172.382,999,0.000,7.000,99,9999,99999,9,999999999,0.030,0.999,0,0,999,0.030,99
11,15,2019,16,0,,23.520,15.410,60.000,89238.930,788.774,1397.098,356.632,427.300,312.761,250.832,51276.000,29712.292,27591.518,141.508,999,0.000,7.000,99,9999,99999,9,999999999,0.000,0.999,0,0,999,0.000,0
11,15,2019,17,0,,22.950,15.420,62.000,89238.930,492.401,1397.098,353.911,271.180,345.945,149.503,32541.600,32864.737,16445.318,135.300,999,0.000,7.000,99,9999,99999,9,999999999,0.000,0.999,0,0,999,0.000,0
11,15,2019,18,0,,22.100,15.420,65.000,89238.930,174.854,1397.098,349.788,105.140,412.085,54.435,12616.800,39148.077,5987.841,140.820,999,0.000,8.000,99,9999,99999,9,999999999,0.000,0.999,0,0,999,0.000,0
11,15,2019,19,0,,21.280,15.430,69.000,89238.930,0.000,1397.098,346.528,0.170,0.000,0.000,20.400,0.000,0.000,-0.000,999,0.000,8.000,99,9999,99999,9,999999999,0.000,0.999,0,0,999,0.000,0
11,15,2019,20,0,,20.460,15.440,72.000,89238.930,0.000,1397.098,342.432,0.000,0.000,0.000,0.000,0.000,0.000,-0.000,999,0.000,8.000,99,9999,99999,9,999999999,0.000,0.999,0,0,999,0.000,0
11,15,2019,21,0,,19.640,15.450,76.000,89238.930,0.000,1397.098,338.917,0.000,0.000,0.000,0.000,0.000,0.000,-0.000,999,0.000,8.000,99,9999,99999,9,999999999,0.000,0.999,0,0,999,0.000,0
11,15,2019,22,0,,18.820,15.450,85.000,89238.930,0.000,1397.098,338.195,0.000,0.000,0.000,0.000,0.000,0.000,-0.000,999,0.000,8.000,99,9999,99999,9,999999999,0.960,0.999,0,0,999,0.960,99
11,15,2019,23,0,,17.990,15.460,90.000,89238.930,0.000,1397.098,334.745,0.000,0.000,0.000,0.000,0.000,0.000,-0.000,999,0.000,8.000,99,9999,99999,9,999999999,0.010,0.999,0,0,999,0.010,99
11,15,2019,24,0,,17.170,14.410,85.000,89238.930,0.000,1397.098,326.011,0.000,0.000,0.000,0.000,0.000,0.000,-0.000,999,0.000,8.000,99,9999,99999,9,999999999,0.270,0.999,0,0,999,0.270,99
11,16,2019,1,0,,16.760,14.430,87.000,89238.930,0.000,1397.098,324.112,0.000,0.000,0.000,0.000,0.000,0.000,-0.000,999,0.000,8.000,99,9999,99999,9,999999999,0.320,0.999,0,0,999,0.320,99
11,16,2019,2,0,,16.350,14.450,85.000,89238.930,0.000,1397.098,320.083,0.000,0.000,0.000,0.000,0.000,0.000,-0.000,999,0.000,8.000,99,9999,99999,9,999999999,0.000,0.999,0,0,999,0.000,0
11,16,2019,3,0,,15.940,14.470,91.000,89238.930,0.000,1397.098,320.256,0.000,0.000,0.000,0.000,0.000,0.000,-0.000,999,0.000,8.000,99,9999,99999,9,999999999,0.040,0.999,0,0,999,0.040,99
11,16,2019,4,0,,15.530,14.480,94.000,89238.930,0.000,1397.731,318.789,0.000,0.000,0.000,0.000,0.000,0.000,-0.000,999,0.000,8.000,99,9999,99999,9,999999999,0.180,0.999,0,0,999,0.180,99
11,16,2019,5,0,,15.160,14.500,96.000,89238.930,0.000,1397.731,317.093,0.000,0.000,0.000,0.000,0.000,0.000,-0.000,999,0.000,8.000,99,9999,99999,9,999999999,0.730,0.999,0,0,999,0.730,99
11,16,2019,6,0,,14.890,14.520,97.000,89238.930,150.372,1397.731,315.633,0.000,0.000,0.000,0.000,0.000,0.000,0.000,999,0.000,8.000,99,9999,99999,9,999999999,0.590,0.999,0,0,999,0.590,99
11,16,2019,7,0,,14.620,14.530,99.000,89238.930,468.493,1397.731,314.627,87.390,0.000,87.390,10486.800,0.000,9612.900,83.182,999,0.000,8.000,99,9999,99999,9,999999999,0.480,0.999,0,0,999,0.480,99
11,16,2019,8,0,,17.610,14.390,83.000,89238.930,767.400,1397.731,328.109,243.000,22.746,230.520,29160.000,2160.851,25357.232,133.738,999,0.000,8.000,99,9999,99999,9,999999999,0.090,0.999,0,0,999,0.090,99
11,16,2019,9,0,,18.970,14.320,76.000,89238.930,1025.246,1397.731,333.938,391.250,72.168,338.328,46950.000,6855.922,37216.066,146.856,999,0.000,7.000,99,9999,99999,9,999999999,0.110,0.999,0,0,999,0.110,99
11,16,2019,10,0,,20.210,14.260,71.000,89238.930,1224.280,1397.731,339.877,514.680,106.422,421.473,61761.600,10110.049,46362.041,153.180,999,0.000,7.000,99,9999,99999,9,999999999,0.010,0.999,0,0,999,0.010,99
11,16,2019,11,0,,21.270,14.210,67.000,89238.930,1350.897,1397.731,344.999,603.150,61.007,544.188,72378.000,5795.687,59860.695,179.229,999,0.000,7.000,99,9999,99999,9,999999999,0.030,0.999,0,0,999,0.030,99
11,16,2019,12,0,,22.120,14.170,64.000,89238.930,1396.466,1397.731,349.166,650.040,70.059,580.044,78004.800,6655.637,63804.849,184.801,999,0.000,7.000,99,9999,99999,9,999999999,0.050,0.999,0,0,999,0.050,99
11,16,2019,13,0,,22.730,14.140,62.000,89238.930,1357.892,1397.731,352.226,651.950,81.589,572.688,78234.000,7750.959,62995.664,187.644,999,0.000,7.000,99,9999,99999,9,999999999,0.020,0.999,0,0,999,0.020,99
11,16,2019,14,0,,23.100,14.120,56.000,89238.930,1237.823,1397.731,349.939,608.740,198.497,432.967,73048.800,18857.182,47626.326,155.634,999,0.000,7.000,99,9999,99999,9,999999999,0.000,0.999,0,0,999,0.000,0
11,16,2019,15,0,,23.210,14.120,60.000,89238.930,1044.476,1397.731,354.248,523.560,159.749,404.213,62827.200,15176.179,44463.383,172.221,999,0.000,7.000,99,9999,99999,9,999999999,0.070,0.999,0,0,999,0.070,99
11,16,2019,16,0,,22.980,14.130,61.000,89238.930,791.091,1397.731,353.320,402.790,206.352,286.071,48334.800,19603.414,31467.825,160.987,999,0.000,7.000,99,9999,99999,9,999999999,0.140,0.999,0,0,999,0.140,99
11,16,2019,17,0,,22.390,14.160,68.000,89238.930,495.116,1397.731,354.278,256.220,280.628,157.015,30746.400,26659.621,17271.617,141.379,999,0.000,8.000,99,9999,99999,9,999999999,1.680,0.999,0,0,999,1.680,99
11,16,2019,18,0,,21.500,14.200,66.000,89238.930,177.897,1397.731,345.994,100.200,372.271,53.593,12024.000,35365.755,5895.192,136.257,999,0.000,8.000,99,9999,99999,9,999999999,0.220,0.999,0,0,999,0.220,99
11,16,2019,19,0,,20.730,14.240,69.000,89238.930,0.000,1397.731,342.379,0.220,0.000,0.000,26.400,0.000,0.000,-0.000,999,0.000,8.000,99,9999,99999,9,999999999,0.390,0.999,0,0,999,0.390,99
11,16,2019,20,0,,19.960,14.270,77.000,89238.930,0.000,1397.731,341.953,0.000,0.000,0.000,0.000,0.000,0.000,-0.000,999,0.000,8.000,99,9999,99999,9,999999999,2.710,0.999,0,0,999,2.710,99
11,16,2019,21,0,,19.190,14.310,75.000,89238.930,0.000,1397.731,334.932,0.000,0.000,0.000,0.000,0.000,0.000,-0.000,999,0.000,8.000,99,9999,99999,9,999999999,0.930,0.999,0,0,999,0.930,99
11,16,2019,22,0,,18.420,14.350,88.000,89238.930,0.000,1397.731,336.875,0.000,0.000,0.000,0.000,0.000,0.000,-0.000,999,0.000,8.000,99,9999,99999,9,999999999,28.720,0.999,0,0,999,28.720,99
11,16,2019,23,0,,17.650,14.380,87.000,89238.930,0.000,1397.731,330.617,0.000,0.000,0.000,0.000,0.000,0.000,-0.000,999,0.000,8.000,99,9999,99999,9,999999999,1.210,0.999,0,0,999,1.210,99
11,16,2019,24,0,,16.880,14.190,86.000,89238.930,0.000,1397.731,324.447,0.000,0.000,0.000,0.000,0.000,0.000,-0.000,999,0.000,8.000,99,9999,99999,9,999999999,0.030,0.999,0,0,999,0.030,99
11,17,2019,1,0,,16.490,14.220,88.000,89238.930,0.000,1397.731,322.684,0.000,0.000,0.000,0.000,0.000,0.000,-0.000,999,0.000,8.000,99,9999,99999,9,999999999,0.070,0.999,0,0,999,0.070,99
11,17,2019,2,0,,16.110,14.250,91.000,89238.930,0.000,1397.731,321.481,0.000,0.000,0.000,0.000,0.000,0.000,-0.000,999,0.000,8.000,99,9999,99999,9,999999999,0.770,0.999,0,0,999,0.770,99
11,17,2019,3,0,,15.720,14.290,94.000,89238.930,0.000,1397.731,320.155,0.000,0.000,0.000,0.000,0.000,0.000,-0.000,999,0.000,8.000,99,9999,99999,9,999999999,0.160,0.999,0,0,999,0.160,99
11,17,2019,4,0,,15.340,14.320,96.000,89238.930,0.000,1398.354,318.383,0.000,0.000,0.000,0.000,0.000,0.000,-0.000,999,0.000,8.000,99,9999,99999,9,999999999,0.050,0.999,0,0,999,0.050,99
11,17,2019,5,0,,14.990,14.350,99.000,89238.930,0.000,1398.354,317.270,0.000,0.000,0.000,0.000,0.000,0.000,-0.000,999,0.000,8.000,99,9999,99999,9,999999999,0.010,0.999,0,0,999,0.010,99
11,17,2019,6,0,,14.740,14.370,95.000,89238.930,151.534,1398.354,313.629,0.000,0.000,0.000,0.000,0.000,0.000,0.000,999,0.000,8.000,99,9999,99999,9,999999999,0.000,0.999,0,0,999,0.000,0
11,17,2019,7,0,,14.480,14.390,97.000,89238.930,469.368,1398.354,312.719,75.950,0.000,75.950,9114.000,0.000,8354.500,72.189,999,0.000,8.000,99,9999,99999,9,999999999,0.000,0.999,0,0,999,0.000,0
11,17,2019,8,0,,16.790,14.200,81.000,89238.930,768.059,1398.354,321.035,210.410,11.349,204.181,25249.200,1078.185,22459.856,118.408,999,0.000,8.000,99,9999,99999,9,999999999,0.000,0.999,0,0,999,0.000,0
11,17,2019,9,0,,17.840,14.110,74.000,89238.930,1025.789,1398.354,324.430,338.510,41.157,308.326,40621.200,3909.870,33915.911,133.823,999,0.000,8.000,99,9999,99999,9,999999999,0.000,0.999,0,0,999,0.000,0
11,17,2019,10,0,,18.800,14.020,68.000,89238.930,1224.816,1398.354,327.439,445.190,24.117,424.068,53422.800,2291.145,46647.431,154.124,999,0.000,8.000,99,9999,99999,9,999999999,0.000,0.999,0,0,999,0.000,0
11,17,2019,11,0,,19.620,13.950,64.000,89238.930,1351.538,1398.354,330.552,521.710,51.154,472.270,62605.200,4859.595,51949.696,155.539,999,0.000,8.000,99,9999,99999,9,999999999,0.000,0.999,0,0,999,0.000,0
11,17,2019,12,0,,20.270,13.900,66.000,89238.930,1397.314,1398.354,336.793,562.320,58.056,504.307,67478.400,5515.297,55473.817,160.646,999,0.000,8.000,99,9999,99999,9,999999999,0.380,0.999,0,0,999,0.380,99
11,17,2019,13,0,,20.750,13.850,64.000,89238.930,1359.035,1398.354,338.868,564.080,85.897,480.600,67689.600,8160.217,52865.959,157.408,999,0.000,8.000,99,9999,99999,9,999999999,0.280,0.999,0,0,999,0.280,99
11,17,2019,14,0,,21.030,13.830,68.000,89238.930,1239.331,1398.354,343.919,526.880,110.169,429.247,63225.600,10466.070,47217.198,154.178,999,0.000,8.000,99,9999,99999,9,999999999,1.330,0.999,0,0,999,1.330,99
11,17,2019,15,0,,21.110,13.820,73.000,89238.930,1046.392,1398.354,348.032,453.430,89.064,386.799,54411.600,8461.054,42547.864,164.573,999,0.000,8.000,99,9999,99999,9,999999999,16.940,0.999,0,0,999,16.940,99
11,17,2019,16,0,,20.940,13.840,63.000,89238.930,793.428,1398.354,339.518,349.200,116.841,282.945,41904.000,11099.860,31123.990,158.829,999,0.000,8.000,99,9999,99999,9,999999999,0.530,0.999,0,0,999,0.530,99
11,17,2019,17,0,,20.490,13.880,65.000,89238.930,497.858,1398.354,337.688,222.650,188.015,155.845,26718.000,17861.390,17142.922,139.612,999,0.000,8.000,99,9999,99999,9,999999999,0.120,0.999,0,0,999,0.120,99
11,17,2019,18,0,,19.800,13.940,63.000,89238.930,180.968,1398.354,331.120,87.810,304.535,49.022,10537.200,28930.802,5392.437,122.513,999,0.000,8.000,99,9999,99999,9,999999999,0.000,0.999,0,0,999,0.000,0
11,17,2019,19,0,,19.090,14.000,72.000,89238.930,0.000,1398.354,332.249,0.250,0.000,0.000,30.000,0.000,0.000,-0.000,999,0.000,8.000,99,9999,99999,9,999999999,0.090,0.999,0,0,999,0.090,99
11,17,2019,20,0,,18.380,14.060,76.000,89238.930,0.000,1398.354,329.600,0.000,0.000,0.000,0.000,0.000,0.000,-0.000,999,0.000,8.000,99,9999,99999,9,999999999,0.210,0.999,0,0,999,0.210,99
11,17,2019,21,0,,17.660,14.120,81.000,89238.930,0.000,1398.354,327.332,0.000,0.000,0.000,0.000,0.000,0.000,-0.000,999,0.000,8.000,99,9999,99999,9,999999999,0.020,0.999,0,0,999,0.020,99
11,17,2019,22,0,,16.950,14.180,79.000,89238.930,0.000,1398.354,321.038,0.000,0.000,0.000,0.000,0.000,0.000,-0.000,999,0.000,8.000,99,9999,99999,9,999999999,0.000,0.999,0,0,999,0.000,0
11,17,2019,23,0,,16.230,14.240,84.000,89238.930,0.000,1398.354,318.683,0.000,0.000,0.000,0.000,0.000,0.000,-0.000,999,0.000,8.000,99,9999,99999,9,999999999,0.000,0.999,0,0,999,0.000,0
11,17,2019,24,0,,15.520,11.560,77.000,89238.930,0.000,1398.354,309.762,0.000,0.000,0.000,0.000,0.000,0.000,-0.000,999,1.060,8.000,99,9999,99999,9,999999999,0.000,0.999,0,0,999,0.000,0
11,18,2019,1,0,,15.160,11.610,79.000,89238.930,0.000,1398.354,308.386,0.000,0.000,0.000,0.000,0.000,0.000,-0.000,999,1.260,8.000,99,9999,99999,9,999999999,0.000,0.999,0,0,999,0.000,0
11,18,2019,2,0,,14.810,11.650,81.000,89238.930,0.000,1398.354,307.053,0.000,0.000,0.000,0.000,0.000,0.000,-0.000,999,0.450,8.000,99,9999,99999,9,999999999,0.000,0.999,0,0,999,0.000,0
11,18,2019,3,0,,14.450,11.700,83.000,89238.930,0.000,1398.354,305.625,0.000,0.000,0.000,0.000,0.000,0.000,-0.000,999,0.450,8.000,99,9999,99999,9,999999999,0.000,0.999,0,0,999,0.000,0
11,18,2019,4,0,,14.090,11.740,85.000,89238.930,0.000,1398.967,304.173,0.000,0.000,0.000,0.000,0.000,0.000,-0.000,999,0.410,8.000,99,9999,99999,9,999999999,0.000,0.999,0,0,999,0.000,0
11,18,2019,5,0,,13.780,11.780,87.000,89238.930,0.000,1398.967,303.045,0.000,0.000,0.000,0.000,0.000,0.000,-0.000,999,0.580,8.000,99,9999,99999,9,999999999,0.000,0.999,0,0,999,0.000,0
11,18,2019,6,0,,13.540,11.810,89.000,89238.930,152.575,1398.967,302.375,0.000,0.000,0.000,0.000,0.000,0.000,0.000,999,0.890,8.000,99,9999,99999,9,999999999,0.000,0.999,0,0,999,0.000,0
11,18,2019,7,0,,13.310,11.840,90.000,89238.930,470.125,1398.967,301.276,113.150,0.000,113.150,13578.000,0.000,12446.500,107.421,999,0.730,8.000,99,9999,99999,9,999999999,0.000,0.999,0,0,999,0.000,0
11,18,2019,8,0,,15.510,11.560,77.000,89238.930,768.608,1398.967,309.693,130.600,0.000,130.600,15672.000,0.000,14366.000,75.716,999,1.490,8.000,99,9999,99999,9,999999999,0.000,0.999,0,0,999,0.000,0
11,18,2019,9,0,,17.810,11.260,65.000,89238.930,1026.235,1398.967,318.263,502.290,145.768,395.386,60274.800,13847.977,43492.497,171.610,999,2.550,5.000,99,9999,99999,9,999999999,0.000,0.999,0,0,999,0.000,0
11,18,2019,10,0,,19.680,11.020,57.000,89238.930,1225.273,1398.967,325.557,660.460,289.889,406.586,79255.200,27539.452,44724.454,147.780,999,3.440,5.000,99,9999,99999,9,999999999,0.000,0.999,0,0,999,0.000,0
11,18,2019,11,0,,21.210,10.810,51.000,89238.930,1352.118,1398.967,331.374,773.970,244.774,537.398,92876.400,23253.534,59113.782,176.990,999,2.060,4.000,99,9999,99999,9,999999999,0.000,0.999,0,0,999,0.000,0
11,18,2019,12,0,,22.410,10.650,47.000,89238.930,1398.120,1398.967,336.215,834.310,281.351,553.129,100117.200,26728.348,60844.230,176.173,999,2.860,4.000,99,9999,99999,9,999999999,0.000,0.999,0,0,999,0.000,0
11,18,2019,13,0,,23.280,10.530,44.000,89238.930,1360.157,1398.967,339.409,837.110,336.550,509.902,100453.200,31972.221,56089.274,166.941,999,2.880,4.000,99,9999,99999,9,999999999,0.000,0.999,0,0,999,0.000,0
11,18,2019,14,0,,23.800,10.460,42.000,89238.930,1240.834,1398.967,340.972,782.190,379.324,445.770,93862.800,36035.803,49034.669,159.989,999,2.910,4.000,99,9999,99999,9,999999999,0.000,0.999,0,0,999,0.000,0
11,18,2019,15,0,,23.990,10.430,42.000,89238.930,1048.316,1398.967,342.373,673.550,474.495,318.069,80826.000,45077.010,34987.570,135.141,999,2.950,5.000,99,9999,99999,9,999999999,0.000,0.999,0,0,999,0.000,0
11,18,2019,16,0,,23.770,10.460,43.000,89238.930,795.784,1398.967,341.899,519.270,582.582,188.079,62312.400,55345.331,20688.637,105.309,999,4.400,5.000,99,9999,99999,9,999999999,0.000,0.999,0,0,999,0.000,0
11,18,2019,17,0,,23.070,10.560,45.000,89238.930,500.624,1398.967,338.955,331.880,595.495,119.202,39825.600,56571.986,13112.204,106.240,999,3.470,6.000,99,9999,99999,9,999999999,0.000,0.999,0,0,999,0.000,0
11,18,2019,18,0,,21.970,10.710,48.000,89238.930,184.066,1398.967,334.014,131.990,366.609,84.494,15838.800,34827.867,9294.331,207.597,999,1.350,8.000,99,9999,99999,9,999999999,0.000,0.999,0,0,999,0.000,0
11,18,2019,19,0,,21.000,10.840,52.000,89238.930,0.000,1398.967,330.771,0.480,0.000,0.000,57.600,0.000,0.000,-0.000,999,0.290,8.000,99,9999,99999,9,999999999,0.000,0.999,0,0,999,0.000,0
11,18,2019,20,0,,20.030,10.970,55.000,89238.930,0.000,1398.967,326.407,0.000,0.000,0.000,0.000,0.000,0.000,-0.000,999,0.330,8.000,99,9999,99999,9,999999999,0.000,0.999,0,0,999,0.000,0
11,18,2019,21,0,,19.050,11.100,59.000,89238.930,0.000,1398.967,322.645,0.000,0.000,0.000,0.000,0.000,0.000,-0.000,999,0.260,8.000,99,9999,99999,9,999999999,0.000,0.999,0,0,999,0.000,0
11,18,2019,22,0,,18.080,11.230,64.000,89238.930,0.000,1398.967,319.471,0.000,0.000,0.000,0.000,0.000,0.000,-0.000,999,0.340,8.000,99,9999,99999,9,999999999,0.000,0.999,0,0,999,0.000,0
11,18,2019,23,0,,17.100,11.360,68.000,89238.930,0.000,1398.967,315.289,0.000,0.000,0.000,0.000,0.000,0.000,-0.000,999,0.000,8.000,99,9999,99999,9,999999999,0.000,0.999,0,0,999,0.000,0
11,18,2019,24,0,,16.130,12.490,78.000,89238.930,0.000,1398.967,314.620,0.000,0.000,0.000,0.000,0.000,0.000,-0.000,999,0.000,8.000,99,9999,99999,9,999999999,0.000,0.999,0,0,999,0.000,0
11,19,2019,1,0,,15.640,12.440,81.000,89238.930,0.000,1398.967,312.856,0.000,0.000,0.000,0.000,0.000,0.000,-0.000,999,0.000,8.000,99,9999,99999,9,999999999,0.000,0.999,0,0,999,0.000,0
11,19,2019,2,0,,15.150,12.380,83.000,89238.930,0.000,1398.967,310.500,0.000,0.000,0.000,0.000,0.000,0.000,-0.000,999,0.000,8.000,99,9999,99999,9,999999999,0.000,0.999,0,0,999,0.000,0
11,19,2019,3,0,,14.670,12.330,85.000,89238.930,0.000,1398.967,308.197,0.000,0.000,0.000,0.000,0.000,0.000,-0.000,999,0.000,8.000,99,9999,99999,9,999999999,0.000,0.999,0,0,999,0.000,0
11,19,2019,4,0,,14.180,12.280,88.000,89238.930,0.000,1399.571,306.309,0.000,0.000,0.000,0.000,0.000,0.000,-0.000,999,0.000,8.000,99,9999,99999,9,999999999,0.000,0.999,0,0,999,0.000,0
11,19,2019,5,0,,13.750,12.230,90.000,89238.930,0.000,1399.571,304.308,0.000,0.000,0.000,0.000,0.000,0.000,-0.000,999,0.000,8.000,99,9999,99999,9,999999999,0.000,0.999,0,0,999,0.000,0
11,19,2019,6,0,,13.430,12.190,92.000,89238.930,153.495,1399.571,303.051,0.000,0.000,0.000,0.000,0.000,0.000,0.000,999,0.000,8.000,99,9999,99999,9,999999999,0.000,0.999,0,0,999,0.000,0
11,19,2019,7,0,,13.100,12.160,93.000,89238.930,470.763,1399.571,301.245,102.520,0.000,102.520,12302.400,0.000,11277.200,97.239,999,0.000,8.000,99,9999,99999,9,999999999,0.000,0.999,0,0,999,0.000,0
11,19,2019,8,0,,16.560,12.540,77.000,89238.930,769.047,1399.571,317.084,282.240,43.947,258.108,33868.800,4175.011,28391.851,149.619,999,0.000,7.000,99,9999,99999,9,999999999,0.000,0.999,0,0,999,0.000,0
11,19,2019,9,0,,18.120,12.710,70.000,89238.930,1026.586,1399.571,323.875,453.490,91.760,386.201,54418.800,8717.193,42482.113,167.638,999,0.000,6.000,99,9999,99999,9,999999999,0.000,0.999,0,0,999,0.000,0
11,19,2019,10,0,,19.550,12.860,65.000,89238.930,1225.651,1399.571,330.774,596.200,192.049,428.031,71544.000,18244.660,47083.436,155.594,999,0.000,6.000,99,9999,99999,9,999999999,0.000,0.999,0,0,999,0.000,0
11,19,2019,11,0,,20.770,12.990,61.000,89238.930,1352.637,1399.571,336.700,698.690,110.650,591.753,83842.800,10511.776,65092.779,194.900,999,0.000,6.000,99,9999,99999,9,999999999,0.000,0.999,0,0,999,0.000,0
11,19,2019,12,0,,21.750,13.090,57.000,89238.930,1398.886,1399.571,340.677,753.260,127.297,626.025,90391.200,12093.219,68862.780,199.368,999,0.000,6.000,99,9999,99999,9,999999999,0.000,0.999,0,0,999,0.000,0
11,19,2019,13,0,,22.450,13.170,55.000,89238.930,1361.257,1399.571,344.150,755.980,147.601,612.422,90717.600,14022.129,67366.392,200.430,999,0.000,6.000,99,9999,99999,9,999999999,0.000,0.999,0,0,999,0.000,0
11,19,2019,14,0,,22.870,13.210,54.000,89238.930,1242.332,1399.571,346.394,706.650,260.989,475.001,84798.000,24793.918,52250.129,170.348,999,0.000,6.000,99,9999,99999,9,999999999,0.000,0.999,0,0,999,0.000,0
11,19,2019,15,0,,23.000,13.220,54.000,89238.930,1050.250,1399.571,347.372,608.860,323.911,365.850,73063.200,30771.575,40243.455,155.222,999,0.000,6.000,99,9999,99999,9,999999999,0.000,0.999,0,0,999,0.000,0
11,19,2019,16,0,,22.750,13.200,54.000,89238.930,798.160,1399.571,345.493,469.910,419.393,230.880,56389.200,39842.333,25396.823,128.945,999,0.000,6.000,99,9999,99999,9,999999999,0.000,0.999,0,0,999,0.000,0
11,19,2019,17,0,,22.080,13.130,56.000,89238.930,503.415,1399.571,342.270,301.040,445.338,141.168,36124.800,42307.064,15528.532,125.172,999,0.000,7.000,99,9999,99999,9,999999999,0.000,0.999,0,0,999,0.000,0
11,19,2019,18,0,,21.060,13.020,60.000,89238.930,187.188,1399.571,338.046,120.740,414.035,66.187,14488.800,39333.359,7280.582,159.898,999,0.000,8.000,99,9999,99999,9,999999999,0.000,0.999,0,0,999,0.000,0
11,19,2019,19,0,,20.210,12.930,62.000,89238.930,0.000,1399.571,333.359,0.550,0.000,0.000,66.000,0.000,0.000,-0.000,999,0.000,8.000,99,9999,99999,9,999999999,0.000,0.999,0,0,999,0.000,0
11,19,2019,20,0,,19.360,12.840,65.000,89238.930,0.000,1399.571,329.389,0.000,0.000,0.000,0.000,0.000,0.000,-0.000,999,0.000,8.000,99,9999,99999,9,999999999,0.000,0.999,0,0,999,0.000,0
11,19,2019,21,0,,18.510,12.750,69.000,89238.930,0.000,1399.571,326.021,0.000,0.000,0.000,0.000,0.000,0.000,-0.000,999,0.000,8.000,99,9999,99999,9,999999999,0.000,0.999,0,0,999,0.000,0
11,19,2019,22,0,,17.660,12.660,72.000,89238.930,0.000,1399.571,321.870,0.000,0.000,0.000,0.000,0.000,0.000,-0.000,999,0.000,8.000,99,9999,99999,9,999999999,0.000,0.999,0,0,999,0.000,0
11,19,2019,23,0,,16.810,12.560,76.000,89238.930,0.000,1399.571,318.269,0.000,0.000,0.000,0.000,0.000,0.000,-0.000,999,0.000,8.000,99,9999,99999,9,999999999,0.000,0.999,0,0,999,0.000,0
11,19,2019,24,0,,15.960,13.660,86.000,89238.930,0.000,1399.571,317.823,0.000,0.000,0.000,0.000,0.000,0.000,-0.000,999,0.000,8.000,99,9999,99999,9,999999999,0.000,0.999,0,0,999,0.000,0
11,20,2019,1,0,,15.530,13.590,88.000,89238.930,0.000,1399.571,315.799,0.000,0.000,0.000,0.000,0.000,0.000,-0.000,999,0.000,8.000,99,9999,99999,9,999999999,0.000,0.999,0,0,999,0.000,0
11,20,2019,2,0,,15.110,13.520,95.000,89238.930,0.000,1399.571,316.262,0.000,0.000,0.000,0.000,0.000,0.000,-0.000,999,0.000,8.000,99,9999,99999,9,999999999,0.120,0.999,0,0,999,0.120,99
11,20,2019,3,0,,14.680,13.450,97.000,89238.930,0.000,1399.571,314.138,0.000,0.000,0.000,0.000,0.000,0.000,-0.000,999,0.000,8.000,99,9999,99999,9,999999999,0.010,0.999,0,0,999,0.010,99
11,20,2019,4,0,,14.260,13.380,94.000,89238.930,0.000,1400.165,309.770,0.000,0.000,0.000,0.000,0.000,0.000,-0.000,999,0.000,8.000,99,9999,99999,9,999999999,0.000,0.999,0,0,999,0.000,0
11,20,2019,5,0,,13.880,13.320,96.000,89238.930,0.000,1400.165,308.035,0.000,0.000,0.000,0.000,0.000,0.000,-0.000,999,0.000,8.000,99,9999,99999,9,999999999,0.000,0.999,0,0,999,0.000,0
11,20,2019,6,0,,13.600,13.270,97.000,89238.930,154.294,1400.165,306.534,0.000,0.000,0.000,0.000,0.000,0.000,0.000,999,0.000,8.000,99,9999,99999,9,999999999,0.000,0.999,0,0,999,0.000,0
11,20,2019,7,0,,13.320,13.230,99.000,89238.930,471.283,1400.165,305.476,82.050,0.000,82.050,9846.000,0.000,9025.500,77.770,999,0.000,8.000,99,9999,99999,9,999999999,0.000,0.999,0,0,999,0.000,0
11,20,2019,8,0,,16.190,13.700,85.000,89238.930,769.379,1400.165,318.936,225.320,15.785,216.652,27038.400,1499.567,23831.741,125.587,999,0.000,8.000,99,9999,99999,9,999999999,0.000,0.999,0,0,999,0.000,0
11,20,2019,9,0,,17.490,13.910,79.000,89238.930,1026.843,1400.165,324.931,361.850,52.828,323.117,43422.000,5018.665,35542.886,140.280,999,0.000,8.000,99,9999,99999,9,999999999,0.000,0.999,0,0,999,0.000,0
11,20,2019,10,0,,18.680,14.100,74.000,89238.930,1225.952,1400.165,330.539,475.690,30.780,448.742,57082.800,2924.081,49361.658,163.152,999,0.000,8.000,99,9999,99999,9,999999999,0.000,0.999,0,0,999,0.000,0
11,20,2019,11,0,,19.690,14.270,70.000,89238.930,1353.098,1400.165,335.328,557.480,44.426,514.549,66897.600,4220.430,56600.355,169.487,999,0.000,7.000,99,9999,99999,9,999999999,0.000,0.999,0,0,999,0.000,0
11,20,2019,12,0,,20.510,14.390,67.000,89238.930,1399.613,1400.165,339.302,601.120,50.710,550.430,72134.400,4817.410,60547.347,175.277,999,0.000,7.000,99,9999,99999,9,999999999,0.000,0.999,0,0,999,0.000,0
11,20,2019,13,0,,21.090,14.490,65.000,89238.930,1362.336,1400.165,342.159,603.440,111.213,495.234,72412.800,10565.195,54475.728,162.018,999,0.000,7.000,99,9999,99999,9,999999999,0.000,0.999,0,0,999,0.000,0
11,20,2019,14,0,,21.440,14.540,64.000,89238.930,1243.827,1400.165,344.025,564.290,142.989,437.277,67714.800,13583.964,48100.424,156.697,999,0.000,7.000,99,9999,99999,9,999999999,0.000,0.999,0,0,999,0.000,0
11,20,2019,15,0,,21.550,14.560,69.000,89238.930,1052.194,1400.165,348.578,486.500,115.422,399.782,58380.000,10965.105,43976.065,169.378,999,0.000,8.000,99,9999,99999,9,999999999,0.050,0.999,0,0,999,0.050,99
11,20,2019,16,0,,21.350,14.530,74.000,89238.930,800.554,1400.165,350.544,375.890,150.294,290.010,45106.800,14277.972,31901.092,161.552,999,0.000,8.000,99,9999,99999,9,999999999,2.790,0.999,0,0,999,2.790,99
11,20,2019,17,0,,20.790,14.440,71.000,89238.930,506.229,1400.165,344.232,241.380,236.733,155.955,28965.600,22489.605,17155.014,137.569,999,0.000,8.000,99,9999,99999,9,999999999,0.020,0.999,0,0,999,0.020,99
11,20,2019,18,0,,19.950,14.310,69.000,89238.930,190.334,1400.165,336.561,97.620,350.089,50.716,11714.400,33258.436,5578.729,120.492,999,0.000,8.000,99,9999,99999,9,999999999,0.000,0.999,0,0,999,0.000,0
11,20,2019,19,0,,19.250,14.200,72.000,89238.930,0.000,1400.165,333.426,0.560,0.000,0.000,67.200,0.000,0.000,-0.000,999,0.000,8.000,99,9999,99999,9,999999999,0.000,0.999,0,0,999,0.000,0
11,20,2019,20,0,,18.550,14.080,74.000,89238.930,0.000,1400.165,329.588,0.000,0.000,0.000,0.000,0.000,0.000,-0.000,999,0.000,8.000,99,9999,99999,9,999999999,0.000,0.999,0,0,999,0.000,0
11,20,2019,21,0,,17.860,13.970,77.000,89238.930,0.000,1400.165,326.422,0.000,0.000,0.000,0.000,0.000,0.000,-0.000,999,0.000,8.000,99,9999,99999,9,999999999,0.000,0.999,0,0,999,0.000,0
11,20,2019,22,0,,17.160,13.860,80.000,89238.930,0.000,1400.165,323.128,0.000,0.000,0.000,0.000,0.000,0.000,-0.000,999,0.000,8.000,99,9999,99999,9,999999999,0.000,0.999,0,0,999,0.000,0
11,20,2019,23,0,,16.470,13.750,83.000,89238.930,0.000,1400.165,319.855,0.000,0.000,0.000,0.000,0.000,0.000,-0.000,999,0.000,8.000,99,9999,99999,9,999999999,0.000,0.999,0,0,999,0.000,0
11,20,2019,24,0,,15.770,13.600,85.000,89238.930,0.000,1400.165,315.940,0.000,0.000,0.000,0.000,0.000,0.000,-0.000,999,0.000,8.000,99,9999,99999,9,999999999,0.000,0.999,0,0,999,0.000,0
11,21,2019,1,0,,15.420,13.590,87.000,89238.930,0.000,1400.165,314.504,0.000,0.000,0.000,0.000,0.000,0.000,-0.000,999,0.000,8.000,99,9999,99999,9,999999999,0.000,0.999,0,0,999,0.000,0
11,21,2019,2,0,,15.070,13.570,93.000,89238.930,0.000,1400.165,315.018,0.000,0.000,0.000,0.000,0.000,0.000,-0.000,999,0.000,8.000,99,9999,99999,9,999999999,0.010,0.999,0,0,999,0.010,99
11,21,2019,3,0,,14.720,13.560,90.000,89238.930,0.000,1400.165,311.075,0.000,0.000,0.000,0.000,0.000,0.000,-0.000,999,0.000,8.000,99,9999,99999,9,999999999,0.000,0.999,0,0,999,0.000,0
11,21,2019,4,0,,14.380,13.550,92.000,89238.930,0.000,1400.749,309.661,0.000,0.000,0.000,0.000,0.000,0.000,-0.000,999,0.000,8.000,99,9999,99999,9,999999999,0.000,0.999,0,0,999,0.000,0
11,21,2019,5,0,,14.070,13.530,99.000,89238.930,0.000,1400.749,310.730,0.000,0.000,0.000,0.000,0.000,0.000,-0.000,999,0.000,8.000,99,9999,99999,9,999999999,0.010,0.999,0,0,999,0.010,99
11,21,2019,6,0,,13.840,13.530,95.000,89238.930,154.971,1400.749,307.296,0.000,0.000,0.000,0.000,0.000,0.000,0.000,999,0.000,8.000,99,9999,99999,9,999999999,0.000,0.999,0,0,999,0.000,0
11,21,2019,7,0,,13.610,13.520,97.000,89238.930,471.686,1400.749,306.604,88.340,0.000,88.340,10600.800,0.000,9717.400,83.695,999,0.000,8.000,99,9999,99999,9,999999999,0.000,0.999,0,0,999,0.000,0
11,21,2019,8,0,,16.990,13.650,79.000,89238.930,769.603,1400.749,321.325,242.090,22.104,229.954,29050.800,2099.841,25294.942,133.315,999,0.000,8.000,99,9999,99999,9,999999999,0.000,0.999,0,0,999,0.000,0
11,21,2019,9,0,,18.520,13.700,72.000,89238.930,1027.006,1400.749,328.082,388.620,69.946,337.350,46634.400,6644.838,37108.497,146.497,999,0.000,7.000,99,9999,99999,9,999999999,0.000,0.999,0,0,999,0.000,0
11,21,2019,10,0,,19.910,13.760,67.000,89238.930,1226.176,1400.749,334.855,510.840,102.943,420.735,61300.800,9779.553,46280.847,153.005,999,0.000,7.000,99,9999,99999,9,999999999,0.000,0.999,0,0,999,0.000,0
11,21,2019,11,0,,21.100,13.800,62.000,89238.930,1353.502,1400.749,339.931,598.730,58.907,541.812,71847.600,5596.120,59599.272,178.488,999,0.000,7.000,99,9999,99999,9,999999999,0.000,0.999,0,0,999,0.000,0
11,21,2019,12,0,,22.060,13.840,59.000,89238.930,1400.302,1400.749,344.681,645.710,67.527,578.204,77485.200,6415.099,63602.463,184.107,999,0.000,7.000,99,9999,99999,9,999999999,0.000,0.999,0,0,999,0.000,0
11,21,2019,13,0,,22.750,13.860,57.000,89238.930,1363.396,1400.749,348.172,648.380,78.503,571.971,77805.600,7457.830,62916.830,187.055,999,0.000,7.000,99,9999,99999,9,999999999,0.000,0.999,0,0,999,0.000,0
11,21,2019,14,0,,23.160,13.880,55.000,89238.930,1245.318,1400.749,349.493,606.560,190.664,437.065,72787.200,18113.111,48077.203,156.499,999,0.000,7.000,99,9999,99999,9,999999999,0.000,0.999,0,0,999,0.000,0
11,21,2019,15,0,,23.290,13.880,55.000,89238.930,1054.147,1400.749,350.478,523.280,153.138,408.060,62793.600,14548.139,44886.632,172.636,999,0.000,7.000,99,9999,99999,9,999999999,0.000,0.999,0,0,999,0.000,0
11,21,2019,16,0,,23.060,13.870,56.000,89238.930,802.967,1400.749,349.635,404.740,197.212,291.757,48568.800,18735.186,32093.310,162.104,999,0.000,7.000,99,9999,99999,9,999999999,0.000,0.999,0,0,999,0.000,0
11,21,2019,17,0,,22.410,13.850,58.000,89238.930,509.065,1400.749,346.469,260.530,303.475,150.450,31263.600,28830.166,16549.534,132.026,999,0.000,8.000,99,9999,99999,9,999999999,0.000,0.999,0,0,999,0.000,0
11,21,2019,18,0,,21.420,13.810,66.000,89238.930,193.502,1400.749,345.390,106.240,352.170,58.270,12748.800,33456.175,6409.735,136.171,999,0.000,8.000,99,9999,99999,9,999999999,0.030,0.999,0,0,999,0.030,99
11,21,2019,19,0,,20.700,13.790,68.000,89238.930,0.000,1400.749,341.441,0.740,0.000,0.000,88.800,0.000,0.000,-0.000,999,0.000,8.000,99,9999,99999,9,999999999,0.160,0.999,0,0,999,0.160,99
11,21,2019,20,0,,19.980,13.760,71.000,89238.930,0.000,1400.749,338.161,0.000,0.000,0.000,0.000,0.000,0.000,-0.000,999,0.000,8.000,99,9999,99999,9,999999999,0.050,0.999,0,0,999,0.050,99
11,21,2019,21,0,,19.260,13.730,74.000,89238.930,0.000,1400.749,334.808,0.000,0.000,0.000,0.000,0.000,0.000,-0.000,999,0.000,8.000,99,9999,99999,9,999999999,0.090,0.999,0,0,999,0.090,99
11,21,2019,22,0,,18.540,13.700,77.000,89238.930,0.000,1400.749,331.391,0.000,0.000,0.000,0.000,0.000,0.000,-0.000,999,0.000,8.000,99,9999,99999,9,999999999,0.330,0.999,0,0,999,0.330,99
11,21,2019,23,0,,17.820,13.680,89.000,89238.930,0.000,1400.749,332.950,0.000,0.000,0.000,0.000,0.000,0.000,-0.000,999,0.000,8.000,99,9999,99999,9,999999999,6.320,0.999,0,0,999,6.320,99
11,21,2019,24,0,,17.100,14.130,82.000,89238.930,0.000,1400.749,323.835,0.000,0.000,0.000,0.000,0.000,0.000,-0.000,999,0.000,8.000,99,9999,99999,9,999999999,0.000,0.999,0,0,999,0.000,0
11,22,2019,1,0,,16.740,14.230,85.000,89238.930,0.000,1400.749,322.892,0.000,0.000,0.000,0.000,0.000,0.000,-0.000,999,0.000,8.000,99,9999,99999,9,999999999,0.000,0.999,0,0,999,0.000,0
11,22,2019,2,0,,16.380,14.340,87.000,89238.930,0.000,1400.749,321.364,0.000,0.000,0.000,0.000,0.000,0.000,-0.000,999,0.000,8.000,99,9999,99999,9,999999999,0.000,0.999,0,0,999,0.000,0
11,22,2019,3,0,,16.020,14.440,90.000,89238.930,0.000,1400.749,320.326,0.000,0.000,0.000,0.000,0.000,0.000,-0.000,999,0.000,8.000,99,9999,99999,9,999999999,0.000,0.999,0,0,999,0.000,0
11,22,2019,4,0,,15.660,14.550,93.000,89238.930,0.000,1401.323,319.235,0.000,0.000,0.000,0.000,0.000,0.000,-0.000,999,0.000,8.000,99,9999,99999,9,999999999,0.000,0.999,0,0,999,0.000,0
11,22,2019,5,0,,15.340,14.640,95.000,89238.930,0.000,1401.323,317.907,0.000,0.000,0.000,0.000,0.000,0.000,-0.000,999,0.000,8.000,99,9999,99999,9,999999999,0.000,0.999,0,0,999,0.000,0
11,22,2019,6,0,,15.100,14.710,97.000,89238.930,155.527,1401.323,317.133,0.000,0.000,0.000,0.000,0.000,0.000,0.000,999,0.000,8.000,99,9999,99999,9,999999999,0.000,0.999,0,0,999,0.000,0
11,22,2019,7,0,,14.870,14.770,99.000,89238.930,471.971,1401.323,316.411,95.210,0.000,95.210,11425.200,0.000,10473.100,90.186,999,0.000,8.000,99,9999,99999,9,999999999,0.000,0.999,0,0,999,0.000,0
11,22,2019,8,0,,17.910,13.890,77.000,89238.930,769.720,1401.323,326.786,302.670,81.599,257.880,36320.400,7751.883,28366.767,149.543,999,0.000,6.000,99,9999,99999,9,999999999,0.000,0.999,0,0,999,0.000,0
11,22,2019,9,0,,19.410,13.430,68.000,89238.930,1027.077,1401.323,331.886,494.130,129.483,399.252,59295.600,12300.848,43917.701,173.437,999,0.000,5.000,99,9999,99999,9,999999999,0.000,0.999,0,0,999,0.000,0
11,22,2019,10,0,,20.800,13.000,60.000,89238.930,1226.326,1401.323,336.127,661.460,208.474,479.036,79375.200,19805.054,52693.998,174.257,999,0.000,5.000,99,9999,99999,9,999999999,0.000,0.999,0,0,999,0.000,0
11,22,2019,11,0,,22.100,12.580,54.000,89238.930,1353.850,1401.323,340.645,814.700,316.057,509.356,97764.000,30025.415,56029.212,167.822,999,0.000,4.000,99,9999,99999,9,999999999,0.000,0.999,0,0,999,0.000,0
11,22,2019,12,0,,23.070,12.260,50.000,89238.930,1400.954,1401.323,344.095,851.620,315.092,536.611,102194.400,29933.782,59027.155,170.853,999,0.000,4.000,99,9999,99999,9,999999999,0.000,0.999,0,0,999,0.000,0
11,22,2019,13,0,,23.910,11.980,47.000,89238.930,1364.437,1401.323,347.319,923.020,428.227,506.072,110762.400,40681.547,55667.881,165.445,999,0.000,2.000,99,9999,99999,9,999999999,0.000,0.999,0,0,999,0.000,0
11,22,2019,14,0,,24.470,11.790,45.000,89238.930,1246.807,1401.323,349.359,885.770,549.071,397.280,106292.400,52161.755,43700.766,142.141,999,0.000,2.000,99,9999,99999,9,999999999,0.000,0.999,0,0,999,0.000,0
11,22,2019,15,0,,24.780,11.690,43.000,89238.930,1056.109,1401.323,349.419,808.380,870.019,152.836,97005.600,82651.784,16811.917,64.566,999,0.000,0.000,99,9999,99999,9,999999999,0.000,0.999,0,0,999,0.000,0
11,22,2019,16,0,,24.520,11.780,44.000,89238.930,805.397,1401.323,348.614,551.100,706.216,145.450,66132.000,67090.544,15999.486,80.603,999,0.000,4.000,99,9999,99999,9,999999999,0.000,0.999,0,0,999,0.000,0
11,22,2019,17,0,,23.850,12.000,47.000,89238.930,511.923,1401.323,346.870,353.070,686.732,102.670,42368.400,65239.561,11293.738,89.629,999,0.000,6.000,99,9999,99999,9,999999999,0.000,0.999,0,0,999,0.000,0
11,22,2019,18,0,,22.840,12.340,51.000,89238.930,196.690,1401.323,343.353,148.230,401.735,92.607,17787.600,38164.834,10186.728,212.899,999,0.000,7.000,99,9999,99999,9,999999999,0.000,0.999,0,0,999,0.000,0
11,22,2019,19,0,,21.700,12.710,56.000,89238.930,0.000,1401.323,339.446,1.250,0.000,0.000,150.000,0.000,0.000,-0.000,999,0.000,7.000,99,9999,99999,9,999999999,0.000,0.999,0,0,999,0.000,0
11,22,2019,20,0,,20.550,13.070,62.000,89238.930,0.000,1401.323,335.858,0.000,0.000,0.000,0.000,0.000,0.000,-0.000,999,0.000,7.000,99,9999,99999,9,999999999,0.000,0.999,0,0,999,0.000,0
11,22,2019,21,0,,19.410,13.430,68.000,89238.930,0.000,1401.323,331.886,0.000,0.000,0.000,0.000,0.000,0.000,-0.000,999,0.000,7.000,99,9999,99999,9,999999999,0.000,0.999,0,0,999,0.000,0
11,22,2019,22,0,,18.270,13.780,75.000,89238.930,0.000,1401.323,328.175,0.000,0.000,0.000,0.000,0.000,0.000,-0.000,999,0.000,7.000,99,9999,99999,9,999999999,0.000,0.999,0,0,999,0.000,0
11,22,2019,23,0,,17.120,14.120,82.000,89238.930,0.000,1401.323,323.980,0.000,0.000,0.000,0.000,0.000,0.000,-0.000,999,0.000,7.000,99,9999,99999,9,999999999,0.000,0.999,0,0,999,0.000,0
11,22,2019,24,0,,15.980,12.280,78.000,89238.930,0.000,1401.323,313.562,0.000,0.000,0.000,0.000,0.000,0.000,-0.000,999,0.000,7.000,99,9999,99999,9,999999999,0.000,0.999,0,0,999,0.000,0
11,23,2019,1,0,,15.400,12.120,80.000,89238.930,0.000,1401.323,310.617,0.000,0.000,0.000,0.000,0.000,0.000,-0.000,999,0.000,8.000,99,9999,99999,9,999999999,0.000,0.999,0,0,999,0.000,0
11,23,2019,2,0,,14.830,11.970,92.000,89238.930,0.000,1401.323,312.831,0.000,0.000,0.000,0.000,0.000,0.000,-0.000,999,0.000,8.000,99,9999,99999,9,999999999,2.790,0.999,0,0,999,2.790,99
11,23,2019,3,0,,14.260,11.820,90.000,89238.930,0.000,1401.323,307.852,0.000,0.000,0.000,0.000,0.000,0.000,-0.000,999,0.000,8.000,99,9999,99999,9,999999999,0.120,0.999,0,0,999,0.120,99
11,23,2019,4,0,,13.690,11.670,87.000,89238.930,0.000,1401.886,302.425,0.000,0.000,0.000,0.000,0.000,0.000,-0.000,999,0.000,8.000,99,9999,99999,9,999999999,0.000,0.999,0,0,999,0.000,0
11,23,2019,5,0,,13.180,11.530,89.000,89238.930,0.000,1401.886,299.906,0.000,0.000,0.000,0.000,0.000,0.000,-0.000,999,0.000,8.000,99,9999,99999,9,999999999,0.000,0.999,0,0,999,0.000,0
11,23,2019,6,0,,12.800,11.430,91.000,89238.930,155.961,1401.886,298.261,0.000,0.000,0.000,0.000,0.000,0.000,0.000,999,0.000,8.000,99,9999,99999,9,999999999,0.000,0.999,0,0,999,0.000,0
11,23,2019,7,0,,12.420,11.330,93.000,89238.930,472.140,1401.886,296.600,81.300,0.000,81.300,9756.000,0.000,8943.000,77.014,999,0.000,8.000,99,9999,99999,9,999999999,0.000,0.999,0,0,999,0.000,0
11,23,2019,8,0,,15.630,12.180,79.000,89238.930,769.733,1401.886,311.670,222.140,14.724,214.061,26656.800,1398.784,23546.706,124.181,999,0.000,8.000,99,9999,99999,9,999999999,0.000,0.999,0,0,999,0.000,0
11,23,2019,9,0,,16.090,12.300,78.000,89238.930,1027.058,1401.886,314.338,217.340,7.877,211.570,26080.800,748.350,23272.733,91.946,999,0.000,8.000,99,9999,99999,9,999999999,0.000,0.999,0,0,999,0.000,0
11,23,2019,10,0,,17.250,12.600,74.000,89238.930,1226.403,1401.886,320.192,393.620,14.384,381.038,47234.400,1366.462,41914.162,138.655,999,0.000,8.000,99,9999,99999,9,999999999,0.000,0.999,0,0,999,0.000,0
11,23,2019,11,0,,18.610,12.940,69.000,89238.930,1354.144,1401.886,326.744,549.300,66.362,485.200,65916.000,6304.343,53371.983,159.892,999,0.000,8.000,99,9999,99999,9,999999999,0.000,0.999,0,0,999,0.000,0
11,23,2019,12,0,,19.670,13.210,66.000,89238.930,1401.571,1401.886,332.374,592.650,90.256,502.414,71118.000,8574.328,55265.565,159.959,999,0.000,8.000,99,9999,99999,9,999999999,0.000,0.999,0,0,999,0.000,0
11,23,2019,13,0,,20.430,13.390,63.000,89238.930,1365.460,1401.886,335.741,595.450,104.479,493.687,71454.000,9925.513,54305.595,161.340,999,0.000,8.000,99,9999,99999,9,999999999,0.000,0.999,0,0,999,0.000,0
11,23,2019,14,0,,20.900,13.510,62.000,89238.930,1248.292,1401.886,338.446,557.520,134.094,438.127,66902.400,12738.955,48193.921,156.632,999,0.000,8.000,99,9999,99999,9,999999999,0.000,0.999,0,0,999,0.000,0
11,23,2019,15,0,,21.090,13.550,62.000,89238.930,1058.080,1401.886,339.857,481.590,108.073,400.039,57790.800,10266.955,44004.324,168.750,999,0.000,8.000,99,9999,99999,9,999999999,0.000,0.999,0,0,999,0.000,0
11,23,2019,16,0,,20.960,13.520,62.000,89238.930,807.844,1401.886,338.891,373.330,134.351,295.955,44799.600,12763.365,32555.055,163.575,999,0.000,8.000,99,9999,99999,9,999999999,0.000,0.999,0,0,999,0.000,0
11,23,2019,17,0,,20.420,13.390,64.000,89238.930,514.799,1401.886,336.423,241.460,221.004,160.455,28975.200,20995.334,17650.001,139.344,999,0.000,8.000,99,9999,99999,9,999999999,0.000,0.999,0,0,999,0.000,0
11,23,2019,18,0,,19.550,13.180,71.000,89238.930,199.896,1401.886,334.972,100.080,327.641,53.976,12009.600,31125.860,5937.346,122.098,999,0.000,8.000,99,9999,99999,9,999999999,0.020,0.999,0,0,999,0.020,99
11,23,2019,19,0,,18.690,12.960,74.000,89238.930,0.000,1401.886,330.612,1.010,0.000,0.000,121.200,0.000,0.000,-0.000,999,0.000,8.000,99,9999,99999,9,999999999,0.010,0.999,0,0,999,0.010,99
11,23,2019,20,0,,17.840,12.750,72.000,89238.930,0.000,1401.886,323.163,0.000,0.000,0.000,0.000,0.000,0.000,-0.000,999,0.000,8.000,99,9999,99999,9,999999999,0.000,0.999,0,0,999,0.000,0
11,23,2019,21,0,,16.990,12.540,75.000,89238.930,0.000,1401.886,318.948,0.000,0.000,0.000,0.000,0.000,0.000,-0.000,999,0.000,8.000,99,9999,99999,9,999999999,0.000,0.999,0,0,999,0.000,0
11,23,2019,22,0,,16.140,12.320,83.000,89238.930,0.000,1401.886,317.496,0.000,0.000,0.000,0.000,0.000,0.000,-0.000,999,0.000,8.000,99,9999,99999,9,999999999,0.050,0.999,0,0,999,0.050,99
11,23,2019,23,0,,15.280,12.090,81.000,89238.930,0.000,1401.886,310.328,0.000,0.000,0.000,0.000,0.000,0.000,-0.000,999,0.000,8.000,99,9999,99999,9,999999999,0.000,0.999,0,0,999,0.000,0
11,23,2019,24,0,,14.430,10.430,76.000,89238.930,0.000,1401.886,301.665,0.000,0.000,0.000,0.000,0.000,0.000,-0.000,999,0.000,8.000,99,9999,99999,9,999999999,0.000,0.999,0,0,999,0.000,0
11,24,2019,1,0,,14.010,10.380,78.000,89238.930,0.000,1401.886,299.917,0.000,0.000,0.000,0.000,0.000,0.000,-0.000,999,0.000,8.000,99,9999,99999,9,999999999,0.000,0.999,0,0,999,0.000,0
11,24,2019,2,0,,13.580,10.330,80.000,89238.930,0.000,1401.886,298.076,0.000,0.000,0.000,0.000,0.000,0.000,-0.000,999,0.000,8.000,99,9999,99999,9,999999999,0.000,0.999,0,0,999,0.000,0
11,24,2019,3,0,,13.150,10.280,82.000,89238.930,0.000,1401.886,296.214,0.000,0.000,0.000,0.000,0.000,0.000,-0.000,999,0.000,8.000,99,9999,99999,9,999999999,0.000,0.999,0,0,999,0.000,0
11,24,2019,4,0,,12.730,10.230,84.000,89238.930,0.000,1402.439,294.399,0.000,0.000,0.000,0.000,0.000,0.000,-0.000,999,0.000,8.000,99,9999,99999,9,999999999,0.000,0.999,0,0,999,0.000,0
11,24,2019,5,0,,12.350,10.190,86.000,89238.930,0.000,1402.439,292.833,0.000,0.000,0.000,0.000,0.000,0.000,-0.000,999,0.000,8.000,99,9999,99999,9,999999999,0.000,0.999,0,0,999,0.000,0
11,24,2019,6,0,,12.070,10.160,88.000,89238.930,156.275,1402.439,291.918,0.000,0.000,0.000,0.000,0.000,0.000,0.000,999,0.000,8.000,99,9999,99999,9,999999999,0.000,0.999,0,0,999,0.000,0
11,24,2019,7,0,,11.790,10.130,89.000,89238.930,472.194,1402.439,290.516,106.190,0.000,106.190,12742.800,0.000,11680.900,100.619,999,0.000,8.000,99,9999,99999,9,999999999,0.000,0.999,0,0,999,0.000,0
11,24,2019,8,0,,15.290,10.520,73.000,89238.930,769.641,1402.439,305.821,289.870,65.383,254.013,34784.400,6211.425,27941.403,147.434,999,0.000,7.000,99,9999,99999,9,999999999,0.000,0.999,0,0,999,0.000,0
11,24,2019,9,0,,16.860,10.700,67.000,89238.930,1026.949,1402.439,312.939,465.070,94.918,395.583,55808.400,9017.231,43514.115,172.002,999,0.000,6.000,99,9999,99999,9,999999999,0.000,0.999,0,0,999,0.000,0
11,24,2019,10,0,,18.300,10.860,61.000,89238.930,1226.408,1402.439,318.842,611.420,141.433,487.751,73370.400,13436.093,53652.601,177.556,999,0.000,6.000,99,9999,99999,9,999999999,0.000,0.999,0,0,999,0.000,0
11,24,2019,11,0,,19.530,10.990,57.000,89238.930,1354.384,1402.439,324.482,716.920,122.556,598.566,86030.400,11642.844,65842.218,197.294,999,0.000,5.000,99,9999,99999,9,999999999,0.000,0.999,0,0,999,0.000,0
11,24,2019,12,0,,20.520,11.100,54.000,89238.930,1402.153,1402.439,329.078,773.680,140.824,632.884,92841.600,13378.308,69617.284,201.494,999,0.000,5.000,99,9999,99999,9,999999999,0.000,0.999,0,0,999,0.000,0
11,24,2019,13,0,,21.240,11.180,52.000,89238.930,1366.467,1402.439,332.513,777.580,262.634,521.687,93309.600,24950.201,57385.539,170.432,999,0.000,5.000,99,9999,99999,9,999999999,0.000,0.999,0,0,999,0.000,0
11,24,2019,14,0,,21.670,11.220,51.000,89238.930,1249.776,1402.439,334.722,728.360,286.719,472.872,87403.200,27238.264,52015.891,168.919,999,0.000,5.000,99,9999,99999,9,999999999,0.000,0.999,0,0,999,0.000,0
11,24,2019,15,0,,21.810,11.240,51.000,89238.930,1060.061,1402.439,335.746,629.590,353.538,362.420,75550.800,33586.128,39866.211,152.655,999,0.000,6.000,99,9999,99999,9,999999999,0.000,0.999,0,0,999,0.000,0
11,24,2019,16,0,,21.570,11.210,51.000,89238.930,810.307,1402.439,333.992,488.610,420.689,245.685,58633.200,39965.482,27025.304,135.431,999,0.000,6.000,99,9999,99999,9,999999999,0.000,0.999,0,0,999,0.000,0
11,24,2019,17,0,,20.910,11.140,53.000,89238.930,517.693,1402.439,331.019,316.770,457.505,148.199,38012.400,43462.961,16301.839,128.028,999,0.000,7.000,99,9999,99999,9,999999999,0.000,0.999,0,0,999,0.000,0
11,24,2019,18,0,,19.900,11.030,56.000,89238.930,203.117,1402.439,326.313,132.350,425.753,71.475,15882.000,40446.497,7862.202,159.117,999,0.000,8.000,99,9999,99999,9,999999999,0.000,0.999,0,0,999,0.000,0
11,24,2019,19,0,,19.160,10.950,58.000,89238.930,0.000,1402.439,322.642,1.580,0.000,0.000,189.600,0.000,0.000,-0.000,999,0.000,8.000,99,9999,99999,9,999999999,0.000,0.999,0,0,999,0.000,0
11,24,2019,20,0,,18.420,10.870,61.000,89238.930,0.000,1402.439,319.693,0.000,0.000,0.000,0.000,0.000,0.000,-0.000,999,0.000,8.000,99,9999,99999,9,999999999,0.000,0.999,0,0,999,0.000,0
11,24,2019,21,0,,17.680,10.790,64.000,89238.930,0.000,1402.439,316.641,0.000,0.000,0.000,0.000,0.000,0.000,-0.000,999,0.000,8.000,99,9999,99999,9,999999999,0.000,0.999,0,0,999,0.000,0
11,24,2019,22,0,,16.940,10.710,66.000,89238.930,0.000,1402.439,312.827,0.000,0.000,0.000,0.000,0.000,0.000,-0.000,999,0.000,8.000,99,9999,99999,9,999999999,0.000,0.999,0,0,999,0.000,0
11,24,2019,23,0,,16.200,10.630,69.000,89238.930,0.000,1402.439,309.644,0.000,0.000,0.000,0.000,0.000,0.000,-0.000,999,0.000,8.000,99,9999,99999,9,999999999,0.000,0.999,0,0,999,0.000,0
11,24,2019,24,0,,15.460,12.090,80.000,89238.930,0.000,1402.439,311.038,0.000,0.000,0.000,0.000,0.000,0.000,-0.000,999,0.000,8.000,99,9999,99999,9,999999999,0.000,0.999,0,0,999,0.000,0
11,25,2019,1,0,,15.090,12.100,82.000,89238.930,0.000,1402.439,309.543,0.000,0.000,0.000,0.000,0.000,0.000,-0.000,999,0.000,8.000,99,9999,99999,9,999999999,0.000,0.999,0,0,999,0.000,0
11,25,2019,2,0,,14.720,12.110,84.000,89238.930,0.000,1402.439,308.025,0.000,0.000,0.000,0.000,0.000,0.000,-0.000,999,0.000,8.000,99,9999,99999,9,999999999,0.000,0.999,0,0,999,0.000,0
11,25,2019,3,0,,14.360,12.120,86.000,89238.930,0.000,1402.439,306.553,0.000,0.000,0.000,0.000,0.000,0.000,-0.000,999,0.000,8.000,99,9999,99999,9,999999999,0.000,0.999,0,0,999,0.000,0
11,25,2019,4,0,,13.990,12.130,88.000,89238.930,0.000,1402.980,304.991,0.000,0.000,0.000,0.000,0.000,0.000,-0.000,999,0.000,8.000,99,9999,99999,9,999999999,0.000,0.999,0,0,999,0.000,0
11,25,2019,5,0,,13.660,12.140,90.000,89238.930,0.000,1402.980,303.686,0.000,0.000,0.000,0.000,0.000,0.000,-0.000,999,0.000,8.000,99,9999,99999,9,999999999,0.000,0.999,0,0,999,0.000,0
11,25,2019,6,0,,13.410,12.150,92.000,89238.930,156.470,1402.980,302.913,0.000,0.000,0.000,0.000,0.000,0.000,0.000,999,0.000,8.000,99,9999,99999,9,999999999,0.000,0.999,0,0,999,0.000,0
11,25,2019,7,0,,13.170,12.160,93.000,89238.930,472.134,1402.980,301.726,112.550,0.000,112.550,13506.000,0.000,12380.500,106.701,999,0.000,8.000,99,9999,99999,9,999999999,0.000,0.999,0,0,999,0.000,0
11,25,2019,8,0,,15.720,12.080,78.000,89238.930,769.448,1402.980,311.734,235.480,19.495,224.796,28257.600,1852.020,24727.506,130.559,999,0.000,8.000,99,9999,99999,9,999999999,0.000,0.999,0,0,999,0.000,0
11,25,2019,9,0,,17.370,12.030,70.000,89238.930,1026.754,1402.980,318.512,512.610,169.663,388.476,61513.200,16118.010,42732.321,169.009,999,0.000,5.000,99,9999,99999,9,999999999,0.000,0.999,0,0,999,0.000,0
11,25,2019,10,0,,18.550,12.000,65.000,89238.930,1226.343,1402.980,323.538,609.350,150.366,477.927,73122.000,14284.810,52571.954,174.057,999,0.000,6.000,99,9999,99999,9,999999999,0.000,0.999,0,0,999,0.000,0
11,25,2019,11,0,,19.750,11.960,60.000,89238.930,1354.573,1402.980,328.458,777.600,257.632,528.863,93312.000,24475.012,58174.887,174.362,999,0.000,4.000,99,9999,99999,9,999999999,0.000,0.999,0,0,999,0.000,0
11,25,2019,12,0,,20.580,11.940,57.000,89238.930,1402.702,1402.980,332.066,790.750,290.476,500.332,94890.000,27595.213,55036.491,159.292,999,0.000,5.000,99,9999,99999,9,999999999,0.000,0.999,0,0,999,0.000,0
11,25,2019,13,0,,21.140,11.920,55.000,89238.930,1367.456,1402.980,334.456,774.250,340.090,442.776,92910.000,32308.554,48705.384,144.604,999,0.000,5.000,99,9999,99999,9,999999999,0.000,0.999,0,0,999,0.000,0
11,25,2019,14,0,,21.750,11.900,53.000,89238.930,1251.257,1402.980,337.154,880.530,500.918,433.817,105663.600,47587.236,47719.838,154.844,999,0.000,2.000,99,9999,99999,9,999999999,0.000,0.999,0,0,999,0.000,0
11,25,2019,15,0,,22.080,11.890,52.000,89238.930,1062.049,1402.980,338.665,787.640,784.254,194.093,94516.800,74504.159,21350.254,81.632,999,0.000,1.000,99,9999,99999,9,999999999,0.000,0.999,0,0,999,0.000,0
11,25,2019,16,0,,21.910,11.900,52.000,89238.930,812.784,1402.980,337.413,542.590,651.617,165.310,65110.800,61903.576,18184.131,90.882,999,0.000,5.000,99,9999,99999,9,999999999,0.000,0.999,0,0,999,0.000,0
11,25,2019,17,0,,21.250,11.920,55.000,89238.930,520.604,1402.980,335.261,307.840,425.279,150.319,36940.800,40401.502,16535.083,129.181,999,0.000,7.000,99,9999,99999,9,999999999,0.000,0.999,0,0,999,0.000,0
11,25,2019,18,0,,20.370,11.940,58.000,89238.930,206.352,1402.980,331.361,153.690,383.702,97.954,18442.800,36451.686,10774.923,214.649,999,0.000,7.000,99,9999,99999,9,999999999,0.000,0.999,0,0,999,0.000,0
11,25,2019,19,0,,19.690,11.960,60.000,89238.930,0.000,1402.980,328.024,1.990,0.000,0.000,238.800,0.000,0.000,-0.000,999,0.000,7.000,99,9999,99999,9,999999999,0.000,0.999,0,0,999,0.000,0
11,25,2019,20,0,,19.010,11.980,63.000,89238.930,0.000,1402.980,325.395,0.000,0.000,0.000,0.000,0.000,0.000,-0.000,999,0.000,7.000,99,9999,99999,9,999999999,0.000,0.999,0,0,999,0.000,0
11,25,2019,21,0,,18.320,12.010,66.000,89238.930,0.000,1402.980,322.594,0.000,0.000,0.000,0.000,0.000,0.000,-0.000,999,0.000,7.000,99,9999,99999,9,999999999,0.000,0.999,0,0,999,0.000,0
11,25,2019,22,0,,17.640,12.030,69.000,89238.930,0.000,1402.980,319.777,0.000,0.000,0.000,0.000,0.000,0.000,-0.000,999,0.000,7.000,99,9999,99999,9,999999999,0.000,0.999,0,0,999,0.000,0
11,25,2019,23,0,,16.960,12.050,72.000,89238.930,0.000,1402.980,316.881,0.000,0.000,0.000,0.000,0.000,0.000,-0.000,999,0.000,7.000,99,9999,99999,9,999999999,0.000,0.999,0,0,999,0.000,0
11,25,2019,24,0,,16.270,13.730,84.000,89238.930,0.000,1402.980,318.969,0.000,0.000,0.000,0.000,0.000,0.000,-0.000,999,0.000,7.000,99,9999,99999,9,999999999,0.000,0.999,0,0,999,0.000,0
11,26,2019,1,0,,15.930,13.790,87.000,89238.930,0.000,1402.980,318.134,0.000,0.000,0.000,0.000,0.000,0.000,-0.000,999,0.000,8.000,99,9999,99999,9,999999999,0.000,0.999,0,0,999,0.000,0
11,26,2019,2,0,,15.590,13.840,89.000,89238.930,0.000,1402.980,316.737,0.000,0.000,0.000,0.000,0.000,0.000,-0.000,999,0.000,8.000,99,9999,99999,9,999999999,0.000,0.999,0,0,999,0.000,0
11,26,2019,3,0,,15.250,13.890,91.000,89238.930,0.000,1402.980,315.319,0.000,0.000,0.000,0.000,0.000,0.000,-0.000,999,0.000,8.000,99,9999,99999,9,999999999,0.000,0.999,0,0,999,0.000,0
11,26,2019,4,0,,14.910,13.950,93.000,89238.930,0.000,1403.511,313.881,0.000,0.000,0.000,0.000,0.000,0.000,-0.000,999,0.000,8.000,99,9999,99999,9,999999999,0.000,0.999,0,0,999,0.000,0
11,26,2019,5,0,,14.600,13.990,96.000,89238.930,0.000,1403.511,313.106,0.000,0.000,0.000,0.000,0.000,0.000,-0.000,999,0.000,8.000,99,9999,99999,9,999999999,0.000,0.999,0,0,999,0.000,0
11,26,2019,6,0,,14.380,14.030,97.000,89238.930,156.545,1403.511,312.011,0.000,0.000,0.000,0.000,0.000,0.000,0.000,999,0.000,8.000,99,9999,99999,9,999999999,0.000,0.999,0,0,999,0.000,0
11,26,2019,7,0,,14.150,14.060,99.000,89238.930,471.962,1403.511,311.295,104.310,0.000,104.310,12517.200,0.000,11474.100,98.963,999,0.000,8.000,99,9999,99999,9,999999999,0.000,0.999,0,0,999,0.000,0
11,26,2019,8,0,,17.010,13.620,80.000,89238.930,769.153,1403.511,322.047,284.500,45.678,259.485,34140.000,4339.387,28543.319,150.821,999,0.000,7.000,99,9999,99999,9,999999999,0.000,0.999,0,0,999,0.000,0
11,26,2019,9,0,,18.290,13.420,73.000,89238.930,1026.473,1403.511,327.055,456.520,94.805,387.201,54782.400,9006.506,42592.087,168.564,999,0.000,6.000,99,9999,99999,9,999999999,0.000,0.999,0,0,999,0.000,0
11,26,2019,10,0,,19.460,13.230,67.000,89238.930,1226.210,1403.511,331.550,600.370,198.143,427.274,72044.400,18823.570,47000.099,155.685,999,0.000,6.000,99,9999,99999,9,999999999,0.000,0.999,0,0,999,0.000,0
11,26,2019,11,0,,20.470,13.070,62.000,89238.930,1354.713,1403.511,335.269,704.260,114.022,594.205,84511.200,10832.101,65362.509,195.958,999,0.000,6.000,99,9999,99999,9,999999999,0.000,0.999,0,0,999,0.000,0
11,26,2019,12,0,,21.280,12.930,58.000,89238.930,1403.219,1403.511,338.037,760.410,130.968,629.469,91249.200,12442.000,69241.572,200.408,999,0.000,6.000,99,9999,99999,9,999999999,0.000,0.999,0,0,999,0.000,0
11,26,2019,13,0,,21.870,12.840,56.000,89238.930,1368.430,1403.511,340.707,764.760,151.504,617.045,91771.200,14392.892,67874.942,201.450,999,0.000,6.000,99,9999,99999,9,999999999,0.000,0.999,0,0,999,0.000,0
11,26,2019,14,0,,22.220,12.780,55.000,89238.930,1252.735,1403.511,342.432,717.020,267.039,478.686,86042.400,25368.681,52655.506,170.722,999,0.000,6.000,99,9999,99999,9,999999999,0.000,0.999,0,0,999,0.000,0
11,26,2019,15,0,,22.330,12.760,54.000,89238.930,1064.045,1403.511,342.354,620.620,329.883,370.579,74474.400,31338.919,40763.743,155.626,999,0.000,6.000,99,9999,99999,9,999999999,0.000,0.999,0,0,999,0.000,0
11,26,2019,16,0,,22.150,12.790,55.000,89238.930,815.274,1403.511,341.911,482.760,397.376,252.064,57931.200,37750.734,27727.079,138.205,999,0.000,6.000,99,9999,99999,9,999999999,0.000,0.999,0,0,999,0.000,0
11,26,2019,17,0,,21.620,12.880,57.000,89238.930,523.528,1403.511,339.712,314.470,444.714,148.884,37736.400,42247.835,16377.250,127.279,999,0.000,7.000,99,9999,99999,9,999999999,0.000,0.999,0,0,999,0.000,0
11,26,2019,18,0,,20.790,13.010,61.000,89238.930,209.597,1403.511,336.847,133.480,432.431,69.678,16017.600,41080.974,7664.632,150.326,999,0.000,8.000,99,9999,99999,9,999999999,0.000,0.999,0,0,999,0.000,0
11,26,2019,19,0,,20.060,13.130,64.000,89238.930,0.000,1403.511,333.771,2.160,0.000,0.000,259.200,0.000,0.000,-0.000,999,0.000,8.000,99,9999,99999,9,999999999,0.000,0.999,0,0,999,0.000,0
11,26,2019,20,0,,19.330,13.250,67.000,89238.930,0.000,1403.511,330.599,0.000,0.000,0.000,0.000,0.000,0.000,-0.000,999,0.000,8.000,99,9999,99999,9,999999999,0.000,0.999,0,0,999,0.000,0
11,26,2019,21,0,,18.600,13.370,71.000,89238.930,0.000,1403.511,328.008,0.000,0.000,0.000,0.000,0.000,0.000,-0.000,999,0.000,8.000,99,9999,99999,9,999999999,0.000,0.999,0,0,999,0.000,0
11,26,2019,22,0,,17.870,13.480,75.000,89238.930,0.000,1403.511,325.270,0.000,0.000,0.000,0.000,0.000,0.000,-0.000,999,0.000,8.000,99,9999,99999,9,999999999,0.000,0.999,0,0,999,0.000,0
11,26,2019,23,0,,17.140,13.600,79.000,89238.930,0.000,1403.511,322.403,0.000,0.000,0.000,0.000,0.000,0.000,-0.000,999,0.000,8.000,99,9999,99999,9,999999999,0.000,0.999,0,0,999,0.000,0
11,26,2019,24,0,,16.410,14.140,86.000,89238.930,0.000,1403.511,321.050,0.000,0.000,0.000,0.000,0.000,0.000,-0.000,999,0.000,8.000,99,9999,99999,9,999999999,0.000,0.999,0,0,999,0.000,0
11,27,2019,1,0,,16.040,14.120,88.000,89238.930,0.000,1403.511,319.443,0.000,0.000,0.000,0.000,0.000,0.000,-0.000,999,0.000,7.000,99,9999,99999,9,999999999,0.000,0.999,0,0,999,0.000,0
11,27,2019,2,0,,15.680,14.110,90.000,89238.930,0.000,1403.511,317.886,0.000,0.000,0.000,0.000,0.000,0.000,-0.000,999,0.000,7.000,99,9999,99999,9,999999999,0.000,0.999,0,0,999,0.000,0
11,27,2019,3,0,,15.310,14.090,92.000,89238.930,0.000,1403.511,316.239,0.000,0.000,0.000,0.000,0.000,0.000,-0.000,999,0.000,7.000,99,9999,99999,9,999999999,0.000,0.999,0,0,999,0.000,0
11,27,2019,4,0,,14.940,14.080,94.000,89238.930,0.000,1404.030,314.574,0.000,0.000,0.000,0.000,0.000,0.000,-0.000,999,0.000,7.000,99,9999,99999,9,999999999,0.000,0.999,0,0,999,0.000,0
11,27,2019,5,0,,14.620,14.060,96.000,89238.930,0.000,1404.030,313.247,0.000,0.000,0.000,0.000,0.000,0.000,-0.000,999,0.000,7.000,99,9999,99999,9,999999999,0.000,0.999,0,0,999,0.000,0
11,27,2019,6,0,,14.380,14.060,97.000,89238.930,156.503,1404.030,312.011,0.000,0.000,0.000,0.000,0.000,0.000,0.000,999,0.000,7.000,99,9999,99999,9,999999999,0.000,0.999,0,0,999,0.000,0
11,27,2019,7,0,,14.140,14.050,99.000,89238.930,471.679,1404.030,311.224,134.540,18.397,128.374,16144.800,1747.743,14121.093,121.912,999,0.000,7.000,99,9999,99999,9,999999999,0.000,0.999,0,0,999,0.000,0
11,27,2019,8,0,,17.860,14.190,79.000,89238.930,768.760,1404.030,327.620,433.450,332.604,251.461,52014.000,31597.408,27660.713,146.286,999,0.000,0.000,99,9999,99999,9,999999999,0.000,0.999,0,0,999,0.000,0
11,27,2019,9,0,,19.170,14.250,73.000,89238.930,1026.109,1404.030,333.494,583.750,308.558,358.304,70050.000,29313.016,39413.436,156.098,999,0.000,2.000,99,9999,99999,9,999999999,0.000,0.999,0,0,999,0.000,0
11,27,2019,10,0,,20.060,14.280,69.000,89238.930,1226.011,1404.030,337.377,653.930,200.144,479.179,78471.600,19013.674,52709.647,174.691,999,0.000,5.000,99,9999,99999,9,999999999,0.000,0.999,0,0,999,0.000,0
11,27,2019,11,0,,20.690,14.310,66.000,89238.930,1354.804,1404.030,339.914,690.340,166.524,529.658,82840.800,15819.803,58262.346,174.725,999,0.000,6.000,99,9999,99999,9,999999999,0.000,0.999,0,0,999,0.000,0
11,27,2019,12,0,,21.420,14.330,64.000,89238.930,1403.705,1404.030,343.875,834.590,288.442,546.215,100150.800,27401.990,60083.632,173.906,999,0.000,4.000,99,9999,99999,9,999999999,0.000,0.999,0,0,999,0.000,0
11,27,2019,13,0,,21.780,14.350,62.000,89238.930,1369.389,1404.030,345.020,744.820,289.356,462.607,89378.400,27488.812,50886.820,150.980,999,0.000,6.000,99,9999,99999,9,999999999,0.000,0.999,0,0,999,0.000,0
11,27,2019,14,0,,21.700,14.350,62.000,89238.930,1254.212,1404.030,344.418,556.290,140.420,430.863,66754.800,13339.864,47394.966,153.542,999,0.000,8.000,99,9999,99999,9,999999999,0.000,0.999,0,0,999,0.000,0
11,27,2019,15,0,,20.730,14.310,66.000,89238.930,1066.048,1404.030,340.212,186.900,2.086,185.316,22428.000,198.191,20384.796,77.706,999,0.000,8.000,99,9999,99999,9,999999999,0.000,0.999,0,0,999,0.000,0
11,27,2019,16,0,,20.620,14.300,67.000,89238.930,817.776,1404.030,340.122,483.200,363.818,271.416,57984.000,34562.668,29855.754,148.414,999,0.000,6.000,99,9999,99999,9,999999999,0.000,0.999,0,0,999,0.000,0
11,27,2019,17,0,,20.180,14.290,68.000,89238.930,526.464,1404.030,337.564,315.510,502.237,127.523,37861.200,47712.476,14027.498,108.447,999,0.000,7.000,99,9999,99999,9,999999999,0.000,0.999,0,0,999,0.000,0
11,27,2019,18,0,,19.480,14.260,71.000,89238.930,212.851,1404.030,334.455,134.960,434.345,69.883,16195.200,41262.775,7687.094,148.465,999,0.000,8.000,99,9999,99999,9,999999999,0.000,0.999,0,0,999,0.000,0
11,27,2019,19,0,,18.850,14.230,74.000,89238.930,0.000,1404.030,331.786,2.510,0.000,0.000,301.200,0.000,0.000,-0.000,999,0.000,8.000,99,9999,99999,9,999999999,0.000,0.999,0,0,999,0.000,0
11,27,2019,20,0,,18.210,14.210,77.000,89238.930,0.000,1404.030,328.972,0.000,0.000,0.000,0.000,0.000,0.000,-0.000,999,0.000,8.000,99,9999,99999,9,999999999,0.000,0.999,0,0,999,0.000,0
11,27,2019,21,0,,17.580,14.180,80.000,89238.930,0.000,1404.030,326.169,0.000,0.000,0.000,0.000,0.000,0.000,-0.000,999,0.000,8.000,99,9999,99999,9,999999999,0.000,0.999,0,0,999,0.000,0
11,27,2019,22,0,,16.940,14.160,83.000,89238.930,0.000,1404.030,323.239,0.000,0.000,0.000,0.000,0.000,0.000,-0.000,999,0.000,7.000,99,9999,99999,9,999999999,0.000,0.999,0,0,999,0.000,0
11,27,2019,23,0,,16.300,14.130,87.000,89238.930,0.000,1404.030,320.788,0.000,0.000,0.000,0.000,0.000,0.000,-0.000,999,0.000,7.000,99,9999,99999,9,999999999,0.000,0.999,0,0,999,0.000,0
11,27,2019,24,0,,15.670,12.460,81.000,89238.930,0.000,1404.030,313.067,0.000,0.000,0.000,0.000,0.000,0.000,-0.000,999,0.000,7.000,99,9999,99999,9,999999999,0.000,0.999,0,0,999,0.000,0
11,28,2019,1,0,,15.350,12.450,82.000,89238.930,0.000,1404.030,311.364,0.000,0.000,0.000,0.000,0.000,0.000,-0.000,999,0.000,7.000,99,9999,99999,9,999999999,0.000,0.999,0,0,999,0.000,0
11,28,2019,2,0,,15.030,12.430,84.000,89238.930,0.000,1404.030,310.190,0.000,0.000,0.000,0.000,0.000,0.000,-0.000,999,0.000,7.000,99,9999,99999,9,999999999,0.000,0.999,0,0,999,0.000,0
11,28,2019,3,0,,14.720,12.420,86.000,89238.930,0.000,1404.030,309.062,0.000,0.000,0.000,0.000,0.000,0.000,-0.000,999,0.000,7.000,99,9999,99999,9,999999999,0.000,0.999,0,0,999,0.000,0
11,28,2019,4,0,,14.400,12.410,87.000,89238.930,0.000,1404.538,307.338,0.000,0.000,0.000,0.000,0.000,0.000,-0.000,999,0.000,6.000,99,9999,99999,9,999999999,0.000,0.999,0,0,999,0.000,0
11,28,2019,5,0,,14.120,12.390,89.000,89238.930,0.000,1404.538,306.387,0.000,0.000,0.000,0.000,0.000,0.000,-0.000,999,0.000,6.000,99,9999,99999,9,999999999,0.000,0.999,0,0,999,0.000,0
11,28,2019,6,0,,13.910,12.380,90.000,89238.930,156.344,1404.538,305.417,0.000,0.000,0.000,0.000,0.000,0.000,0.000,999,0.000,6.000,99,9999,99999,9,999999999,0.000,0.999,0,0,999,0.000,0
11,28,2019,7,0,,13.700,12.370,91.000,89238.930,471.286,1404.538,304.443,156.910,49.614,140.300,18829.200,4713.340,15433.027,133.398,999,0.000,6.000,99,9999,99999,9,999999999,0.000,0.999,0,0,999,0.000,0
11,28,2019,8,0,,17.790,12.550,71.000,89238.930,768.270,1404.538,322.159,352.510,148.359,271.414,42301.200,14094.137,29855.585,158.052,999,0.000,5.000,99,9999,99999,9,999999999,0.000,0.999,0,0,999,0.000,0
11,28,2019,9,0,,20.380,12.670,61.000,89238.930,1025.663,1404.538,333.830,739.780,588.119,310.417,88773.600,55871.344,34145.825,135.343,999,0.000,0.000,99,9999,99999,9,999999999,0.000,0.999,0,0,999,0.000,0
11,28,2019,10,0,,21.780,12.730,56.000,89238.930,1225.748,1404.538,340.039,766.060,395.575,420.872,91927.200,37579.590,46295.890,153.523,999,0.000,1.000,99,9999,99999,9,999999999,0.000,0.999,0,0,999,0.000,0
11,28,2019,11,0,,22.680,12.770,53.000,89238.930,1354.849,1404.538,344.048,781.690,280.176,511.432,93802.800,26616.738,56257.497,168.768,999,0.000,4.000,99,9999,99999,9,999999999,0.000,0.999,0,0,999,0.000,0
11,28,2019,12,0,,23.350,12.800,51.000,89238.930,1404.162,1404.538,347.169,810.550,256.443,554.176,97266.000,24362.074,60959.351,176.447,999,0.000,5.000,99,9999,99999,9,999999999,0.000,0.999,0,0,999,0.000,0
11,28,2019,13,0,,23.430,12.800,51.000,89238.930,1370.334,1404.538,347.770,637.140,152.614,488.245,76456.800,14498.312,53706.948,159.295,999,0.000,7.000,99,9999,99999,9,999999999,0.000,0.999,0,0,999,0.000,0
11,28,2019,14,0,,23.580,12.810,50.000,89238.930,1255.686,1404.538,347.914,682.740,211.945,493.270,81928.800,20134.819,54259.745,175.639,999,0.000,6.000,99,9999,99999,9,999999999,0.000,0.999,0,0,999,0.000,0
11,28,2019,15,0,,23.540,12.800,50.000,89238.930,1068.058,1404.538,347.614,602.250,275.764,392.595,72270.000,26197.566,43185.439,164.372,999,0.000,6.000,99,9999,99999,9,999999999,0.000,0.999,0,0,999,0.000,0
11,28,2019,16,0,,22.920,12.780,52.000,89238.930,820.288,1404.538,344.905,385.950,150.651,298.016,46314.000,14311.849,32781.717,162.518,999,0.000,8.000,99,9999,99999,9,999999999,0.000,0.999,0,0,999,0.000,0
11,28,2019,17,0,,21.750,12.730,56.000,89238.930,529.410,1404.538,339.817,121.440,0.000,121.440,14572.800,0.000,13358.400,102.734,999,0.000,8.000,99,9999,99999,9,999999999,0.000,0.999,0,0,999,0.000,0
11,28,2019,18,0,,20.820,12.690,59.000,89238.930,216.110,1404.538,335.468,140.550,352.652,86.905,16866.000,33501.950,9559.543,181.849,999,0.000,8.000,99,9999,99999,9,999999999,0.000,0.999,0,0,999,0.000,0
11,28,2019,19,0,,20.050,12.650,62.000,89238.930,0.000,1404.538,332.188,2.990,0.000,0.000,358.800,0.000,0.000,-0.000,999,0.000,8.000,99,9999,99999,9,999999999,0.000,0.999,0,0,999,0.000,0
11,28,2019,20,0,,19.280,12.620,65.000,89238.930,0.000,1404.538,328.808,0.000,0.000,0.000,0.000,0.000,0.000,-0.000,999,0.000,8.000,99,9999,99999,9,999999999,0.000,0.999,0,0,999,0.000,0
11,28,2019,21,0,,18.510,12.590,68.000,89238.930,0.000,1404.538,325.341,0.000,0.000,0.000,0.000,0.000,0.000,-0.000,999,0.000,8.000,99,9999,99999,9,999999999,0.000,0.999,0,0,999,0.000,0
11,28,2019,22,0,,17.740,12.550,71.000,89238.930,0.000,1404.538,321.800,0.000,0.000,0.000,0.000,0.000,0.000,-0.000,999,0.000,8.000,99,9999,99999,9,999999999,0.000,0.999,0,0,999,0.000,0
11,28,2019,23,0,,16.970,12.520,75.000,89238.930,0.000,1404.538,318.806,0.000,0.000,0.000,0.000,0.000,0.000,-0.000,999,0.000,8.000,99,9999,99999,9,999999999,0.000,0.999,0,0,999,0.000,0
11,28,2019,24,0,,16.200,13.090,81.000,89238.930,0.000,1404.538,316.819,0.000,0.000,0.000,0.000,0.000,0.000,-0.000,999,0.000,8.000,99,9999,99999,9,999999999,0.000,0.999,0,0,999,0.000,0
11,29,2019,1,0,,15.810,13.000,82.000,89238.930,0.000,1404.538,314.606,0.000,0.000,0.000,0.000,0.000,0.000,-0.000,999,0.000,8.000,99,9999,99999,9,999999999,0.000,0.999,0,0,999,0.000,0
11,29,2019,2,0,,15.430,12.910,88.000,89238.930,0.000,1404.538,315.089,0.000,0.000,0.000,0.000,0.000,0.000,-0.000,999,0.000,8.000,99,9999,99999,9,999999999,0.030,0.999,0,0,999,0.030,99
11,29,2019,3,0,,15.040,12.830,90.000,89238.930,0.000,1404.538,313.333,0.000,0.000,0.000,0.000,0.000,0.000,-0.000,999,0.000,8.000,99,9999,99999,9,999999999,0.960,0.999,0,0,999,0.960,99
11,29,2019,4,0,,14.650,12.740,92.000,89238.930,0.000,1405.035,311.560,0.000,0.000,0.000,0.000,0.000,0.000,-0.000,999,0.000,8.000,99,9999,99999,9,999999999,0.010,0.999,0,0,999,0.010,99
11,29,2019,5,0,,14.310,12.660,88.000,89238.930,0.000,1405.035,307.213,0.000,0.000,0.000,0.000,0.000,0.000,-0.000,999,0.000,8.000,99,9999,99999,9,999999999,0.000,0.999,0,0,999,0.000,0
11,29,2019,6,0,,14.060,12.600,89.000,89238.930,156.070,1405.035,305.970,0.000,0.000,0.000,0.000,0.000,0.000,0.000,999,0.000,8.000,99,9999,99999,9,999999999,0.000,0.999,0,0,999,0.000,0
11,29,2019,7,0,,13.800,12.540,90.000,89238.930,470.785,1405.035,304.654,91.140,0.000,91.140,10936.800,0.000,10025.400,86.780,999,0.000,8.000,99,9999,99999,9,999999999,0.000,0.999,0,0,999,0.000,0
11,29,2019,8,0,,15.540,12.940,83.000,89238.930,767.685,1405.035,313.242,107.150,0.000,107.150,12858.000,0.000,11786.500,62.466,999,0.000,8.000,99,9999,99999,9,999999999,0.000,0.999,0,0,999,0.000,0
11,29,2019,9,0,,17.300,13.330,76.000,89238.930,1025.138,1405.035,321.773,399.910,38.982,371.475,47989.200,3703.333,40862.256,162.105,999,0.000,7.000,99,9999,99999,9,999999999,0.000,0.999,0,0,999,0.000,0
11,29,2019,10,0,,18.730,13.650,71.000,89238.930,1225.422,1405.035,328.954,526.360,83.745,453.327,63163.200,7955.822,49865.956,165.464,999,0.000,7.000,99,9999,99999,9,999999999,0.000,0.999,0,0,999,0.000,0
11,29,2019,11,0,,20.120,13.940,67.000,89238.930,1354.848,1405.035,336.406,675.620,152.682,528.395,81074.400,14504.746,58123.493,174.428,999,0.000,6.000,99,9999,99999,9,999999999,0.000,0.999,0,0,999,0.000,0
11,29,2019,12,0,,21.020,14.130,64.000,89238.930,1404.590,1405.035,340.879,667.840,76.763,591.101,80140.800,7292.501,65021.128,188.213,999,0.000,7.000,99,9999,99999,9,999999999,0.000,0.999,0,0,999,0.000,0
11,29,2019,13,0,,21.670,14.270,62.000,89238.930,1371.264,1405.035,344.193,672.420,89.040,585.522,80690.400,8458.753,64407.406,190.970,999,0.000,7.000,99,9999,99999,9,999999999,0.000,0.999,0,0,999,0.000,0
11,29,2019,14,0,,22.070,14.350,61.000,89238.930,1257.158,1405.035,346.402,631.350,215.241,438.777,75762.000,20447.868,48265.472,156.107,999,0.000,7.000,99,9999,99999,9,999999999,0.000,0.999,0,0,999,0.000,0
11,29,2019,15,0,,22.220,14.380,61.000,89238.930,1070.072,1405.035,347.535,547.620,171.545,417.000,65714.400,16296.733,45869.966,174.322,999,0.000,7.000,99,9999,99999,9,999999999,0.000,0.999,0,0,999,0.000,0
11,29,2019,16,0,,22.060,14.350,61.000,89238.930,822.809,1405.035,346.326,427.450,208.643,305.334,51294.000,19821.093,33586.760,166.057,999,0.000,7.000,99,9999,99999,9,999999999,0.000,0.999,0,0,999,0.000,0
11,29,2019,17,0,,21.540,14.240,63.000,89238.930,532.364,1405.035,344.002,280.430,328.336,156.240,33651.600,31191.955,17186.385,131.484,999,0.000,8.000,99,9999,99999,9,999999999,0.000,0.999,0,0,999,0.000,0
11,29,2019,18,0,,20.710,14.070,65.000,89238.930,219.373,1405.035,339.322,121.790,422.842,56.499,14614.800,40170.011,6214.861,116.469,999,0.000,8.000,99,9999,99999,9,999999999,0.000,0.999,0,0,999,0.000,0
11,29,2019,19,0,,19.940,13.910,67.000,89238.930,0.000,1405.035,335.076,2.920,0.000,0.000,350.400,0.000,0.000,-0.000,999,0.000,8.000,99,9999,99999,9,999999999,0.000,0.999,0,0,999,0.000,0
11,29,2019,20,0,,19.170,13.740,70.000,89238.930,0.000,1405.035,331.501,0.000,0.000,0.000,0.000,0.000,0.000,-0.000,999,0.000,8.000,99,9999,99999,9,999999999,0.000,0.999,0,0,999,0.000,0
11,29,2019,21,0,,18.410,13.580,72.000,89238.930,0.000,1405.035,327.282,0.000,0.000,0.000,0.000,0.000,0.000,-0.000,999,0.000,8.000,99,9999,99999,9,999999999,0.000,0.999,0,0,999,0.000,0
11,29,2019,22,0,,17.640,13.410,75.000,89238.930,0.000,1405.035,323.608,0.000,0.000,0.000,0.000,0.000,0.000,-0.000,999,0.000,8.000,99,9999,99999,9,999999999,0.000,0.999,0,0,999,0.000,0
11,29,2019,23,0,,16.870,13.240,78.000,89238.930,0.000,1405.035,319.881,0.000,0.000,0.000,0.000,0.000,0.000,-0.000,999,0.000,8.000,99,9999,99999,9,999999999,0.000,0.999,0,0,999,0.000,0
11,29,2019,24,0,,16.110,13.470,84.000,89238.930,0.000,1405.035,317.826,0.000,0.000,0.000,0.000,0.000,0.000,-0.000,999,0.000,8.000,99,9999,99999,9,999999999,0.000,0.999,0,0,999,0.000,0
11,30,2019,1,0,,15.720,13.490,86.000,89238.930,0.000,1405.035,316.113,0.000,0.000,0.000,0.000,0.000,0.000,-0.000,999,0.000,7.000,99,9999,99999,9,999999999,0.000,0.999,0,0,999,0.000,0
11,30,2019,2,0,,15.340,13.520,88.000,89238.930,0.000,1405.035,314.450,0.000,0.000,0.000,0.000,0.000,0.000,-0.000,999,0.000,7.000,99,9999,99999,9,999999999,0.000,0.999,0,0,999,0.000,0
11,30,2019,3,0,,14.960,13.550,91.000,89238.930,0.000,1405.035,313.262,0.000,0.000,0.000,0.000,0.000,0.000,-0.000,999,0.000,7.000,99,9999,99999,9,999999999,0.000,0.999,0,0,999,0.000,0
11,30,2019,4,0,,14.570,13.580,93.000,89238.930,0.000,1405.519,311.477,0.000,0.000,0.000,0.000,0.000,0.000,-0.000,999,0.000,7.000,99,9999,99999,9,999999999,0.000,0.999,0,0,999,0.000,0
11,30,2019,5,0,,14.230,13.600,96.000,89238.930,0.000,1405.519,310.492,0.000,0.000,0.000,0.000,0.000,0.000,-0.000,999,0.000,7.000,99,9999,99999,9,999999999,0.000,0.999,0,0,999,0.000,0
11,30,2019,6,0,,13.980,13.620,97.000,89238.930,155.682,1405.519,309.193,0.000,0.000,0.000,0.000,0.000,0.000,0.000,999,0.000,7.000,99,9999,99999,9,999999999,0.000,0.999,0,0,999,0.000,0
11,30,2019,7,0,,13.730,13.640,99.000,89238.930,470.179,1405.519,308.340,129.010,12.970,124.681,15481.200,1232.170,13714.925,118.912,999,0.000,7.000,99,9999,99999,9,999999999,0.000,0.999,0,0,999,0.000,0
11,30,2019,8,0,,17.420,13.370,77.000,89238.930,767.007,1405.519,323.238,339.490,133.693,266.583,40738.800,12700.864,29324.076,155.603,999,0.000,5.000,99,9999,99999,9,999999999,0.000,0.999,0,0,999,0.000,0
11,30,2019,9,0,,19.080,13.250,68.000,89238.930,1024.535,1405.519,329.474,548.720,198.628,403.970,65846.400,18869.644,44436.738,176.450,999,0.000,4.000,99,9999,99999,9,999999999,0.000,0.999,0,0,999,0.000,0
11,30,2019,10,0,,20.450,13.150,62.000,89238.930,1225.035,1405.519,335.121,687.410,219.083,496.477,82489.200,20812.889,54612.510,181.334,999,0.000,4.000,99,9999,99999,9,999999999,0.000,0.999,0,0,999,0.000,0
11,30,2019,11,0,,21.570,13.070,58.000,89238.930,1354.804,1405.519,340.185,780.930,279.488,511.533,93711.600,26551.391,56268.579,168.925,999,0.000,4.000,99,9999,99999,9,999999999,0.000,0.999,0,0,999,0.000,0
11,30,2019,12,0,,22.570,12.990,54.000,89238.930,1404.990,1405.519,344.145,876.550,367.223,509.466,105186.000,34886.157,56041.218,162.229,999,0.000,3.000,99,9999,99999,9,999999999,0.000,0.999,0,0,999,0.000,0
11,30,2019,13,0,,23.100,12.950,52.000,89238.930,1372.181,1405.519,346.253,794.440,281.566,519.556,95332.800,26748.804,57151.185,169.400,999,0.000,5.000,99,9999,99999,9,999999999,0.000,0.999,0,0,999,0.000,0
11,30,2019,14,0,,23.390,12.930,51.000,89238.930,1258.627,1405.519,347.469,744.730,299.817,476.266,89367.600,28482.659,52389.287,169.306,999,0.000,5.000,99,9999,99999,9,999999999,0.000,0.999,0,0,999,0.000,0
11,30,2019,15,0,,23.710,12.910,50.000,89238.930,1072.092,1405.519,348.893,793.400,723.892,241.352,95208.000,68769.732,26548.672,100.739,999,0.000,1.000,99,9999,99999,9,999999999,0.000,0.999,0,0,999,0.000,0
11,30,2019,16,0,,23.430,12.930,51.000,89238.930,825.337,1405.519,347.770,529.020,543.761,209.895,63482.400,51657.338,23088.421,113.841,999,0.000,5.000,99,9999,99999,9,999999999,0.000,0.999,0,0,999,0.000,0
11,30,2019,17,0,,22.680,12.980,54.000,89238.930,535.324,1405.519,344.968,312.060,402.393,159.062,37447.200,38227.360,17496.811,133.162,999,0.000,7.000,99,9999,99999,9,999999999,0.000,0.999,0,0,999,0.000,0
11,30,2019,18,0,,21.750,13.052,57.600,89238.930,222.636,1405.519,341.187,192.116,393.941,130.385,23053.920,37424.352,14342.343,264.853,999,0.000,7.200,99,9999,99999,9,999999999,0.000,0.999,0,0,999,0.000,0
11,30,2019,19,0,,20.948,13.110,60.800,89238.930,0.000,1405.519,337.857,86.312,0.000,0.000,10357.440,0.000,0.000,-0.000,999,0.000,7.800,99,9999,99999,9,999999999,0.000,0.999,0,0,999,0.000,0
11,30,2019,20,0,,20.152,13.170,64.000,89238.930,0.000,1405.519,334.447,23.900,0.000,0.000,2868.000,0.000,0.000,-0.000,999,0.000,8.000,99,9999,99999,9,999999999,0.000,0.999,0,0,999,0.000,0
11,30,2019,21,0,,19.424,13.224,67.200,89238.930,0.000,1405.519,331.427,0.876,0.000,0.000,105.120,0.000,0.000,-0.000,999,0.000,8.000,99,9999,99999,9,999999999,0.000,0.999,0,0,999,0.000,0
11,30,2019,22,0,,18.590,13.090,70.000,89238.930,0.000,1405.519,327.272,0.000,0.000,0.000,0.000,0.000,0.000,-0.000,999,0.036,7.600,99,9999,99999,9,999999999,0.000,0.999,0,0,999,0.000,0
11,30,2019,23,0,,17.792,12.930,72.800,89238.930,0.000,1405.519,323.328,0.000,0.000,0.000,0.000,0.000,0.000,-0.000,999,0.072,7.400,99,9999,99999,9,999999999,0.000,0.999,0,0,999,0.000,0
11,30,2023,24,0,,17.028,12.744,75.400,89238.930,0.000,1405.519,319.462,0.000,0.000,0.000,0.000,0.000,0.000,-0.000,999,0.108,7.200,99,9999,99999,9,999999999,0.000,0.999,0,0,999,0.000,0
12,1,2023,1,0,,16.296,12.528,78.000,89238.930,0.000,1405.519,315.795,0.000,0.000,0.000,0.000,0.000,0.000,-0.000,999,0.144,7.000,99,9999,99999,9,999999999,0.000,0.999,0,0,999,0.000,0
12,1,2023,2,0,,15.600,12.286,80.200,89238.930,0.000,1405.519,312.131,0.000,0.000,0.000,0.000,0.000,0.000,-0.000,999,0.180,6.800,99,9999,99999,9,999999999,0.000,0.999,0,0,999,0.000,0
12,1,2023,3,0,,15.056,12.204,82.800,89238.930,0.000,1405.519,309.735,0.000,0.000,0.000,0.000,0.000,0.000,-0.000,999,0.180,7.000,99,9999,99999,9,999999999,0.000,0.999,0,0,999,0.000,0
12,1,2023,4,0,,14.550,12.126,85.000,89238.930,0.000,1405.992,307.361,0.000,0.000,0.000,0.000,0.000,0.000,-0.000,999,0.180,7.000,99,9999,99999,9,999999999,0.000,0.999,0,0,999,0.000,0
12,1,2023,5,0,,14.082,12.054,87.200,89238.930,0.000,1405.992,305.230,26.316,0.000,0.000,3157.920,0.000,0.000,-0.000,999,0.180,7.000,99,9999,99999,9,999999999,0.000,0.999,0,0,999,0.000,0
12,1,2023,6,0,,13.630,11.980,89.000,89238.930,155.210,1405.992,302.995,0.000,0.000,0.000,0.000,0.000,0.000,0.000,999,0.180,7.000,99,9999,99999,9,999999999,0.000,0.999,0,0,999,0.000,0
12,1,2023,7,0,,13.260,11.930,91.000,89238.930,469.484,1405.992,301.408,131.580,15.875,126.291,15789.600,1508.143,13892.038,120.667,999,0.180,7.000,99,9999,99999,9,999999999,0.000,0.999,0,0,999,0.000,0
12,1,2023,8,0,,17.530,12.580,72.000,89238.930,766.242,1405.992,320.939,331.000,121.403,264.883,39720.000,11533.256,29137.176,154.819,999,0.180,5.000,99,9999,99999,9,999999999,0.000,0.999,0,0,999,0.000,0
12,1,2023,9,0,,19.620,12.880,65.000,89238.930,1023.853,1405.992,331.285,569.440,270.640,372.409,68332.800,25710.820,40965.015,162.828,999,0.180,3.000,99,9999,99999,9,999999999,0.000,0.999,0,0,999,0.000,0
12,1,2023,10,0,,21.350,13.140,59.000,89238.930,1224.582,1405.992,339.382,718.320,305.766,452.031,86198.400,29047.736,49723.407,165.217,999,0.180,3.000,99,9999,99999,9,999999999,0.000,0.999,0,0,999,0.000,0
12,1,2023,11,0,,22.960,13.370,54.000,89238.930,1354.710,1405.992,347.070,875.220,412.566,477.711,105026.400,39193.775,52548.182,157.820,999,0.450,2.000,99,9999,99999,9,999999999,0.000,0.999,0,0,999,0.000,0
12,1,2023,12,0,,24.230,13.550,51.000,89238.930,1405.361,1405.992,353.829,937.690,436.111,501.774,112522.800,41430.586,55195.168,159.791,999,0.340,2.000,99,9999,99999,9,999999999,0.000,0.999,0,0,999,0.000,0
12,1,2023,13,0,,25.010,13.660,49.000,89238.930,1373.090,1405.992,357.763,889.210,431.305,468.004,106705.200,40974.002,51480.408,152.542,999,0.940,3.000,99,9999,99999,9,999999999,0.000,0.999,0,0,999,0.000,0
12,1,2023,14,0,,25.410,13.710,48.000,89238.930,1260.110,1405.992,359.783,806.920,368.428,476.743,96830.400,35000.636,52441.732,169.332,999,0.270,4.000,99,9999,99999,9,999999999,0.000,0.999,0,0,999,0.000,0
12,1,2023,15,0,,25.500,13.720,48.000,89238.930,1074.145,1405.992,360.477,701.350,509.095,312.495,84162.000,48363.986,34374.453,130.228,999,0.180,4.000,99,9999,99999,9,999999999,0.000,0.999,0,0,999,0.000,0
12,1,2023,16,0,,25.030,13.660,49.000,89238.930,827.918,1405.992,357.916,513.900,470.878,236.777,61668.000,44733.452,26045.429,128.063,999,0.400,6.000,99,9999,99999,9,999999999,0.000,0.999,0,0,999,0.000,0
12,1,2023,17,0,,24.270,13.550,51.000,89238.930,538.349,1405.992,354.134,380.070,545.316,171.624,45608.400,51805.064,18878.612,142.916,999,0.180,5.000,99,9999,99999,9,999999999,0.000,0.999,0,0,999,0.000,0
12,1,2023,18,0,,23.090,13.380,54.000,89238.930,225.973,1405.992,348.050,172.670,427.647,104.655,20720.400,40626.453,11512.048,209.455,999,0.180,7.000,99,9999,99999,9,999999999,0.000,0.999,0,0,999,0.000,0
12,1,2023,19,0,,22.020,13.230,57.000,89238.930,0.000,1405.992,342.688,9.010,0.000,0.000,1081.200,0.000,0.000,-0.000,999,0.180,6.000,99,9999,99999,9,999999999,0.000,0.999,0,0,999,0.000,0
12,1,2023,20,0,,20.940,13.080,60.000,89238.930,0.000,1405.992,337.159,0.000,0.000,0.000,0.000,0.000,0.000,-0.000,999,0.180,6.000,99,9999,99999,9,999999999,0.000,0.999,0,0,999,0.000,0
12,1,2023,21,0,,19.870,12.920,64.000,89238.930,0.000,1405.992,332.378,0.000,0.000,0.000,0.000,0.000,0.000,-0.000,999,0.180,5.000,99,9999,99999,9,999999999,0.000,0.999,0,0,999,0.000,0
12,1,2023,22,0,,18.790,12.760,67.000,89238.930,0.000,1405.992,326.675,0.000,0.000,0.000,0.000,0.000,0.000,-0.000,999,0.180,5.000,99,9999,99999,9,999999999,0.000,0.999,0,0,999,0.000,0
12,1,2023,23,0,,17.720,12.600,71.000,89238.930,0.000,1405.992,321.657,0.000,0.000,0.000,0.000,0.000,0.000,-0.000,999,0.180,4.000,99,9999,99999,9,999999999,0.000,0.999,0,0,999,0.000,0
12,1,2023,24,0,,16.640,13.740,82.000,89238.930,0.000,1405.992,320.520,0.000,0.000,0.000,0.000,0.000,0.000,-0.000,999,0.090,4.000,99,9999,99999,9,999999999,0.000,0.999,0,0,999,0.000,0
12,2,2023,1,0,,16.110,13.660,85.000,89238.930,0.000,1405.992,318.364,0.000,0.000,0.000,0.000,0.000,0.000,-0.000,999,0.090,3.000,99,9999,99999,9,999999999,0.000,0.999,0,0,999,0.000,0
12,2,2023,2,0,,15.570,13.570,87.000,89238.930,0.000,1405.992,315.568,0.000,0.000,0.000,0.000,0.000,0.000,-0.000,999,0.090,3.000,99,9999,99999,9,999999999,0.000,0.999,0,0,999,0.000,0
12,2,2023,3,0,,15.030,13.490,90.000,89238.930,0.000,1405.992,313.262,0.000,0.000,0.000,0.000,0.000,0.000,-0.000,999,0.090,2.000,99,9999,99999,9,999999999,0.000,0.999,0,0,999,0.000,0
12,2,2023,4,0,,14.500,13.410,93.000,89238.930,0.000,1406.452,310.984,0.000,0.000,0.000,0.000,0.000,0.000,-0.000,999,0.090,2.000,99,9999,99999,9,999999999,0.000,0.999,0,0,999,0.000,0
12,2,2023,5,0,,14.020,13.330,95.000,89238.930,0.000,1406.452,308.554,0.000,0.000,0.000,0.000,0.000,0.000,-0.000,999,0.090,1.000,99,9999,99999,9,999999999,0.000,0.999,0,0,999,0.000,0
12,2,2023,6,0,,13.670,13.280,97.000,89238.930,154.605,1406.452,307.023,0.000,0.000,0.000,0.000,0.000,0.000,0.000,999,0.090,1.000,99,9999,99999,9,999999999,0.000,0.999,0,0,999,0.000,0
12,2,2023,7,0,,13.310,13.220,99.000,89238.930,468.677,1406.452,305.406,218.440,265.689,130.109,26212.800,25240.481,14311.954,124.571,999,0.090,0.000,99,9999,99999,9,999999999,0.000,0.999,0,0,999,0.000,0
12,2,2023,8,0,,20.230,14.280,68.000,89238.930,765.390,1406.452,337.936,327.010,116.272,263.779,39241.200,11045.878,29015.656,154.395,999,0.090,6.000,99,9999,99999,9,999999999,0.000,0.999,0,0,999,0.000,0
12,2,2023,9,0,,21.080,14.410,70.000,89238.930,1023.107,1406.452,345.725,373.600,61.335,328.994,44832.000,5826.837,36189.359,143.998,999,0.090,8.000,99,9999,99999,9,999999999,0.010,0.999,0,0,999,0.010,99
12,2,2023,10,0,,22.260,14.580,61.000,89238.930,1224.084,1406.452,347.838,492.330,90.427,413.635,59079.600,8590.591,45499.897,151.294,999,0.090,7.000,99,9999,99999,9,999999999,0.000,0.999,0,0,999,0.000,0
12,2,2023,11,0,,23.410,14.750,58.000,89238.930,1354.586,1406.452,354.066,578.620,51.585,528.938,69434.400,4900.595,58183.210,174.817,999,0.120,7.000,99,9999,99999,9,999999999,0.000,0.999,0,0,999,0.000,0
12,2,2023,12,0,,24.370,14.890,60.000,89238.930,1405.710,1406.452,363.233,626.010,58.885,567.156,75121.200,5594.103,62387.138,180.627,999,0.150,7.000,99,9999,99999,9,999999999,0.200,0.999,0,0,999,0.200,99
12,2,2023,13,0,,25.080,14.990,58.000,89238.930,1373.979,1406.452,367.036,631.070,128.886,505.161,75728.400,12244.202,55567.737,164.600,999,0.450,7.000,99,9999,99999,9,999999999,0.010,0.999,0,0,999,0.010,99
12,2,2023,14,0,,25.490,15.040,52.000,89238.930,1261.569,1406.452,364.545,593.450,164.902,445.546,71214.000,15665.660,49010.051,158.120,999,0.720,7.000,99,9999,99999,9,999999999,0.000,0.999,0,0,999,0.000,0
12,2,2023,15,0,,25.590,15.060,52.000,89238.930,1076.164,1406.452,365.326,515.870,131.933,414.941,61904.400,12533.674,45643.458,172.652,999,1.120,7.000,99,9999,99999,9,999999999,0.000,0.999,0,0,999,0.000,0
12,2,2023,16,0,,25.250,15.010,58.000,89238.930,830.448,1406.452,368.377,404.070,161.724,308.631,48488.400,15363.784,33949.458,166.472,999,0.610,8.000,99,9999,99999,9,999999999,0.060,0.999,0,0,999,0.060,99
12,2,2023,17,0,,24.430,14.890,60.000,89238.930,541.304,1406.452,363.703,266.960,258.531,167.625,32035.200,24560.475,18438.747,138.867,999,0.410,8.000,99,9999,99999,9,999999999,0.090,0.999,0,0,999,0.090,99
12,2,2023,18,0,,23.210,14.720,63.000,89238.930,229.218,1406.452,356.726,118.520,351.049,61.888,14222.400,33349.674,6807.700,122.114,999,0.430,8.000,99,9999,99999,9,999999999,0.130,0.999,0,0,999,0.130,99
12,2,2023,19,0,,22.510,14.620,65.000,89238.930,0.000,1406.452,352.921,3.970,0.000,0.000,476.400,0.000,0.000,-0.000,999,0.490,8.000,99,9999,99999,9,999999999,0.320,0.999,0,0,999,0.320,99
12,2,2023,20,0,,21.810,14.510,68.000,89238.930,0.000,1406.452,349.832,0.000,0.000,0.000,0.000,0.000,0.000,-0.000,999,0.090,8.000,99,9999,99999,9,999999999,0.020,0.999,0,0,999,0.020,99
12,2,2023,21,0,,21.110,14.410,70.000,89238.930,0.000,1406.452,345.952,0.000,0.000,0.000,0.000,0.000,0.000,-0.000,999,0.090,8.000,99,9999,99999,9,999999999,0.040,0.999,0,0,999,0.040,99
12,2,2023,22,0,,20.400,14.310,83.000,89238.930,0.000,1406.452,348.998,0.000,0.000,0.000,0.000,0.000,0.000,-0.000,999,0.100,8.000,99,9999,99999,9,999999999,9.510,0.999,0,0,999,9.510,99
12,2,2023,23,0,,19.700,14.200,75.000,89238.930,0.000,1406.452,338.724,0.000,0.000,0.000,0.000,0.000,0.000,-0.000,999,0.090,8.000,99,9999,99999,9,999999999,0.600,0.999,0,0,999,0.600,99
12,2,2023,24,0,,19.000,16.870,89.000,89238.930,0.000,1406.452,341.783,0.000,0.000,0.000,0.000,0.000,0.000,-0.000,999,0.010,8.000,99,9999,99999,9,999999999,0.460,0.999,0,0,999,0.460,99
12,3,2023,1,0,,18.650,16.850,91.000,89238.930,0.000,1406.452,340.223,0.000,0.000,0.000,0.000,0.000,0.000,-0.000,999,0.010,8.000,99,9999,99999,9,999999999,0.820,0.999,0,0,999,0.820,99
12,3,2023,2,0,,18.300,16.830,93.000,89238.930,0.000,1406.452,338.642,0.000,0.000,0.000,0.000,0.000,0.000,-0.000,999,0.010,8.000,99,9999,99999,9,999999999,0.210,0.999,0,0,999,0.210,99
12,3,2023,3,0,,17.950,16.800,94.000,89238.930,0.000,1406.452,336.532,0.000,0.000,0.000,0.000,0.000,0.000,-0.000,999,0.010,8.000,99,9999,99999,9,999999999,0.050,0.999,0,0,999,0.050,99
12,3,2023,4,0,,17.600,16.780,96.000,89238.930,0.000,1406.901,334.926,0.000,0.000,0.000,0.000,0.000,0.000,-0.000,999,0.010,8.000,99,9999,99999,9,999999999,0.100,0.999,0,0,999,0.100,99
12,3,2023,5,0,,17.290,16.760,98.000,89238.930,0.000,1406.901,333.600,0.000,0.000,0.000,0.000,0.000,0.000,-0.000,999,0.010,8.000,99,9999,99999,9,999999999,0.070,0.999,0,0,999,0.070,99
12,3,2023,6,0,,17.050,16.740,99.000,89238.930,153.887,1406.901,332.298,0.000,0.000,0.000,0.000,0.000,0.000,0.000,999,0.010,8.000,99,9999,99999,9,999999999,0.020,0.999,0,0,999,0.020,99
12,3,2023,7,0,,16.820,16.730,96.000,89238.930,467.767,1406.901,329.143,86.390,0.000,86.390,10366.800,0.000,9502.900,82.901,999,0.010,8.000,99,9999,99999,9,999999999,0.000,0.999,0,0,999,0.000,0
12,3,2023,8,0,,19.850,16.930,81.000,89238.930,764.449,1406.901,343.602,237.690,38.240,216.927,28522.800,3632.760,23861.948,127.169,999,0.020,8.000,99,9999,99999,9,999999999,0.000,0.999,0,0,999,0.000,0
12,3,2023,9,0,,21.220,17.020,75.000,89238.930,1022.286,1406.901,350.220,382.780,50.675,345.968,45933.600,4814.166,38056.451,151.597,999,0.050,7.000,99,9999,99999,9,999999999,0.000,0.999,0,0,999,0.000,0
12,3,2023,10,0,,22.480,17.110,70.000,89238.930,1223.529,1406.901,356.445,504.660,59.956,452.523,60559.200,5695.832,49777.565,165.646,999,0.080,7.000,99,9999,99999,9,999999999,0.000,0.999,0,0,999,0.000,0
12,3,2023,11,0,,23.560,17.180,66.000,89238.930,1354.421,1406.901,361.834,593.350,57.098,538.383,71202.000,5424.293,59222.162,178.017,999,0.240,7.000,99,9999,99999,9,999999999,0.000,0.999,0,0,999,0.000,0
12,3,2023,12,0,,24.440,17.230,63.000,89238.930,1406.035,1406.901,366.325,642.200,65.261,576.979,77064.000,6199.832,63467.669,183.771,999,0.390,7.000,99,9999,99999,9,999999999,0.000,0.999,0,0,999,0.000,0
12,3,2023,13,0,,25.080,17.280,61.000,89238.930,1374.857,1406.901,369.690,647.670,75.579,573.814,77720.400,7179.992,63119.490,186.910,999,0.820,7.000,99,9999,99999,9,999999999,0.000,0.999,0,0,999,0.000,0
12,3,2023,14,0,,25.470,17.300,60.000,89238.930,1263.027,1406.901,371.914,609.380,109.587,511.007,73125.600,10410.746,56210.751,181.200,999,1.010,7.000,99,9999,99999,9,999999999,0.000,0.999,0,0,999,0.000,0
12,3,2023,15,0,,25.610,17.310,60.000,89238.930,1078.188,1406.901,373.031,530.100,135.662,426.156,63612.000,12887.921,46877.130,177.042,999,1.210,7.000,99,9999,99999,9,999999999,0.000,0.999,0,0,999,0.000,0
12,3,2023,16,0,,25.440,17.300,65.000,89238.930,832.984,1406.901,375.950,415.700,181.954,308.029,49884.000,17285.647,33883.179,165.693,999,0.670,7.000,99,9999,99999,9,999999999,0.010,0.999,0,0,999,0.010,99
12,3,2023,17,0,,24.890,17.260,66.000,89238.930,544.262,1406.901,372.353,275.270,310.176,155.476,33032.400,29466.717,17102.387,128.141,999,0.640,8.000,99,9999,99999,9,999999999,0.300,0.999,0,0,999,0.300,99
12,3,2023,18,0,,24.030,17.210,78.000,89238.930,232.459,1406.901,374.353,123.080,297.049,74.484,14769.600,28219.676,8193.267,144.925,999,0.310,8.000,99,9999,99999,9,999999999,11.770,0.999,0,0,999,11.770,99
12,3,2023,19,0,,23.200,17.150,72.000,89238.930,0.000,1406.901,363.517,4.540,0.000,0.000,544.800,0.000,0.000,-0.000,999,0.160,8.000,99,9999,99999,9,999999999,0.150,0.999,0,0,999,0.150,99
12,3,2023,20,0,,22.360,17.100,75.000,89238.930,0.000,1406.901,359.038,0.000,0.000,0.000,0.000,0.000,0.000,-0.000,999,0.050,8.000,99,9999,99999,9,999999999,0.030,0.999,0,0,999,0.030,99
12,3,2023,21,0,,21.530,17.040,74.000,89238.930,0.000,1406.901,351.926,0.000,0.000,0.000,0.000,0.000,0.000,-0.000,999,0.020,8.000,99,9999,99999,9,999999999,0.000,0.999,0,0,999,0.000,0
12,3,2023,22,0,,20.700,16.990,77.000,89238.930,0.000,1406.901,347.558,0.000,0.000,0.000,0.000,0.000,0.000,-0.000,999,0.030,8.000,99,9999,99999,9,999999999,0.000,0.999,0,0,999,0.000,0
12,3,2023,23,0,,19.870,16.930,81.000,89238.930,0.000,1406.901,343.754,0.000,0.000,0.000,0.000,0.000,0.000,-0.000,999,0.030,8.000,99,9999,99999,9,999999999,0.000,0.999,0,0,999,0.000,0
12,3,2023,24,0,,19.040,16.480,90.000,89238.930,0.000,1406.901,342.632,0.000,0.000,0.000,0.000,0.000,0.000,-0.000,999,0.240,8.000,99,9999,99999,9,999999999,0.030,0.999,0,0,999,0.030,99
12,4,2023,1,0,,18.620,16.460,87.000,89238.930,0.000,1406.901,337.820,0.000,0.000,0.000,0.000,0.000,0.000,-0.000,999,0.110,8.000,99,9999,99999,9,999999999,0.000,0.999,0,0,999,0.000,0
12,4,2023,2,0,,18.210,16.440,89.000,89238.930,0.000,1406.901,335.850,0.000,0.000,0.000,0.000,0.000,0.000,-0.000,999,0.060,8.000,99,9999,99999,9,999999999,0.000,0.999,0,0,999,0.000,0
12,4,2023,3,0,,17.790,16.420,91.000,89238.930,0.000,1406.901,333.786,0.000,0.000,0.000,0.000,0.000,0.000,-0.000,999,0.090,8.000,99,9999,99999,9,999999999,0.000,0.999,0,0,999,0.000,0
12,4,2023,4,0,,17.370,16.400,94.000,89238.930,0.000,1407.337,332.212,0.000,0.000,0.000,0.000,0.000,0.000,-0.000,999,0.060,8.000,99,9999,99999,9,999999999,0.000,0.999,0,0,999,0.000,0
12,4,2023,5,0,,17.000,16.390,96.000,89238.930,0.000,1407.337,330.471,0.000,0.000,0.000,0.000,0.000,0.000,-0.000,999,0.060,8.000,99,9999,99999,9,999999999,0.000,0.999,0,0,999,0.000,0
12,4,2023,6,0,,16.730,16.370,97.000,89238.930,153.057,1407.337,328.968,0.000,0.000,0.000,0.000,0.000,0.000,0.000,999,0.060,8.000,99,9999,99999,9,999999999,0.000,0.999,0,0,999,0.000,0
12,4,2023,7,0,,16.460,16.360,99.000,89238.930,466.755,1407.337,327.939,91.020,0.000,91.020,10922.400,0.000,10012.200,87.562,999,0.230,8.000,99,9999,99999,9,999999999,0.000,0.999,0,0,999,0.000,0
12,4,2023,8,0,,19.270,16.490,83.000,89238.930,763.419,1407.337,340.418,251.090,27.409,236.232,30130.800,2603.854,25985.548,138.717,999,0.070,8.000,99,9999,99999,9,999999999,0.000,0.999,0,0,999,0.000,0
12,4,2023,9,0,,20.550,16.550,77.000,89238.930,1021.394,1407.337,346.416,404.720,59.974,361.205,48566.400,5697.499,39732.523,158.461,999,0.200,7.000,99,9999,99999,9,999999999,0.000,0.999,0,0,999,0.000,0
12,4,2023,10,0,,21.730,16.600,72.000,89238.930,1222.919,1407.337,352.085,533.880,125.537,424.804,64065.600,11925.997,46728.433,155.625,999,0.380,7.000,99,9999,99999,9,999999999,0.000,0.999,0,0,999,0.000,0
12,4,2023,11,0,,22.740,16.640,68.000,89238.930,1354.218,1407.337,356.983,627.970,71.916,558.770,75356.400,6832.048,61464.670,184.843,999,1.740,7.000,99,9999,99999,9,999999999,0.000,0.999,0,0,999,0.000,0
12,4,2023,12,0,,23.560,16.680,65.000,89238.930,1406.336,1407.337,361.046,679.950,82.373,597.635,81594.000,7825.466,65739.881,190.369,999,1.740,7.000,99,9999,99999,9,999999999,0.000,0.999,0,0,999,0.000,0
12,4,2023,13,0,,24.160,16.710,63.000,89238.930,1375.724,1407.337,364.123,686.050,95.401,592.793,82326.000,9063.068,65207.283,193.031,999,4.250,7.000,99,9999,99999,9,999999999,0.000,0.999,0,0,999,0.000,0
12,4,2023,14,0,,24.530,16.720,61.000,89238.930,1264.483,1407.337,365.348,645.830,229.954,439.232,77499.600,21845.633,48315.546,155.618,999,3.650,7.000,99,9999,99999,9,999999999,0.000,0.999,0,0,999,0.000,0
12,4,2023,15,0,,24.660,16.730,61.000,89238.930,1080.215,1407.337,366.371,562.220,282.953,345.081,67466.400,26880.494,37958.961,143.136,999,3.690,7.000,99,9999,99999,9,999999999,0.000,0.999,0,0,999,0.000,0
12,4,2023,16,0,,24.500,16.720,61.000,89238.930,835.524,1407.337,365.112,441.400,220.324,310.666,52968.000,20930.759,34173.264,166.654,999,1.900,7.000,99,9999,99999,9,999999999,0.000,0.999,0,0,999,0.000,0
12,4,2023,17,0,,23.990,16.700,63.000,89238.930,547.220,1407.337,362.790,292.960,342.530,159.990,35155.200,32540.309,17598.942,131.187,999,2.130,7.000,99,9999,99999,9,999999999,0.000,0.999,0,0,999,0.000,0
12,4,2023,18,0,,23.190,16.660,66.000,89238.930,235.694,1407.337,358.949,131.890,429.245,60.694,15826.800,40778.233,6676.348,116.479,999,0.570,8.000,99,9999,99999,9,999999999,0.000,0.999,0,0,999,0.000,0
12,4,2023,19,0,,22.480,16.630,74.000,89238.930,0.000,1407.337,359.286,5.340,0.000,0.000,640.800,0.000,0.000,-0.000,999,0.160,8.000,99,9999,99999,9,999999999,0.960,0.999,0,0,999,0.960,99
12,4,2023,20,0,,21.760,16.600,77.000,89238.930,0.000,1407.337,355.711,0.000,0.000,0.000,0.000,0.000,0.000,-0.000,999,0.060,8.000,99,9999,99999,9,999999999,0.010,0.999,0,0,999,0.010,99
12,4,2023,21,0,,21.040,16.570,75.000,89238.930,0.000,1407.337,348.843,0.000,0.000,0.000,0.000,0.000,0.000,-0.000,999,0.060,8.000,99,9999,99999,9,999999999,0.000,0.999,0,0,999,0.000,0
12,4,2023,22,0,,20.330,16.540,78.000,89238.930,0.000,1407.337,345.383,0.000,0.000,0.000,0.000,0.000,0.000,-0.000,999,0.060,8.000,99,9999,99999,9,999999999,0.000,0.999,0,0,999,0.000,0
12,4,2023,23,0,,19.610,16.500,82.000,89238.930,0.000,1407.337,342.389,0.000,0.000,0.000,0.000,0.000,0.000,-0.000,999,0.060,8.000,99,9999,99999,9,999999999,0.000,0.999,0,0,999,0.000,0
12,4,2023,24,0,,18.890,15.530,80.000,89238.930,0.000,1407.337,335.799,0.000,0.000,0.000,0.000,0.000,0.000,-0.000,999,0.030,8.000,99,9999,99999,9,999999999,0.000,0.999,0,0,999,0.000,0
12,5,2023,1,0,,18.530,15.570,82.000,89238.930,0.000,1407.337,334.308,0.000,0.000,0.000,0.000,0.000,0.000,-0.000,999,0.030,7.000,99,9999,99999,9,999999999,0.000,0.999,0,0,999,0.000,0
12,5,2023,2,0,,18.180,15.610,84.000,89238.930,0.000,1407.337,332.865,0.000,0.000,0.000,0.000,0.000,0.000,-0.000,999,0.030,7.000,99,9999,99999,9,999999999,0.000,0.999,0,0,999,0.000,0
12,5,2023,3,0,,17.820,15.650,87.000,89238.930,0.000,1407.337,331.871,0.000,0.000,0.000,0.000,0.000,0.000,-0.000,999,0.030,7.000,99,9999,99999,9,999999999,0.000,0.999,0,0,999,0.000,0
12,5,2023,4,0,,17.460,15.690,89.000,89238.930,0.000,1407.760,330.290,0.000,0.000,0.000,0.000,0.000,0.000,-0.000,999,0.030,7.000,99,9999,99999,9,999999999,0.000,0.999,0,0,999,0.000,0
12,5,2023,5,0,,17.140,15.720,91.000,89238.930,0.000,1407.760,328.983,0.000,0.000,0.000,0.000,0.000,0.000,-0.000,999,0.030,7.000,99,9999,99999,9,999999999,0.000,0.999,0,0,999,0.000,0
12,5,2023,6,0,,16.910,15.750,92.000,89238.930,152.117,1407.760,327.807,0.000,0.000,0.000,0.000,0.000,0.000,0.000,999,0.030,7.000,99,9999,99999,9,999999999,0.000,0.999,0,0,999,0.000,0
12,5,2023,7,0,,16.670,15.780,94.000,89238.930,465.642,1407.760,327.055,134.950,21.038,128.008,16194.000,1998.566,14080.864,123.477,999,0.030,7.000,99,9999,99999,9,999999999,0.000,0.999,0,0,999,0.000,0
12,5,2023,8,0,,19.500,15.460,77.000,89238.930,762.303,1407.760,338.503,313.480,92.577,263.385,37617.600,8794.798,28972.346,154.935,999,0.040,6.000,99,9999,99999,9,999999999,0.000,0.999,0,0,999,0.000,0
12,5,2023,9,0,,20.360,15.360,73.000,89238.930,1020.432,1407.760,342.355,428.380,81.051,369.645,51405.600,7699.836,40660.934,162.366,999,0.070,7.000,99,9999,99999,9,999999999,0.000,0.999,0,0,999,0.000,0
12,5,2023,10,0,,21.120,15.280,69.000,89238.930,1222.256,1407.760,345.317,532.330,124.479,424.264,63879.600,11825.544,46669.032,155.559,999,0.110,7.000,99,9999,99999,9,999999999,0.000,0.999,0,0,999,0.000,0
12,5,2023,11,0,,21.870,15.190,65.000,89238.930,1353.978,1407.760,348.039,650.050,131.319,523.751,78006.000,12475.315,57612.584,173.341,999,0.400,6.000,99,9999,99999,9,999999999,0.000,0.999,0,0,999,0.000,0
12,5,2023,12,0,,22.640,15.110,62.000,89238.930,1406.614,1407.760,351.539,779.530,306.674,473.105,93543.600,29134.068,52041.578,150.717,999,0.460,5.000,99,9999,99999,9,999999999,0.000,0.999,0,0,999,0.000,0
12,5,2023,13,0,,23.480,15.010,58.000,89238.930,1376.581,1407.760,354.602,935.030,429.503,515.045,112203.600,40802.773,56654.977,167.659,999,0.750,2.000,99,9999,99999,9,999999999,0.000,0.999,0,0,999,0.000,0
12,5,2023,14,0,,24.140,14.930,56.000,89238.930,1265.937,1407.760,357.893,958.290,729.477,302.349,114994.800,69300.313,33258.337,107.030,999,0.880,0.000,99,9999,99999,9,999999999,0.000,0.999,0,0,999,0.000,0
12,5,2023,15,0,,24.480,14.890,55.000,89238.930,1082.245,1407.760,359.596,832.700,865.161,167.724,99924.000,82190.331,18449.656,69.460,999,1.400,0.000,99,9999,99999,9,999999999,0.000,0.999,0,0,999,0.000,0
12,5,2023,16,0,,24.340,14.910,55.000,89238.930,838.068,1407.760,358.514,557.590,593.934,204.198,66910.800,56423.701,22461.807,109.241,999,0.700,5.000,99,9999,99999,9,999999999,0.000,0.999,0,0,999,0.000,0
12,5,2023,17,0,,23.710,14.980,58.000,89238.930,550.178,1407.760,356.369,285.280,306.102,165.843,34233.600,29079.725,18242.708,135.293,999,0.370,8.000,99,9999,99999,9,999999999,0.000,0.999,0,0,999,0.000,0
12,5,2023,18,0,,22.810,15.090,61.000,89238.930,238.920,1407.760,352.020,79.220,57.795,69.503,9506.400,5490.508,7645.357,131.590,999,0.170,8.000,99,9999,99999,9,999999999,0.000,0.999,0,0,999,0.000,0
12,5,2023,19,0,,22.030,15.170,65.000,89238.930,0.000,1407.760,349.255,7.100,0.000,0.000,852.000,0.000,0.000,-0.000,999,0.030,8.000,99,9999,99999,9,999999999,0.000,0.999,0,0,999,0.000,0
12,5,2023,20,0,,21.260,15.260,68.000,89238.930,0.000,1407.760,345.655,0.000,0.000,0.000,0.000,0.000,0.000,-0.000,999,0.030,8.000,99,9999,99999,9,999999999,0.000,0.999,0,0,999,0.000,0
12,5,2023,21,0,,20.480,15.350,72.000,89238.930,0.000,1407.760,342.583,0.000,0.000,0.000,0.000,0.000,0.000,-0.000,999,0.030,8.000,99,9999,99999,9,999999999,0.000,0.999,0,0,999,0.000,0
12,5,2023,22,0,,19.710,15.440,76.000,89238.930,0.000,1407.760,339.440,0.000,0.000,0.000,0.000,0.000,0.000,-0.000,999,0.030,8.000,99,9999,99999,9,999999999,0.000,0.999,0,0,999,0.000,0
12,5,2023,23,0,,18.940,15.520,80.000,89238.930,0.000,1407.760,336.171,0.000,0.000,0.000,0.000,0.000,0.000,-0.000,999,0.030,8.000,99,9999,99999,9,999999999,0.000,0.999,0,0,999,0.000,0
12,5,2023,24,0,,18.160,15.960,86.000,89238.930,0.000,1407.760,333.838,0.000,0.000,0.000,0.000,0.000,0.000,-0.000,999,0.100,8.000,99,9999,99999,9,999999999,0.000,0.999,0,0,999,0.000,0
12,6,2023,1,0,,17.770,15.790,88.000,89238.930,0.000,1407.760,332.043,0.000,0.000,0.000,0.000,0.000,0.000,-0.000,999,0.100,8.000,99,9999,99999,9,999999999,0.000,0.999,0,0,999,0.000,0
12,6,2023,2,0,,17.390,15.620,89.000,89238.930,0.000,1407.760,329.775,0.000,0.000,0.000,0.000,0.000,0.000,-0.000,999,0.100,8.000,99,9999,99999,9,999999999,0.000,0.999,0,0,999,0.000,0
12,6,2023,3,0,,17.000,15.440,90.000,89238.930,0.000,1407.760,327.438,0.000,0.000,0.000,0.000,0.000,0.000,-0.000,999,0.100,8.000,99,9999,99999,9,999999999,0.000,0.999,0,0,999,0.000,0
12,6,2023,4,0,,16.610,15.270,91.000,89238.930,0.000,1408.170,325.106,0.000,0.000,0.000,0.000,0.000,0.000,-0.000,999,0.100,8.000,99,9999,99999,9,999999999,0.000,0.999,0,0,999,0.000,0
12,6,2023,5,0,,16.270,15.110,92.000,89238.930,0.000,1408.170,323.142,0.000,0.000,0.000,0.000,0.000,0.000,-0.000,999,0.100,8.000,99,9999,99999,9,999999999,0.000,0.999,0,0,999,0.000,0
12,6,2023,6,0,,16.010,14.990,93.000,89238.930,151.068,1408.170,321.758,0.000,0.000,0.000,0.000,0.000,0.000,0.000,999,0.100,8.000,99,9999,99999,9,999999999,0.000,0.999,0,0,999,0.000,0
12,6,2023,7,0,,15.760,14.870,94.000,89238.930,464.431,1408.170,320.444,77.610,0.000,77.610,9313.200,0.000,8537.100,75.082,999,0.100,8.000,99,9999,99999,9,999999999,0.000,0.999,0,0,999,0.000,0
12,6,2023,8,0,,18.290,16.010,86.000,89238.930,761.102,1408.170,334.803,215.510,13.447,208.247,25861.200,1277.472,22907.186,122.730,999,0.100,8.000,99,9999,99999,9,999999999,0.000,0.999,0,0,999,0.000,0
12,6,2023,9,0,,19.450,16.510,83.000,89238.930,1019.401,1408.170,341.774,348.090,47.455,313.746,41770.800,4508.192,34512.044,137.992,999,0.100,8.000,99,9999,99999,9,999999999,0.000,0.999,0,0,999,0.000,0
12,6,2023,10,0,,20.520,16.960,80.000,89238.930,1221.540,1408.170,348.084,459.740,42.738,422.670,55168.800,4060.067,46493.722,155.110,999,0.100,8.000,99,9999,99999,9,999999999,0.000,0.999,0,0,999,0.000,0
12,6,2023,11,0,,21.440,17.330,82.000,89238.930,1353.703,1408.170,356.423,541.270,67.962,475.938,64952.400,6456.386,52353.221,157.595,999,0.100,8.000,99,9999,99999,9,999999999,0.060,0.999,0,0,999,0.060,99
12,6,2023,12,0,,22.180,17.630,85.000,89238.930,1406.872,1408.170,364.086,586.580,85.862,500.797,70389.600,8156.925,55087.655,159.556,999,0.140,8.000,99,9999,99999,9,999999999,1.910,0.999,0,0,999,1.910,99
12,6,2023,13,0,,22.730,17.850,73.000,89238.930,1377.428,1408.170,360.541,592.380,98.899,495.641,71085.600,9395.417,54520.537,161.291,999,0.440,8.000,99,9999,99999,9,999999999,0.000,0.999,0,0,999,0.000,0
12,6,2023,14,0,,23.060,17.980,73.000,89238.930,1267.390,1408.170,363.131,558.270,75.671,490.169,66992.400,7188.733,53918.583,173.369,999,0.440,8.000,99,9999,99999,9,999999999,0.000,0.999,0,0,999,0.000,0
12,6,2023,15,0,,23.180,18.020,72.000,89238.930,1084.277,1408.170,363.360,486.710,93.855,414.457,58405.200,8916.234,45590.281,171.369,999,0.760,8.000,99,9999,99999,9,999999999,0.000,0.999,0,0,999,0.000,0
12,6,2023,16,0,,23.050,17.970,78.000,89238.930,840.612,1408.170,366.505,383.000,101.216,322.611,45960.000,9615.494,35487.198,172.115,999,1.110,8.000,99,9999,99999,9,999999999,0.010,0.999,0,0,999,0.010,99
12,6,2023,17,0,,22.590,17.790,79.000,89238.930,553.132,1408.170,363.526,255.340,210.160,172.920,30640.800,19965.191,19021.252,140.351,999,0.550,8.000,99,9999,99999,9,999999999,0.020,0.999,0,0,999,0.020,99
12,6,2023,18,0,,21.880,17.510,76.000,89238.930,242.134,1408.170,355.978,116.520,356.781,55.732,13982.400,33894.208,6130.539,104.122,999,0.490,8.000,99,9999,99999,9,999999999,0.000,0.999,0,0,999,0.000,0
12,6,2023,19,0,,21.160,17.220,78.000,89238.930,0.000,1408.170,351.726,5.590,0.000,0.000,670.800,0.000,0.000,-0.000,999,0.200,8.000,99,9999,99999,9,999999999,0.000,0.999,0,0,999,0.000,0
12,6,2023,20,0,,20.430,16.920,80.000,89238.930,0.000,1408.170,347.396,0.000,0.000,0.000,0.000,0.000,0.000,-0.000,999,0.100,7.000,99,9999,99999,9,999999999,0.000,0.999,0,0,999,0.000,0
12,6,2023,21,0,,19.710,16.620,82.000,89238.930,0.000,1408.170,343.145,0.000,0.000,0.000,0.000,0.000,0.000,-0.000,999,0.100,7.000,99,9999,99999,9,999999999,0.000,0.999,0,0,999,0.000,0
12,6,2023,22,0,,18.990,16.320,84.000,89238.930,0.000,1408.170,338.897,0.000,0.000,0.000,0.000,0.000,0.000,-0.000,999,0.100,6.000,99,9999,99999,9,999999999,0.000,0.999,0,0,999,0.000,0
12,6,2023,23,0,,18.270,16.010,86.000,89238.930,0.000,1408.170,334.654,0.000,0.000,0.000,0.000,0.000,0.000,-0.000,999,0.100,6.000,99,9999,99999,9,999999999,0.000,0.999,0,0,999,0.000,0
12,6,2023,24,0,,17.550,15.640,88.000,89238.930,0.000,1408.170,330.420,0.000,0.000,0.000,0.000,0.000,0.000,-0.000,999,0.030,6.000,99,9999,99999,9,999999999,0.000,0.999,0,0,999,0.000,0
12,7,2023,1,0,,17.190,15.580,90.000,89238.930,0.000,1408.170,328.831,0.000,0.000,0.000,0.000,0.000,0.000,-0.000,999,0.030,5.000,99,9999,99999,9,999999999,0.000,0.999,0,0,999,0.000,0
12,7,2023,2,0,,16.830,15.510,91.000,89238.930,0.000,1408.170,326.711,0.000,0.000,0.000,0.000,0.000,0.000,-0.000,999,0.030,5.000,99,9999,99999,9,999999999,0.000,0.999,0,0,999,0.000,0
12,7,2023,3,0,,16.460,15.440,93.000,89238.930,0.000,1408.170,325.023,0.000,0.000,0.000,0.000,0.000,0.000,-0.000,999,0.030,5.000,99,9999,99999,9,999999999,0.000,0.999,0,0,999,0.000,0
12,7,2023,4,0,,16.100,15.370,95.000,89238.930,0.000,1408.568,323.390,0.000,0.000,0.000,0.000,0.000,0.000,-0.000,999,0.030,4.000,99,9999,99999,9,999999999,0.000,0.999,0,0,999,0.000,0
12,7,2023,5,0,,15.780,15.310,97.000,89238.930,0.000,1408.568,322.030,0.000,0.000,0.000,0.000,0.000,0.000,-0.000,999,0.030,4.000,99,9999,99999,9,999999999,0.000,0.999,0,0,999,0.000,0
12,7,2023,6,0,,15.550,15.260,98.000,89238.930,149.911,1408.568,320.837,0.000,0.000,0.000,0.000,0.000,0.000,0.000,999,0.030,3.000,99,9999,99999,9,999999999,0.000,0.999,0,0,999,0.000,0
12,7,2023,7,0,,15.310,15.220,99.000,89238.930,463.122,1408.568,319.570,172.570,108.726,136.907,20708.400,10329.003,15059.805,132.861,999,0.030,3.000,99,9999,99999,9,999999999,0.000,0.999,0,0,999,0.000,0
12,7,2023,8,0,,23.120,16.670,67.000,89238.930,759.819,1408.568,359.176,576.410,560.202,274.438,69169.200,53219.154,30188.162,162.058,999,0.030,0.000,99,9999,99999,9,999999999,0.000,0.999,0,0,999,0.000,0
12,7,2023,9,0,,23.150,16.670,66.000,89238.930,1018.304,1408.568,358.638,378.860,73.793,325.526,45463.200,7010.369,35807.913,143.368,999,0.030,7.000,99,9999,99999,9,999999999,0.000,0.999,0,0,999,0.000,0
12,7,2023,10,0,,23.100,16.660,67.000,89238.930,1220.775,1408.568,359.020,367.940,3.086,365.266,44152.800,293.145,40179.251,134.166,999,0.040,8.000,99,9999,99999,9,999999999,0.000,0.999,0,0,999,0.000,0
12,7,2023,11,0,,23.010,16.650,67.000,89238.930,1353.392,1408.568,358.320,350.730,16.988,334.408,42087.600,1613.834,36784.891,110.788,999,0.130,8.000,99,9999,99999,9,999999999,0.000,0.999,0,0,999,0.000,0
12,7,2023,12,0,,22.500,16.560,69.000,89238.930,1407.108,1408.568,355.868,224.430,6.610,217.826,26931.600,627.990,23960.907,69.408,999,0.240,8.000,99,9999,99999,9,999999999,0.000,0.999,0,0,999,0.000,0
12,7,2023,13,0,,23.010,16.650,67.000,89238.930,1378.265,1408.568,358.320,514.300,39.519,475.632,61716.000,3754.283,52319.509,154.729,999,0.430,8.000,99,9999,99999,9,999999999,0.000,0.999,0,0,999,0.000,0
12,7,2023,14,0,,23.310,16.700,66.000,89238.930,1268.840,1408.568,359.882,484.960,37.998,450.733,58195.200,3609.856,49580.657,159.283,999,0.910,8.000,99,9999,99999,9,999999999,0.000,0.999,0,0,999,0.000,0
12,7,2023,15,0,,23.400,16.720,66.000,89238.930,1086.310,1408.568,360.584,423.110,34.873,396.221,50773.200,3312.912,43584.306,163.568,999,1.990,8.000,99,9999,99999,9,999999999,0.000,0.999,0,0,999,0.000,0
12,7,2023,16,0,,23.210,16.680,71.000,89238.930,843.157,1408.568,362.870,333.330,74.223,288.924,39999.600,7051.142,31781.675,153.720,999,0.670,8.000,99,9999,99999,9,999999999,0.030,0.999,0,0,999,0.030,99
12,7,2023,17,0,,22.690,16.590,73.000,89238.930,556.081,1408.568,360.228,222.720,113.403,178.021,26726.400,10773.281,19582.293,143.763,999,0.520,8.000,99,9999,99999,9,999999999,0.090,0.999,0,0,999,0.090,99
12,7,2023,18,0,,21.910,16.450,76.000,89238.930,245.335,1408.568,356.210,102.310,238.220,61.188,12277.200,22630.855,6730.692,112.829,999,0.330,8.000,99,9999,99999,9,999999999,0.010,0.999,0,0,999,0.010,99
12,7,2023,19,0,,21.250,16.330,78.000,89238.930,0.000,1408.568,352.419,5.310,0.000,0.000,637.200,0.000,0.000,-0.000,999,0.100,8.000,99,9999,99999,9,999999999,0.330,0.999,0,0,999,0.330,99
12,7,2023,20,0,,20.600,16.210,90.000,89238.930,0.000,1408.568,354.612,0.000,0.000,0.000,0.000,0.000,0.000,-0.000,999,0.050,8.000,99,9999,99999,9,999999999,6.320,0.999,0,0,999,6.320,99
12,7,2023,21,0,,19.950,16.090,83.000,89238.930,0.000,1408.568,345.562,0.000,0.000,0.000,0.000,0.000,0.000,-0.000,999,0.030,8.000,99,9999,99999,9,999999999,0.160,0.999,0,0,999,0.160,99
12,7,2023,22,0,,19.300,15.970,86.000,89238.930,0.000,1408.568,342.376,0.000,0.000,0.000,0.000,0.000,0.000,-0.000,999,0.030,8.000,99,9999,99999,9,999999999,0.050,0.999,0,0,999,0.050,99
12,7,2023,23,0,,18.650,15.850,88.000,89238.930,0.000,1408.568,338.597,0.000,0.000,0.000,0.000,0.000,0.000,-0.000,999,0.030,8.000,99,9999,99999,9,999999999,0.010,0.999,0,0,999,0.010,99
12,7,2023,24,0,,18.000,15.750,91.000,89238.930,0.000,1408.568,335.349,0.000,0.000,0.000,0.000,0.000,0.000,-0.000,999,0.030,8.000,99,9999,99999,9,999999999,0.960,0.999,0,0,999,0.960,99
12,8,2023,1,0,,17.670,15.770,93.000,89238.930,0.000,1408.568,333.930,0.000,0.000,0.000,0.000,0.000,0.000,-0.000,999,0.030,8.000,99,9999,99999,9,999999999,0.030,0.999,0,0,999,0.030,99
12,8,2023,2,0,,17.350,15.790,90.000,89238.930,0.000,1408.568,330.007,0.000,0.000,0.000,0.000,0.000,0.000,-0.000,999,0.030,8.000,99,9999,99999,9,999999999,0.000,0.999,0,0,999,0.000,0
12,8,2023,3,0,,17.020,15.820,92.000,89238.930,0.000,1408.568,328.615,0.000,0.000,0.000,0.000,0.000,0.000,-0.000,999,0.030,8.000,99,9999,99999,9,999999999,0.000,0.999,0,0,999,0.000,0
12,8,2023,4,0,,16.700,15.840,94.000,89238.930,0.000,1408.952,327.275,0.000,0.000,0.000,0.000,0.000,0.000,-0.000,999,0.030,8.000,99,9999,99999,9,999999999,0.000,0.999,0,0,999,0.000,0
12,8,2023,5,0,,16.410,15.860,96.000,89238.930,0.000,1408.952,326.135,0.000,0.000,0.000,0.000,0.000,0.000,-0.000,999,0.030,8.000,99,9999,99999,9,999999999,0.000,0.999,0,0,999,0.000,0
12,8,2023,6,0,,16.190,15.870,97.000,89238.930,148.650,1408.952,325.010,0.000,0.000,0.000,0.000,0.000,0.000,0.000,999,0.030,8.000,99,9999,99999,9,999999999,0.000,0.999,0,0,999,0.000,0
12,8,2023,7,0,,15.980,15.880,99.000,89238.930,461.718,1408.952,324.425,85.510,0.000,85.510,10261.200,0.000,9406.100,83.259,999,0.030,8.000,99,9999,99999,9,999999999,0.000,0.999,0,0,999,0.000,0
12,8,2023,8,0,,18.780,15.700,82.000,89238.930,758.456,1408.952,336.166,239.360,22.761,227.116,28723.200,2162.257,24982.814,134.393,999,0.030,8.000,99,9999,99999,9,999999999,0.000,0.999,0,0,999,0.000,0
12,8,2023,9,0,,20.080,15.610,75.000,89238.930,1017.142,1408.952,341.570,387.570,73.220,334.726,46508.400,6955.886,36819.845,147.629,999,0.030,7.000,99,9999,99999,9,999999999,0.000,0.999,0,0,999,0.000,0
12,8,2023,10,0,,21.270,15.530,69.000,89238.930,1219.962,1408.952,346.452,512.580,108.143,418.952,61509.600,10273.567,46084.740,154.031,999,0.120,7.000,99,9999,99999,9,999999999,0.000,0.999,0,0,999,0.000,0
12,8,2023,11,0,,22.300,15.470,65.000,89238.930,1353.049,1408.952,351.314,604.090,61.855,544.691,72490.800,5876.208,59915.996,180.548,999,0.330,7.000,99,9999,99999,9,999999999,0.000,0.999,0,0,999,0.000,0
12,8,2023,12,0,,23.130,15.410,61.000,89238.930,1407.325,1408.952,354.471,655.260,70.711,584.631,78631.200,6717.542,64309.382,186.309,999,0.380,7.000,99,9999,99999,9,999999999,0.000,0.999,0,0,999,0.000,0
12,8,2023,13,0,,23.750,15.370,59.000,89238.930,1379.093,1408.952,357.550,662.380,81.806,582.308,79485.600,7771.594,64053.931,189.370,999,0.740,7.000,99,9999,99999,9,999999999,0.000,0.999,0,0,999,0.000,0
12,8,2023,14,0,,24.130,15.340,57.000,89238.930,1270.287,1408.952,358.722,624.930,197.231,447.122,74991.600,18736.921,49183.439,157.870,999,0.820,7.000,99,9999,99999,9,999999999,0.000,0.999,0,0,999,0.000,0
12,8,2023,15,0,,24.270,15.330,57.000,89238.930,1088.343,1408.952,359.805,545.640,243.120,357.879,65476.800,23096.429,39366.743,147.504,999,0.940,7.000,99,9999,99999,9,999999999,0.000,0.999,0,0,999,0.000,0
12,8,2023,16,0,,24.120,15.340,57.000,89238.930,845.700,1408.952,358.644,430.360,190.012,316.368,51643.200,18051.103,34800.488,167.861,999,0.720,7.000,99,9999,99999,9,999999999,0.000,0.999,0,0,999,0.000,0
12,8,2023,17,0,,23.620,15.380,59.000,89238.930,559.022,1408.952,356.547,288.180,297.527,170.316,34581.600,28265.089,18734.733,136.852,999,0.550,8.000,99,9999,99999,9,999999999,0.000,0.999,0,0,999,0.000,0
12,8,2023,18,0,,22.830,15.430,68.000,89238.930,248.520,1408.952,357.680,133.230,412.818,61.047,15987.600,39217.674,6715.222,111.133,999,0.320,8.000,99,9999,99999,9,999999999,0.010,0.999,0,0,999,0.010,99
12,8,2023,19,0,,21.910,15.490,66.000,89238.930,0.000,1408.952,349.103,7.450,0.000,0.000,894.000,0.000,0.000,-0.000,999,0.160,8.000,99,9999,99999,9,999999999,0.000,0.999,0,0,999,0.000,0
12,8,2023,20,0,,20.980,15.550,71.000,89238.930,0.000,1408.952,345.668,0.000,0.000,0.000,0.000,0.000,0.000,-0.000,999,0.110,7.000,99,9999,99999,9,999999999,0.000,0.999,0,0,999,0.000,0
12,8,2023,21,0,,20.060,15.620,75.000,89238.930,0.000,1408.952,341.420,0.000,0.000,0.000,0.000,0.000,0.000,-0.000,999,0.080,7.000,99,9999,99999,9,999999999,0.000,0.999,0,0,999,0.000,0
12,8,2023,22,0,,19.130,15.680,80.000,89238.930,0.000,1408.952,337.586,0.000,0.000,0.000,0.000,0.000,0.000,-0.000,999,0.070,7.000,99,9999,99999,9,999999999,0.000,0.999,0,0,999,0.000,0
12,8,2023,23,0,,18.210,15.740,85.000,89238.930,0.000,1408.952,333.651,0.000,0.000,0.000,0.000,0.000,0.000,-0.000,999,0.120,6.000,99,9999,99999,9,999999999,0.000,0.999,0,0,999,0.000,0
12,8,2023,24,0,,17.280,13.160,76.000,89238.930,0.000,1408.952,321.629,0.000,0.000,0.000,0.000,0.000,0.000,-0.000,999,0.140,6.000,99,9999,99999,9,999999999,0.000,0.999,0,0,999,0.000,0
12,9,2023,1,0,,16.820,13.120,78.000,89238.930,0.000,1408.952,319.523,0.000,0.000,0.000,0.000,0.000,0.000,-0.000,999,0.150,6.000,99,9999,99999,9,999999999,0.000,0.999,0,0,999,0.000,0
12,9,2023,2,0,,16.360,13.090,80.000,89238.930,0.000,1408.952,317.394,0.000,0.000,0.000,0.000,0.000,0.000,-0.000,999,0.140,6.000,99,9999,99999,9,999999999,0.000,0.999,0,0,999,0.000,0
12,9,2023,3,0,,15.900,13.050,83.000,89238.930,0.000,1408.952,315.789,0.000,0.000,0.000,0.000,0.000,0.000,-0.000,999,0.140,5.000,99,9999,99999,9,999999999,0.000,0.999,0,0,999,0.000,0
12,9,2023,4,0,,15.430,13.020,85.000,89238.930,0.000,1409.324,313.531,0.000,0.000,0.000,0.000,0.000,0.000,-0.000,999,0.100,5.000,99,9999,99999,9,999999999,0.000,0.999,0,0,999,0.000,0
12,9,2023,5,0,,15.020,12.980,87.000,89238.930,0.000,1409.324,311.679,0.000,0.000,0.000,0.000,0.000,0.000,-0.000,999,0.090,5.000,99,9999,99999,9,999999999,0.000,0.999,0,0,999,0.000,0
12,9,2023,6,0,,14.720,12.960,89.000,89238.930,147.284,1409.324,310.579,0.000,0.000,0.000,0.000,0.000,0.000,0.000,999,0.090,4.000,99,9999,99999,9,999999999,0.000,0.999,0,0,999,0.000,0
12,9,2023,7,0,,14.410,12.940,90.000,89238.930,460.221,1409.324,308.900,164.400,89.883,135.119,19728.000,8538.930,14863.121,132.028,999,0.090,4.000,99,9999,99999,9,999999999,0.000,0.999,0,0,999,0.000,0
12,9,2023,8,0,,19.910,13.350,65.000,89238.930,757.014,1409.324,333.409,477.310,454.437,233.387,57277.200,43171.546,25672.541,138.404,999,0.090,0.000,99,9999,99999,9,999999999,0.000,0.999,0,0,999,0.000,0
12,9,2023,9,0,,21.260,13.460,61.000,89238.930,1015.917,1409.324,340.332,557.240,259.304,370.371,66868.800,24633.846,40740.760,163.590,999,0.090,3.000,99,9999,99999,9,999999999,0.000,0.999,0,0,999,0.000,0
12,9,2023,10,0,,22.540,13.550,56.000,89238.930,1219.102,1409.324,345.712,698.300,275.594,459.927,83796.000,26181.456,50592.013,169.260,999,0.170,4.000,99,9999,99999,9,999999999,0.000,0.999,0,0,999,0.000,0
12,9,2023,11,0,,23.780,13.640,53.000,89238.930,1352.674,1409.324,352.342,835.770,362.451,487.897,100292.400,34432.806,53668.698,161.811,999,0.360,3.000,99,9999,99999,9,999999999,0.000,0.999,0,0,999,0.000,0
12,9,2023,12,0,,24.510,13.700,50.000,89238.930,1407.523,1409.324,354.962,802.040,244.482,557.871,96244.800,23225.780,61365.775,177.803,999,0.490,5.000,99,9999,99999,9,999999999,0.000,0.999,0,0,999,0.000,0
12,9,2023,13,0,,24.780,13.720,50.000,89238.930,1379.911,1409.324,357.029,701.820,103.395,600.584,84218.400,9822.546,66064.229,195.249,999,1.020,6.000,99,9999,99999,9,999999999,0.000,0.999,0,0,999,0.000,0
12,9,2023,14,0,,24.870,13.720,49.000,89238.930,1271.731,1409.324,356.689,647.470,173.817,490.633,77696.400,16512.622,53969.653,173.082,999,1.540,7.000,99,9999,99999,9,999999999,0.000,0.999,0,0,999,0.000,0
12,9,2023,15,0,,24.660,13.710,50.000,89238.930,1090.374,1409.324,356.109,545.410,172.219,412.193,65449.200,16360.815,45341.204,169.618,999,2.030,7.000,99,9999,99999,9,999999999,0.000,0.999,0,0,999,0.000,0
12,9,2023,16,0,,24.380,13.690,51.000,89238.930,848.240,1409.324,354.973,504.840,366.922,284.112,60580.800,34857.544,31252.361,150.334,999,1.200,6.000,99,9999,99999,9,999999999,0.000,0.999,0,0,999,0.000,0
12,9,2023,17,0,,23.930,13.650,52.000,89238.930,561.953,1409.324,352.524,423.410,681.772,151.979,50809.200,64768.301,16717.724,121.511,999,0.440,4.000,99,9999,99999,9,999999999,0.000,0.999,0,0,999,0.000,0
12,9,2023,18,0,,22.930,13.580,55.000,89238.930,251.685,1409.324,347.755,166.010,643.832,52.006,19921.200,61164.009,5720.666,93.488,999,0.090,7.000,99,9999,99999,9,999999999,0.000,0.999,0,0,999,0.000,0
12,9,2023,19,0,,21.970,13.510,58.000,89238.930,0.000,1409.324,343.167,14.270,0.000,0.000,1712.400,0.000,0.000,-0.000,999,0.090,7.000,99,9999,99999,9,999999999,0.000,0.999,0,0,999,0.000,0
12,9,2023,20,0,,21.010,13.440,61.000,89238.930,0.000,1409.324,338.475,0.000,0.000,0.000,0.000,0.000,0.000,-0.000,999,0.090,7.000,99,9999,99999,9,999999999,0.000,0.999,0,0,999,0.000,0
12,9,2023,21,0,,20.050,13.370,65.000,89238.930,0.000,1409.324,334.438,0.000,0.000,0.000,0.000,0.000,0.000,-0.000,999,0.090,7.000,99,9999,99999,9,999999999,0.000,0.999,0,0,999,0.000,0
12,9,2023,22,0,,19.100,13.290,69.000,89238.930,0.000,1409.324,330.308,0.000,0.000,0.000,0.000,0.000,0.000,-0.000,999,0.090,7.000,99,9999,99999,9,999999999,0.000,0.999,0,0,999,0.000,0
12,9,2023,23,0,,18.140,13.220,72.000,89238.930,0.000,1409.324,325.326,0.000,0.000,0.000,0.000,0.000,0.000,-0.000,999,0.090,7.000,99,9999,99999,9,999999999,0.000,0.999,0,0,999,0.000,0
12,9,2023,24,0,,17.180,14.240,82.000,89238.930,0.000,1409.324,324.414,0.000,0.000,0.000,0.000,0.000,0.000,-0.000,999,0.170,7.000,99,9999,99999,9,999999999,0.000,0.999,0,0,999,0.000,0
12,10,2023,1,0,,16.700,14.220,85.000,89238.930,0.000,1409.324,322.603,0.000,0.000,0.000,0.000,0.000,0.000,-0.000,999,0.170,8.000,99,9999,99999,9,999999999,0.000,0.999,0,0,999,0.000,0
12,10,2023,2,0,,16.230,14.200,92.000,89238.930,0.000,1409.324,322.852,0.000,0.000,0.000,0.000,0.000,0.000,-0.000,999,0.170,8.000,99,9999,99999,9,999999999,0.960,0.999,0,0,999,0.960,99
12,10,2023,3,0,,15.750,14.180,95.000,89238.930,0.000,1409.324,320.856,0.000,0.000,0.000,0.000,0.000,0.000,-0.000,999,0.170,8.000,99,9999,99999,9,999999999,0.010,0.999,0,0,999,0.010,99
12,10,2023,4,0,,15.270,14.170,98.000,89238.930,0.000,1409.682,318.819,0.000,0.000,0.000,0.000,0.000,0.000,-0.000,999,0.170,8.000,99,9999,99999,9,999999999,0.030,0.999,0,0,999,0.030,99
12,10,2023,5,0,,14.840,14.150,95.000,89238.930,0.000,1409.682,314.339,0.000,0.000,0.000,0.000,0.000,0.000,-0.000,999,0.170,8.000,99,9999,99999,9,999999999,0.000,0.999,0,0,999,0.000,0
12,10,2023,6,0,,14.530,14.130,97.000,89238.930,145.817,1409.682,313.073,0.000,0.000,0.000,0.000,0.000,0.000,0.000,999,0.170,8.000,99,9999,99999,9,999999999,0.000,0.999,0,0,999,0.000,0
12,10,2023,7,0,,14.210,14.120,99.000,89238.930,458.634,1409.682,311.719,81.720,0.000,81.720,9806.400,0.000,8989.200,80.149,999,0.170,8.000,99,9999,99999,9,999999999,0.000,0.999,0,0,999,0.000,0
12,10,2023,8,0,,17.560,14.260,80.000,89238.930,755.495,1409.682,326.024,230.980,19.629,220.468,27717.600,1864.762,24251.455,131.039,999,0.170,8.000,99,9999,99999,9,999999999,0.000,0.999,0,0,999,0.000,0
12,10,2023,9,0,,19.130,14.320,73.000,89238.930,1014.633,1409.682,333.199,375.060,65.035,328.263,45007.200,6178.337,36108.941,145.212,999,0.170,8.000,99,9999,99999,9,999999999,0.000,0.999,0,0,999,0.000,0
12,10,2023,10,0,,20.560,14.380,67.000,89238.930,1218.197,1409.682,339.674,496.800,96.296,413.593,59616.000,9148.122,45495.199,152.360,999,0.170,7.000,99,9999,99999,9,999999999,0.000,0.999,0,0,999,0.000,0
12,10,2023,11,0,,21.800,14.430,62.000,89238.930,1352.269,1409.682,345.170,586.150,55.010,533.382,70338.000,5225.962,58671.980,176.993,999,0.170,7.000,99,9999,99999,9,999999999,0.000,0.999,0,0,999,0.000,0
12,10,2023,12,0,,22.810,14.470,59.000,89238.930,1407.703,1409.682,350.347,636.430,62.783,573.735,76371.600,5964.387,63110.870,182.883,999,0.230,7.000,99,9999,99999,9,999999999,0.000,0.999,0,0,999,0.000,0
12,10,2023,13,0,,23.550,14.500,56.000,89238.930,1380.721,1409.682,353.364,643.980,72.556,572.915,77277.600,6892.829,63020.696,186.192,999,0.630,7.000,99,9999,99999,9,999999999,0.000,0.999,0,0,999,0.000,0
12,10,2023,14,0,,24.010,14.520,55.000,89238.930,1273.172,1409.682,355.974,608.270,174.939,450.282,72992.400,16619.223,49531.020,158.708,999,0.290,7.000,99,9999,99999,9,999999999,0.000,0.999,0,0,999,0.000,0
12,10,2023,15,0,,24.190,14.530,54.000,89238.930,1092.403,1409.682,356.422,531.880,215.920,364.590,63825.600,20512.435,40104.884,149.788,999,0.730,7.000,99,9999,99999,9,999999999,0.000,0.999,0,0,999,0.000,0
12,10,2023,16,0,,24.030,14.520,55.000,89238.930,850.773,1409.682,356.127,420.460,169.263,318.358,50455.200,16080.020,35019.401,167.995,999,0.430,7.000,99,9999,99999,9,999999999,0.000,0.999,0,0,999,0.000,0
12,10,2023,17,0,,23.440,14.500,57.000,89238.930,564.872,1409.682,353.416,282.770,266.674,176.074,33932.400,25334.046,19368.134,140.081,999,0.370,8.000,99,9999,99999,9,999999999,0.000,0.999,0,0,999,0.000,0
12,10,2023,18,0,,22.490,14.460,60.000,89238.930,254.828,1409.682,348.757,132.370,377.292,64.732,15884.400,35842.773,7120.479,114.935,999,0.170,8.000,99,9999,99999,9,999999999,0.000,0.999,0,0,999,0.000,0
12,10,2023,19,0,,21.550,14.420,63.000,89238.930,0.000,1409.682,344.078,8.490,0.000,0.000,1018.800,0.000,0.000,-0.000,999,0.170,8.000,99,9999,99999,9,999999999,0.000,0.999,0,0,999,0.000,0
12,10,2023,20,0,,20.610,14.380,67.000,89238.930,0.000,1409.682,340.047,0.000,0.000,0.000,0.000,0.000,0.000,-0.000,999,0.170,8.000,99,9999,99999,9,999999999,0.000,0.999,0,0,999,0.000,0
12,10,2023,21,0,,19.670,14.340,71.000,89238.930,0.000,1409.682,335.860,0.000,0.000,0.000,0.000,0.000,0.000,-0.000,999,0.170,8.000,99,9999,99999,9,999999999,0.000,0.999,0,0,999,0.000,0
12,10,2023,22,0,,18.740,14.310,75.000,89238.930,0.000,1409.682,331.614,0.000,0.000,0.000,0.000,0.000,0.000,-0.000,999,0.170,8.000,99,9999,99999,9,999999999,0.000,0.999,0,0,999,0.000,0
12,10,2023,23,0,,17.800,14.270,79.000,89238.930,0.000,1409.682,327.183,0.000,0.000,0.000,0.000,0.000,0.000,-0.000,999,0.170,8.000,99,9999,99999,9,999999999,0.000,0.999,0,0,999,0.000,0
12,10,2023,24,0,,16.860,14.560,83.000,89238.930,0.000,1409.682,322.661,0.000,0.000,0.000,0.000,0.000,0.000,-0.000,999,0.070,8.000,99,9999,99999,9,999999999,0.000,0.999,0,0,999,0.000,0
12,11,2023,1,0,,16.390,14.450,89.000,89238.930,0.000,1409.682,322.482,0.000,0.000,0.000,0.000,0.000,0.000,-0.000,999,0.070,8.000,99,9999,99999,9,999999999,0.130,0.999,0,0,999,0.130,99
12,11,2023,2,0,,15.920,14.340,87.000,89238.930,0.000,1409.682,318.063,0.000,0.000,0.000,0.000,0.000,0.000,-0.000,999,0.070,8.000,99,9999,99999,9,999999999,0.000,0.999,0,0,999,0.000,0
12,11,2023,3,0,,15.450,14.220,93.000,89238.930,0.000,1409.682,317.729,0.000,0.000,0.000,0.000,0.000,0.000,-0.000,999,0.070,8.000,99,9999,99999,9,999999999,0.010,0.999,0,0,999,0.010,99
12,11,2023,4,0,,14.990,14.110,95.000,89238.930,0.000,1410.027,315.406,0.000,0.000,0.000,0.000,0.000,0.000,-0.000,999,0.070,8.000,99,9999,99999,9,999999999,0.030,0.999,0,0,999,0.030,99
12,11,2023,5,0,,14.570,14.010,96.000,89238.930,0.000,1410.027,312.893,0.000,0.000,0.000,0.000,0.000,0.000,-0.000,999,0.070,8.000,99,9999,99999,9,999999999,0.360,0.999,0,0,999,0.360,99
12,11,2023,6,0,,14.260,13.940,98.000,89238.930,144.250,1410.027,311.620,0.000,0.000,0.000,0.000,0.000,0.000,0.000,999,0.070,8.000,99,9999,99999,9,999999999,0.050,0.999,0,0,999,0.050,99
12,11,2023,7,0,,13.950,13.860,99.000,89238.930,456.957,1410.027,309.885,65.650,0.000,65.650,7878.000,0.000,7221.500,64.641,999,0.070,8.000,99,9999,99999,9,999999999,0.020,0.999,0,0,999,0.020,99
12,11,2023,8,0,,17.010,14.600,83.000,89238.930,753.903,1410.027,323.745,186.550,4.560,184.114,22386.000,433.199,20252.504,109.690,999,0.070,8.000,99,9999,99999,9,999999999,0.000,0.999,0,0,999,0.000,0
12,11,2023,9,0,,18.450,14.930,77.000,89238.930,1013.290,1410.027,330.730,303.400,10.521,295.842,36408.000,999.449,32542.587,131.076,999,0.070,8.000,99,9999,99999,9,999999999,0.000,0.999,0,0,999,0.000,0
12,11,2023,10,0,,19.770,15.230,73.000,89238.930,1217.249,1410.027,337.939,402.210,17.768,386.873,48265.200,1687.948,42556.016,142.663,999,0.070,8.000,99,9999,99999,9,999999999,0.000,0.999,0,0,999,0.000,0
12,11,2023,11,0,,20.910,15.490,70.000,89238.930,1351.835,1410.027,344.440,474.830,37.495,438.883,56979.600,3562.014,48277.180,145.718,999,0.120,8.000,99,9999,99999,9,999999999,0.000,0.999,0,0,999,0.000,0
12,11,2023,12,0,,21.840,15.700,67.000,89238.930,1407.865,1410.027,349.320,515.820,41.874,474.011,61898.400,3977.983,52141.181,151.114,999,0.930,8.000,99,9999,99999,9,999999999,0.000,0.999,0,0,999,0.000,0
12,11,2023,13,0,,22.530,15.850,65.000,89238.930,1381.521,1410.027,353.075,522.210,47.300,475.866,62665.200,4493.532,52345.312,154.600,999,1.060,8.000,99,9999,99999,9,999999999,0.000,0.999,0,0,999,0.000,0
12,11,2023,14,0,,22.950,15.940,64.000,89238.930,1274.607,1410.027,355.520,493.540,39.824,457.543,59224.800,3783.294,50329.723,161.124,999,0.960,8.000,99,9999,99999,9,999999999,0.000,0.999,0,0,999,0.000,0
12,11,2023,15,0,,23.120,15.980,64.000,89238.930,1094.427,1410.027,356.833,431.880,36.577,403.496,51825.600,3474.777,44384.522,165.506,999,1.020,8.000,99,9999,99999,9,999999999,0.000,0.999,0,0,999,0.000,0
12,11,2023,16,0,,22.970,15.940,64.000,89238.930,853.300,1410.027,355.674,341.790,77.773,294.749,41014.800,7388.404,32422.339,155.113,999,0.500,8.000,99,9999,99999,9,999999999,0.000,0.999,0,0,999,0.000,0
12,11,2023,17,0,,22.430,15.830,70.000,89238.930,567.776,1410.027,356.058,230.350,118.129,182.854,27642.000,11222.299,20113.976,144.764,999,0.090,8.000,99,9999,99999,9,999999999,0.070,0.999,0,0,999,0.070,99
12,11,2023,18,0,,21.560,15.630,81.000,89238.930,257.945,1410.027,356.733,108.480,248.407,63.405,13017.600,23598.650,6974.518,111.224,999,0.070,8.000,99,9999,99999,9,999999999,13.270,0.999,0,0,999,13.270,99
12,11,2023,19,0,,20.690,15.440,75.000,89238.930,0.000,1410.027,346.178,7.410,0.000,0.000,889.200,0.000,0.000,-0.000,999,0.070,8.000,99,9999,99999,9,999999999,0.550,0.999,0,0,999,0.550,99
12,11,2023,20,0,,19.820,15.240,77.000,89238.930,0.000,1410.027,340.900,0.000,0.000,0.000,0.000,0.000,0.000,-0.000,999,0.070,8.000,99,9999,99999,9,999999999,0.970,0.999,0,0,999,0.970,99
12,11,2023,21,0,,18.940,15.040,80.000,89238.930,0.000,1410.027,336.171,0.000,0.000,0.000,0.000,0.000,0.000,-0.000,999,0.070,8.000,99,9999,99999,9,999999999,0.100,0.999,0,0,999,0.100,99
12,11,2023,22,0,,18.070,14.840,83.000,89238.930,0.000,1410.027,331.485,0.000,0.000,0.000,0.000,0.000,0.000,-0.000,999,0.070,8.000,99,9999,99999,9,999999999,0.260,0.999,0,0,999,0.260,99
12,11,2023,23,0,,17.200,14.640,86.000,89238.930,0.000,1410.027,326.775,0.000,0.000,0.000,0.000,0.000,0.000,-0.000,999,0.070,8.000,99,9999,99999,9,999999999,0.180,0.999,0,0,999,0.180,99
12,11,2023,24,0,,16.320,13.260,82.000,89238.930,0.000,1410.027,318.230,0.000,0.000,0.000,0.000,0.000,0.000,-0.000,999,0.060,8.000,99,9999,99999,9,999999999,0.000,0.999,0,0,999,0.000,0
12,12,2023,1,0,,15.890,13.180,83.000,89238.930,0.000,1410.027,315.718,0.000,0.000,0.000,0.000,0.000,0.000,-0.000,999,0.060,8.000,99,9999,99999,9,999999999,0.000,0.999,0,0,999,0.000,0
12,12,2023,2,0,,15.450,13.100,85.000,89238.930,0.000,1410.027,313.672,0.000,0.000,0.000,0.000,0.000,0.000,-0.000,999,0.060,8.000,99,9999,99999,9,999999999,0.000,0.999,0,0,999,0.000,0
12,12,2023,3,0,,15.010,13.010,87.000,89238.930,0.000,1410.027,311.608,0.000,0.000,0.000,0.000,0.000,0.000,-0.000,999,0.060,8.000,99,9999,99999,9,999999999,0.000,0.999,0,0,999,0.000,0
12,12,2023,4,0,,14.570,12.930,89.000,89238.930,0.000,1410.358,309.527,0.000,0.000,0.000,0.000,0.000,0.000,-0.000,999,0.060,8.000,99,9999,99999,9,999999999,0.000,0.999,0,0,999,0.000,0
12,12,2023,5,0,,14.190,12.850,91.000,89238.930,0.000,1410.358,307.849,0.000,0.000,0.000,0.000,0.000,0.000,-0.000,999,0.060,8.000,99,9999,99999,9,999999999,0.000,0.999,0,0,999,0.000,0
12,12,2023,6,0,,13.900,12.800,93.000,89238.930,142.585,1410.358,306.781,0.000,0.000,0.000,0.000,0.000,0.000,0.000,999,0.060,8.000,99,9999,99999,9,999999999,0.000,0.999,0,0,999,0.000,0
12,12,2023,7,0,,13.610,12.740,94.000,89238.930,455.195,1410.358,305.231,108.770,0.000,108.770,13052.400,0.000,11964.700,107.541,999,0.060,8.000,99,9999,99999,9,999999999,0.000,0.999,0,0,999,0.000,0
12,12,2023,8,0,,17.390,13.460,77.000,89238.930,752.240,1410.358,323.022,310.870,99.695,257.735,37304.400,9470.979,28350.881,153.928,999,0.060,6.000,99,9999,99999,9,999999999,0.000,0.999,0,0,999,0.000,0
12,12,2023,9,0,,17.150,13.420,78.000,89238.930,1011.891,1410.358,321.889,170.210,1.433,169.182,20425.200,136.138,18610.034,75.079,999,0.120,8.000,99,9999,99999,9,999999999,0.000,0.999,0,0,999,0.000,0
12,12,2023,10,0,,19.290,13.820,70.000,89238.930,1216.260,1410.358,332.381,671.920,351.767,368.595,80630.400,33417.898,40545.407,136.065,999,0.120,4.000,99,9999,99999,9,999999999,0.000,0.999,0,0,999,0.000,0
12,12,2023,11,0,,21.020,14.130,64.000,89238.930,1351.373,1410.358,340.879,793.730,303.575,502.858,95247.600,28839.663,55314.432,167.056,999,0.180,4.000,99,9999,99999,9,999999999,0.000,0.999,0,0,999,0.000,0
12,12,2023,12,0,,22.370,14.370,60.000,89238.930,1408.010,1410.358,347.849,862.700,357.230,506.065,103524.000,33936.851,55667.146,161.354,999,0.310,4.000,99,9999,99999,9,999999999,0.000,0.999,0,0,999,0.000,0
12,12,2023,13,0,,23.370,14.550,57.000,89238.930,1382.312,1410.358,352.882,873.840,415.768,466.345,104860.800,39497.938,51297.942,151.456,999,0.930,4.000,99,9999,99999,9,999999999,0.000,0.999,0,0,999,0.000,0
12,12,2023,14,0,,24.010,14.660,55.000,89238.930,1276.038,1410.358,355.974,826.340,431.580,435.889,99160.800,41000.075,47947.746,153.363,999,1.040,4.000,99,9999,99999,9,999999999,0.000,0.999,0,0,999,0.000,0
12,12,2023,15,0,,24.300,14.710,55.000,89238.930,1096.447,1410.358,358.206,723.650,508.947,328.058,86838.000,48349.958,36086.409,134.347,999,0.900,4.000,99,9999,99999,9,999999999,0.000,0.999,0,0,999,0.000,0
12,12,2023,16,0,,24.240,14.700,55.000,89238.930,855.816,1410.358,357.743,573.330,644.289,182.567,68799.600,61207.467,20082.366,95.816,999,0.650,5.000,99,9999,99999,9,999999999,0.000,0.999,0,0,999,0.000,0
12,12,2023,17,0,,23.670,14.600,56.000,89238.930,570.662,1410.358,354.281,387.200,661.140,120.086,46464.000,62808.324,13209.435,94.610,999,0.380,5.000,99,9999,99999,9,999999999,0.000,0.999,0,0,999,0.000,0
12,12,2023,18,0,,22.680,14.430,59.000,89238.930,261.035,1410.358,349.360,183.430,590.778,74.950,22011.600,56123.920,8244.499,129.926,999,0.300,7.000,99,9999,99999,9,999999999,0.000,0.999,0,0,999,0.000,0
12,12,2023,19,0,,21.810,14.270,62.000,89238.930,0.000,1410.358,345.245,13.310,0.000,0.000,1597.200,0.000,0.000,-0.000,999,0.070,7.000,99,9999,99999,9,999999999,0.000,0.999,0,0,999,0.000,0
12,12,2023,20,0,,20.940,14.120,64.000,89238.930,0.000,1410.358,340.282,0.000,0.000,0.000,0.000,0.000,0.000,-0.000,999,0.060,7.000,99,9999,99999,9,999999999,0.000,0.999,0,0,999,0.000,0
12,12,2023,21,0,,20.080,13.960,67.000,89238.930,0.000,1410.358,336.110,0.000,0.000,0.000,0.000,0.000,0.000,-0.000,999,0.060,7.000,99,9999,99999,9,999999999,0.000,0.999,0,0,999,0.000,0
12,12,2023,22,0,,19.210,13.800,70.000,89238.930,0.000,1410.358,331.794,0.000,0.000,0.000,0.000,0.000,0.000,-0.000,999,0.060,7.000,99,9999,99999,9,999999999,0.000,0.999,0,0,999,0.000,0
12,12,2023,23,0,,18.340,13.640,74.000,89238.930,0.000,1410.358,328.056,0.000,0.000,0.000,0.000,0.000,0.000,-0.000,999,0.060,7.000,99,9999,99999,9,999999999,0.000,0.999,0,0,999,0.000,0
12,12,2023,24,0,,17.470,14.970,85.000,89238.930,0.000,1410.358,328.201,0.000,0.000,0.000,0.000,0.000,0.000,-0.000,999,0.020,7.000,99,9999,99999,9,999999999,0.000,0.999,0,0,999,0.000,0
12,13,2023,1,0,,17.040,14.920,87.000,89238.930,0.000,1410.358,326.147,0.000,0.000,0.000,0.000,0.000,0.000,-0.000,999,0.020,6.000,99,9999,99999,9,999999999,0.000,0.999,0,0,999,0.000,0
12,13,2023,2,0,,16.610,14.880,89.000,89238.930,0.000,1410.358,324.076,0.000,0.000,0.000,0.000,0.000,0.000,-0.000,999,0.020,6.000,99,9999,99999,9,999999999,0.000,0.999,0,0,999,0.000,0
12,13,2023,3,0,,16.170,14.830,91.000,89238.930,0.000,1410.358,321.914,0.000,0.000,0.000,0.000,0.000,0.000,-0.000,999,0.020,6.000,99,9999,99999,9,999999999,0.000,0.999,0,0,999,0.000,0
12,13,2023,4,0,,15.740,14.790,94.000,89238.930,0.000,1410.675,320.299,0.000,0.000,0.000,0.000,0.000,0.000,-0.000,999,0.020,6.000,99,9999,99999,9,999999999,0.000,0.999,0,0,999,0.000,0
12,13,2023,5,0,,15.350,14.750,96.000,89238.930,0.000,1410.675,318.455,0.000,0.000,0.000,0.000,0.000,0.000,-0.000,999,0.020,6.000,99,9999,99999,9,999999999,0.000,0.999,0,0,999,0.000,0
12,13,2023,6,0,,15.070,14.720,97.000,89238.930,140.826,1410.675,316.918,0.000,0.000,0.000,0.000,0.000,0.000,0.000,999,0.020,6.000,99,9999,99999,9,999999999,0.000,0.999,0,0,999,0.000,0
12,13,2023,7,0,,14.780,14.690,99.000,89238.930,453.348,1410.675,315.768,144.310,39.906,131.518,17317.200,3791.060,14466.943,130.593,999,0.020,6.000,99,9999,99999,9,999999999,0.000,0.999,0,0,999,0.000,0
12,13,2023,8,0,,18.890,15.110,78.000,89238.930,750.507,1410.675,334.586,400.810,246.451,269.791,48097.200,23412.818,29676.957,161.537,999,0.020,0.000,99,9999,99999,9,999999999,0.000,0.999,0,0,999,0.000,0
12,13,2023,9,0,,20.930,15.310,70.000,89238.930,1010.438,1410.675,344.591,680.260,542.710,291.636,81631.200,51557.468,32079.945,129.637,999,0.020,0.000,99,9999,99999,9,999999999,0.000,0.999,0,0,999,0.000,0
12,13,2023,10,0,,21.850,15.410,66.000,89238.930,1215.232,1410.675,348.647,652.080,313.863,381.729,78249.600,29816.938,41990.232,141.065,999,0.100,5.000,99,9999,99999,9,999999999,0.000,0.999,0,0,999,0.000,0
12,13,2023,11,0,,23.420,15.560,61.000,89238.930,1350.885,1410.675,356.703,992.300,584.687,432.409,119076.000,55545.261,47565.032,143.736,999,0.280,0.000,99,9999,99999,9,999999999,0.000,0.999,0,0,999,0.000,0
12,13,2023,12,0,,24.460,15.660,57.000,89238.930,1408.139,1410.675,361.280,987.900,451.729,536.983,118548.000,42914.292,59068.145,171.235,999,0.460,0.000,99,9999,99999,9,999999999,0.000,0.999,0,0,999,0.000,0
12,13,2023,13,0,,24.640,15.680,57.000,89238.930,1383.093,1410.675,362.682,727.060,201.345,529.654,87247.200,19127.759,58261.963,171.958,999,1.100,6.000,99,9999,99999,9,999999999,0.000,0.999,0,0,999,0.000,0
12,13,2023,14,0,,23.920,15.610,59.000,89238.930,1277.462,1410.675,358.864,430.030,16.470,415.116,51603.600,1564.649,45662.790,145.924,999,0.950,8.000,99,9999,99999,9,999999999,0.000,0.999,0,0,999,0.000,0
12,13,2023,15,0,,23.240,15.540,61.000,89238.930,1098.459,1410.675,355.316,385.230,72.446,328.829,46227.600,6882.366,36171.172,134.445,999,0.890,8.000,99,9999,99999,9,999999999,0.000,0.999,0,0,999,0.000,0
12,13,2023,16,0,,23.050,15.530,62.000,89238.930,858.321,1410.675,354.680,526.960,416.147,273.883,63235.200,39533.922,30127.161,143.354,999,0.840,6.000,99,9999,99999,9,999999999,0.000,0.999,0,0,999,0.000,0
12,13,2023,17,0,,22.560,15.480,64.000,89238.930,573.528,1410.675,352.523,382.750,634.442,125.189,45930.000,60271.975,13770.769,98.158,999,0.420,6.000,99,9999,99999,9,999999999,0.000,0.999,0,0,999,0.000,0
12,13,2023,18,0,,21.630,15.380,67.000,89238.930,264.094,1410.675,347.724,136.650,445.583,53.876,16398.000,42330.341,5926.393,92.317,999,0.330,8.000,99,9999,99999,9,999999999,0.000,0.999,0,0,999,0.000,0
12,13,2023,19,0,,21.200,15.340,69.000,89238.930,0.000,1410.675,345.922,13.830,0.000,0.000,1659.600,0.000,0.000,-0.000,999,0.140,8.000,99,9999,99999,9,999999999,0.000,0.999,0,0,999,0.000,0
12,13,2023,20,0,,20.770,15.300,75.000,89238.930,0.000,1410.675,346.786,0.000,0.000,0.000,0.000,0.000,0.000,-0.000,999,0.050,8.000,99,9999,99999,9,999999999,0.960,0.999,0,0,999,0.960,99
12,13,2023,21,0,,20.330,15.250,77.000,89238.930,0.000,1410.675,344.747,0.000,0.000,0.000,0.000,0.000,0.000,-0.000,999,0.030,8.000,99,9999,99999,9,999999999,0.030,0.999,0,0,999,0.030,99
12,13,2023,22,0,,19.900,15.210,74.000,89238.930,0.000,1410.675,339.568,0.000,0.000,0.000,0.000,0.000,0.000,-0.000,999,0.020,8.000,99,9999,99999,9,999999999,0.000,0.999,0,0,999,0.000,0
12,13,2023,23,0,,19.470,15.170,81.000,89238.930,0.000,1410.675,340.735,0.000,0.000,0.000,0.000,0.000,0.000,-0.000,999,0.020,8.000,99,9999,99999,9,999999999,0.010,0.999,0,0,999,0.010,99
12,13,2023,24,0,,19.040,17.170,86.000,89238.930,0.000,1410.675,340.414,0.000,0.000,0.000,0.000,0.000,0.000,-0.000,999,0.050,8.000,99,9999,99999,9,999999999,0.000,0.999,0,0,999,0.000,0
12,14,2023,1,0,,18.820,17.240,87.000,89238.930,0.000,1410.675,339.321,0.000,0.000,0.000,0.000,0.000,0.000,-0.000,999,0.030,8.000,99,9999,99999,9,999999999,0.000,0.999,0,0,999,0.000,0
12,14,2023,2,0,,18.610,17.310,89.000,89238.930,0.000,1410.675,338.844,0.000,0.000,0.000,0.000,0.000,0.000,-0.000,999,0.030,8.000,99,9999,99999,9,999999999,0.000,0.999,0,0,999,0.000,0
12,14,2023,3,0,,18.390,17.380,90.000,89238.930,0.000,1410.675,337.733,0.000,0.000,0.000,0.000,0.000,0.000,-0.000,999,0.030,8.000,99,9999,99999,9,999999999,0.000,0.999,0,0,999,0.000,0
12,14,2023,4,0,,18.170,17.450,92.000,89238.930,0.000,1410.979,337.144,0.000,0.000,0.000,0.000,0.000,0.000,-0.000,999,0.030,8.000,99,9999,99999,9,999999999,0.000,0.999,0,0,999,0.000,0
12,14,2023,5,0,,17.980,17.510,93.000,89238.930,0.000,1410.979,336.242,0.000,0.000,0.000,0.000,0.000,0.000,-0.000,999,0.030,8.000,99,9999,99999,9,999999999,0.000,0.999,0,0,999,0.000,0
12,14,2023,6,0,,17.840,17.560,99.000,89238.930,138.975,1410.979,338.204,0.000,0.000,0.000,0.000,0.000,0.000,0.000,999,0.030,8.000,99,9999,99999,9,999999999,0.010,0.999,0,0,999,0.010,99
12,14,2023,7,0,,17.700,17.600,95.000,89238.930,451.421,1410.979,335.171,67.540,0.000,67.540,8104.800,0.000,7429.400,67.368,999,0.030,8.000,99,9999,99999,9,999999999,0.000,0.999,0,0,999,0.000,0
12,14,2023,8,0,,20.630,16.650,76.000,89238.930,748.709,1410.979,346.378,261.920,37.948,241.799,31430.400,3605.068,26597.848,145.156,999,0.030,7.000,99,9999,99999,9,999999999,0.000,0.999,0,0,999,0.000,0
12,14,2023,9,0,,23.250,15.750,62.000,89238.930,1008.934,1410.979,356.219,604.740,336.232,364.382,72568.800,31942.001,40081.988,162.251,999,0.030,0.000,99,9999,99999,9,999999999,0.000,0.999,0,0,999,0.000,0
12,14,2023,10,0,,24.380,15.340,56.000,89238.930,1214.167,1410.979,359.748,566.020,178.538,412.401,67922.400,16961.122,45364.138,152.566,999,0.100,6.000,99,9999,99999,9,999999999,0.000,0.999,0,0,999,0.000,0
12,14,2023,11,0,,24.040,15.460,58.000,89238.930,1350.371,1410.979,358.917,278.950,2.815,276.256,33474.000,267.391,30388.196,91.884,999,0.210,8.000,99,9999,99999,9,999999999,0.000,0.999,0,0,999,0.000,0
12,14,2023,12,0,,23.760,15.560,59.000,89238.930,1408.253,1410.979,357.627,262.050,2.759,259.296,31446.000,262.097,28522.606,82.696,999,0.400,8.000,99,9999,99999,9,999999999,0.000,0.999,0,0,999,0.000,0
12,14,2023,13,0,,24.300,15.370,57.000,89238.930,1383.865,1410.979,360.038,554.440,51.190,504.234,66532.800,4863.061,55465.754,163.649,999,0.970,8.000,99,9999,99999,9,999999999,0.000,0.999,0,0,999,0.000,0
12,14,2023,14,0,,24.650,15.240,55.000,89238.930,1278.879,1410.979,360.914,524.920,88.310,444.883,62990.400,8389.407,48937.170,156.248,999,1.870,8.000,99,9999,99999,9,999999999,0.000,0.999,0,0,999,0.000,0
12,14,2023,15,0,,24.790,15.190,55.000,89238.930,1100.462,1410.979,362.001,460.370,116.655,369.404,55244.400,11082.262,40634.484,150.793,999,1.860,8.000,99,9999,99999,9,999999999,0.000,0.999,0,0,999,0.000,0
12,14,2023,16,0,,24.690,15.230,55.000,89238.930,860.811,1410.979,361.224,365.540,98.279,305.612,43864.800,9336.491,33617.279,159.532,999,1.460,8.000,99,9999,99999,9,999999999,0.000,0.999,0,0,999,0.000,0
12,14,2023,17,0,,24.290,15.370,57.000,89238.930,576.371,1410.979,359.961,247.880,148.411,187.344,29745.600,14099.021,20607.821,146.197,999,2.240,8.000,99,9999,99999,9,999999999,0.000,0.999,0,0,999,0.000,0
12,14,2023,18,0,,23.620,15.610,60.000,89238.930,267.118,1410.979,357.404,118.770,297.121,62.946,14252.400,28226.470,6924.033,106.642,999,1.030,8.000,99,9999,99999,9,999999999,0.000,0.999,0,0,999,0.000,0
12,14,2023,19,0,,22.770,15.910,64.000,89238.930,0.000,1410.979,354.135,9.630,0.000,0.000,1155.600,0.000,0.000,-0.000,999,0.440,8.000,99,9999,99999,9,999999999,0.000,0.999,0,0,999,0.000,0
12,14,2023,20,0,,21.920,16.210,73.000,89238.930,0.000,1410.979,354.244,0.000,0.000,0.000,0.000,0.000,0.000,-0.000,999,0.140,8.000,99,9999,99999,9,999999999,0.110,0.999,0,0,999,0.110,99
12,14,2023,21,0,,21.070,16.500,82.000,89238.930,0.000,1410.979,353.551,0.000,0.000,0.000,0.000,0.000,0.000,-0.000,999,0.060,8.000,99,9999,99999,9,999999999,2.830,0.999,0,0,999,2.830,99
12,14,2023,22,0,,20.220,16.780,83.000,89238.930,0.000,1410.979,347.621,0.000,0.000,0.000,0.000,0.000,0.000,-0.000,999,0.050,8.000,99,9999,99999,9,999999999,0.020,0.999,0,0,999,0.020,99
12,14,2023,23,0,,19.370,17.060,88.000,89238.930,0.000,1410.979,344.034,0.000,0.000,0.000,0.000,0.000,0.000,-0.000,999,0.040,8.000,99,9999,99999,9,999999999,0.040,0.999,0,0,999,0.040,99
12,14,2023,24,0,,18.510,14.980,79.000,89238.930,0.000,1410.979,332.385,0.000,0.000,0.000,0.000,0.000,0.000,-0.000,999,1.210,8.000,99,9999,99999,9,999999999,0.000,0.999,0,0,999,0.000,0
12,15,2023,1,0,,18.090,14.970,81.000,89238.930,0.000,1410.979,330.479,0.000,0.000,0.000,0.000,0.000,0.000,-0.000,999,1.400,8.000,99,9999,99999,9,999999999,0.000,0.999,0,0,999,0.000,0
12,15,2023,2,0,,17.660,14.960,84.000,89238.930,0.000,1410.979,329.037,0.000,0.000,0.000,0.000,0.000,0.000,-0.000,999,1.320,8.000,99,9999,99999,9,999999999,0.000,0.999,0,0,999,0.000,0
12,15,2023,3,0,,17.240,14.950,86.000,89238.930,0.000,1410.979,327.067,0.000,0.000,0.000,0.000,0.000,0.000,-0.000,999,0.650,8.000,99,9999,99999,9,999999999,0.000,0.999,0,0,999,0.000,0
12,15,2023,4,0,,16.810,14.940,88.000,89238.930,0.000,1411.268,325.005,0.000,0.000,0.000,0.000,0.000,0.000,-0.000,999,0.430,8.000,99,9999,99999,9,999999999,0.000,0.999,0,0,999,0.000,0
12,15,2023,5,0,,16.430,14.930,90.000,89238.930,0.000,1411.268,323.287,0.000,0.000,0.000,0.000,0.000,0.000,-0.000,999,0.430,8.000,99,9999,99999,9,999999999,0.000,0.999,0,0,999,0.000,0
12,15,2023,6,0,,16.150,14.920,92.000,89238.930,137.033,1411.268,322.273,0.000,0.000,0.000,0.000,0.000,0.000,0.000,999,0.430,8.000,99,9999,99999,9,999999999,0.000,0.999,0,0,999,0.000,0
12,15,2023,7,0,,15.870,14.910,94.000,89238.930,449.415,1411.268,321.237,92.530,0.000,92.530,11103.600,0.000,10178.300,92.727,999,0.430,8.000,99,9999,99999,9,999999999,0.000,0.999,0,0,999,0.000,0
12,15,2023,8,0,,18.880,14.990,78.000,89238.930,746.846,1411.268,334.512,269.720,42.444,247.275,32366.400,4032.173,27200.303,148.846,999,0.430,7.000,99,9999,99999,9,999999999,0.000,0.999,0,0,999,0.000,0
12,15,2023,9,0,,20.320,15.030,71.000,89238.930,1007.381,1411.268,340.699,441.820,92.001,376.167,53018.400,8740.124,41378.353,167.791,999,0.550,6.000,99,9999,99999,9,999999999,0.000,0.999,0,0,999,0.000,0
12,15,2023,10,0,,21.640,15.070,66.000,89238.930,1213.066,1411.268,347.053,587.890,193.936,421.208,70546.800,18423.920,46332.899,155.997,999,0.430,6.000,99,9999,99999,9,999999999,0.000,0.999,0,0,999,0.000,0
12,15,2023,11,0,,22.800,15.100,61.000,89238.930,1349.834,1411.268,351.943,695.830,111.674,589.020,83499.600,10609.018,64792.237,196.030,999,0.470,6.000,99,9999,99999,9,999999999,0.000,0.999,0,0,999,0.000,0
12,15,2023,12,0,,23.740,15.120,58.000,89238.930,1408.351,1411.268,356.600,757.540,127.972,629.833,90904.800,12157.321,69281.617,200.898,999,1.160,6.000,99,9999,99999,9,999999999,0.000,0.999,0,0,999,0.000,0
12,15,2023,13,0,,24.430,15.140,56.000,89238.930,1384.628,1411.268,360.135,768.540,147.440,623.885,92224.800,14006.778,68627.359,202.412,999,1.950,6.000,99,9999,99999,9,999999999,0.000,0.999,0,0,999,0.000,0
12,15,2023,14,0,,24.870,15.150,54.000,89238.930,1280.287,1411.268,361.675,728.050,279.107,474.863,87366.000,26515.163,52234.950,166.628,999,1.230,6.000,99,9999,99999,9,999999999,0.000,0.999,0,0,999,0.000,0
12,15,2023,15,0,,25.050,15.160,54.000,89238.930,1102.454,1411.268,363.075,638.990,311.974,395.328,76678.800,29637.559,43486.043,161.116,999,0.430,6.000,99,9999,99999,9,999999999,0.000,0.999,0,0,999,0.000,0
12,15,2023,16,0,,24.920,15.150,54.000,89238.930,863.284,1411.268,362.063,507.920,377.854,276.897,60950.400,35896.171,30458.640,144.157,999,0.430,6.000,99,9999,99999,9,999999999,0.000,0.999,0,0,999,0.000,0
12,15,2023,17,0,,24.400,15.140,56.000,89238.930,579.188,1411.268,359.903,345.120,475.304,150.335,41414.400,45153.842,16536.844,116.768,999,0.430,7.000,99,9999,99999,9,999999999,0.000,0.999,0,0,999,0.000,0
12,15,2023,18,0,,23.540,15.120,59.000,89238.930,270.104,1411.268,355.931,166.270,567.892,58.384,19952.400,53949.744,6422.210,97.823,999,0.430,8.000,99,9999,99999,9,999999999,0.000,0.999,0,0,999,0.000,0
12,15,2023,19,0,,22.690,15.090,62.000,89238.930,0.000,1411.268,351.920,14.180,0.000,0.000,1701.600,0.000,0.000,-0.000,999,0.430,8.000,99,9999,99999,9,999999999,0.000,0.999,0,0,999,0.000,0
12,15,2023,20,0,,21.830,15.070,65.000,89238.930,0.000,1411.268,347.736,0.000,0.000,0.000,0.000,0.000,0.000,-0.000,999,0.430,8.000,99,9999,99999,9,999999999,0.000,0.999,0,0,999,0.000,0
12,15,2023,21,0,,20.980,15.050,68.000,89238.930,0.000,1411.268,343.543,0.000,0.000,0.000,0.000,0.000,0.000,-0.000,999,0.430,8.000,99,9999,99999,9,999999999,0.000,0.999,0,0,999,0.000,0
12,15,2023,22,0,,20.120,15.030,72.000,89238.930,0.000,1411.268,339.883,0.000,0.000,0.000,0.000,0.000,0.000,-0.000,999,0.430,8.000,99,9999,99999,9,999999999,0.000,0.999,0,0,999,0.000,0
12,15,2023,23,0,,19.270,15.000,76.000,89238.930,0.000,1411.268,336.160,0.000,0.000,0.000,0.000,0.000,0.000,-0.000,999,0.430,8.000,99,9999,99999,9,999999999,0.000,0.999,0,0,999,0.000,0
12,15,2023,24,0,,18.410,15.780,81.000,89238.930,0.000,1411.268,332.836,0.000,0.000,0.000,0.000,0.000,0.000,-0.000,999,0.120,8.000,99,9999,99999,9,999999999,0.000,0.999,0,0,999,0.000,0
12,16,2023,1,0,,17.990,15.640,82.000,89238.930,0.000,1411.268,330.323,0.000,0.000,0.000,0.000,0.000,0.000,-0.000,999,0.120,8.000,99,9999,99999,9,999999999,0.000,0.999,0,0,999,0.000,0
12,16,2023,2,0,,17.560,15.500,84.000,89238.930,0.000,1411.268,328.304,0.000,0.000,0.000,0.000,0.000,0.000,-0.000,999,0.120,8.000,99,9999,99999,9,999999999,0.000,0.999,0,0,999,0.000,0
12,16,2023,3,0,,17.130,15.350,85.000,89238.930,0.000,1411.268,325.720,0.000,0.000,0.000,0.000,0.000,0.000,-0.000,999,0.120,8.000,99,9999,99999,9,999999999,0.000,0.999,0,0,999,0.000,0
12,16,2023,4,0,,16.700,15.200,87.000,89238.930,0.000,1411.544,323.677,0.000,0.000,0.000,0.000,0.000,0.000,-0.000,999,0.120,8.000,99,9999,99999,9,999999999,0.000,0.999,0,0,999,0.000,0
12,16,2023,5,0,,16.320,15.070,92.000,89238.930,0.000,1411.544,323.504,0.000,0.000,0.000,0.000,0.000,0.000,-0.000,999,0.120,8.000,99,9999,99999,9,999999999,0.960,0.999,0,0,999,0.960,99
12,16,2023,6,0,,16.040,14.970,93.000,89238.930,135.006,1411.544,321.975,0.000,0.000,0.000,0.000,0.000,0.000,0.000,999,0.120,8.000,99,9999,99999,9,999999999,0.010,0.999,0,0,999,0.010,99
12,16,2023,7,0,,15.760,14.880,94.000,89238.930,447.334,1411.544,320.444,88.130,0.000,88.130,10575.600,0.000,9694.300,88.749,999,0.120,8.000,99,9999,99999,9,999999999,0.030,0.999,0,0,999,0.030,99
12,16,2023,8,0,,18.880,15.940,80.000,89238.930,744.923,1411.544,335.724,258.840,35.833,239.944,31060.800,3404.181,26393.809,144.835,999,0.120,7.000,99,9999,99999,9,999999999,0.000,0.999,0,0,999,0.000,0
12,16,2023,9,0,,20.390,16.430,75.000,89238.930,1005.782,1411.544,343.906,424.860,79.160,368.471,50983.200,7520.221,40531.834,164.652,999,0.120,7.000,99,9999,99999,9,999999999,0.000,0.999,0,0,999,0.000,0
12,16,2023,10,0,,21.780,16.860,72.000,89238.930,1211.932,1411.544,352.469,565.920,100.225,479.877,67910.400,9521.356,52786.512,177.927,999,0.120,6.000,99,9999,99999,9,999999999,0.000,0.999,0,0,999,0.000,0
12,16,2023,11,0,,22.990,17.240,69.000,89238.930,1349.274,1411.544,359.673,670.300,96.127,578.416,80436.000,9132.078,63625.761,192.618,999,0.120,6.000,99,9999,99999,9,999999999,0.000,0.999,0,0,999,0.000,0
12,16,2023,12,0,,23.980,17.540,66.000,89238.930,1408.435,1411.544,365.131,730.170,110.129,620.284,87620.400,10462.233,68231.232,197.879,999,0.120,6.000,99,9999,99999,9,999999999,0.000,0.999,0,0,999,0.000,0
12,16,2023,13,0,,24.710,17.750,65.000,89238.930,1385.380,1411.544,370.108,741.170,127.018,616.508,88940.400,12066.663,67815.904,199.949,999,0.370,6.000,99,9999,99999,9,999999999,0.000,0.999,0,0,999,0.000,0
12,16,2023,14,0,,25.170,17.890,63.000,89238.930,1281.687,1411.544,372.116,702.540,149.518,566.785,84304.800,14204.242,62346.387,198.705,999,0.560,6.000,99,9999,99999,9,999999999,0.000,0.999,0,0,999,0.000,0
12,16,2023,15,0,,25.360,17.950,63.000,89238.930,1104.435,1411.544,373.634,617.040,302.164,380.662,74044.800,28705.573,41872.800,154.890,999,0.980,6.000,99,9999,99999,9,999999999,0.000,0.999,0,0,999,0.000,0
12,16,2023,16,0,,25.230,17.910,63.000,89238.930,865.739,1411.544,372.595,490.990,366.651,266.222,58918.800,34831.892,29284.415,138.233,999,1.180,6.000,99,9999,99999,9,999999999,0.000,0.999,0,0,999,0.000,0
12,16,2023,17,0,,24.690,17.750,65.000,89238.930,581.975,1411.544,369.948,334.250,462.880,143.678,40110.000,43973.569,15804.545,111.083,999,0.410,7.000,99,9999,99999,9,999999999,0.000,0.999,0,0,999,0.000,0
12,16,2023,18,0,,23.800,17.480,67.000,89238.930,273.050,1411.544,364.497,161.880,553.196,55.644,19425.600,52553.588,6120.810,92.230,999,0.220,8.000,99,9999,99999,9,999999999,0.000,0.999,0,0,999,0.000,0
12,16,2023,19,0,,23.080,17.270,68.000,89238.930,0.000,1411.544,359.625,14.490,0.000,0.000,1738.800,0.000,0.000,-0.000,999,0.120,8.000,99,9999,99999,9,999999999,0.000,0.999,0,0,999,0.000,0
12,16,2023,20,0,,22.360,17.040,70.000,89238.930,0.000,1411.544,355.516,0.000,0.000,0.000,0.000,0.000,0.000,-0.000,999,0.120,8.000,99,9999,99999,9,999999999,0.000,0.999,0,0,999,0.000,0
12,16,2023,21,0,,21.630,16.820,72.000,89238.930,0.000,1411.544,351.317,0.000,0.000,0.000,0.000,0.000,0.000,-0.000,999,0.120,8.000,99,9999,99999,9,999999999,0.000,0.999,0,0,999,0.000,0
12,16,2023,22,0,,20.910,16.590,74.000,89238.930,0.000,1411.544,347.185,0.000,0.000,0.000,0.000,0.000,0.000,-0.000,999,0.120,8.000,99,9999,99999,9,999999999,0.000,0.999,0,0,999,0.000,0
12,16,2023,23,0,,20.190,16.360,76.000,89238.930,0.000,1411.544,343.046,0.000,0.000,0.000,0.000,0.000,0.000,-0.000,999,0.120,8.000,99,9999,99999,9,999999999,0.000,0.999,0,0,999,0.000,0
12,16,2023,24,0,,19.470,17.220,86.000,89238.930,0.000,1411.544,343.664,0.000,0.000,0.000,0.000,0.000,0.000,-0.000,999,0.670,8.000,99,9999,99999,9,999999999,0.900,0.999,0,0,999,0.900,99
12,17,2023,1,0,,19.110,17.210,93.000,89238.930,0.000,1411.544,344.774,0.000,0.000,0.000,0.000,0.000,0.000,-0.000,999,0.380,8.000,99,9999,99999,9,999999999,1.110,0.999,0,0,999,1.110,99
12,17,2023,2,0,,18.750,17.200,95.000,89238.930,0.000,1411.544,343.079,0.000,0.000,0.000,0.000,0.000,0.000,-0.000,999,0.380,8.000,99,9999,99999,9,999999999,1.380,0.999,0,0,999,1.380,99
12,17,2023,3,0,,18.390,17.180,92.000,89238.930,0.000,1411.544,338.795,0.000,0.000,0.000,0.000,0.000,0.000,-0.000,999,0.990,8.000,99,9999,99999,9,999999999,0.500,0.999,0,0,999,0.500,99
12,17,2023,4,0,,18.030,17.170,94.000,89238.930,0.000,1411.805,337.131,0.000,0.000,0.000,0.000,0.000,0.000,-0.000,999,0.590,8.000,99,9999,99999,9,999999999,0.330,0.999,0,0,999,0.330,99
12,17,2023,5,0,,17.710,17.160,96.000,89238.930,0.000,1411.805,335.747,0.000,0.000,0.000,0.000,0.000,0.000,-0.000,999,0.440,8.000,99,9999,99999,9,999999999,0.410,0.999,0,0,999,0.410,99
12,17,2023,6,0,,17.470,17.150,98.000,89238.930,132.894,1411.805,334.942,0.000,0.000,0.000,0.000,0.000,0.000,0.000,999,0.380,8.000,99,9999,99999,9,999999999,0.100,0.999,0,0,999,0.100,99
12,17,2023,7,0,,17.240,17.140,99.000,89238.930,445.180,1411.805,333.711,35.860,0.000,35.860,4303.200,0.000,3944.600,36.294,999,0.380,8.000,99,9999,99999,9,999999999,0.070,0.999,0,0,999,0.070,99
12,17,2023,8,0,,18.540,17.190,91.000,89238.930,742.941,1411.805,339.394,106.170,0.000,106.170,12740.400,0.000,11678.700,64.269,999,0.380,8.000,99,9999,99999,9,999999999,0.010,0.999,0,0,999,0.010,99
12,17,2023,9,0,,18.900,17.200,89.000,89238.930,1004.138,1411.805,341.028,129.800,0.000,129.800,15576.000,0.000,14278.000,58.107,999,0.380,8.000,99,9999,99999,9,999999999,0.050,0.999,0,0,999,0.050,99
12,17,2023,10,0,,19.230,17.210,88.000,89238.930,1210.766,1411.805,342.971,162.520,1.918,160.876,19502.400,182.182,17696.311,59.717,999,0.380,8.000,99,9999,99999,9,999999999,0.020,0.999,0,0,999,0.020,99
12,17,2023,11,0,,19.710,17.230,85.000,89238.930,1348.693,1411.805,344.911,239.250,4.546,234.908,28710.000,431.837,25839.844,78.275,999,0.380,8.000,99,9999,99999,9,999999999,0.030,0.999,0,0,999,0.030,99
12,17,2023,12,0,,20.160,17.240,83.000,89238.930,1408.505,1411.805,347.162,281.850,5.355,276.508,33822.000,508.706,30415.849,88.222,999,0.380,8.000,99,9999,99999,9,999999999,0.130,0.999,0,0,999,0.130,99
12,17,2023,13,0,,20.620,17.260,81.000,89238.930,1386.122,1411.805,349.468,332.500,2.980,329.575,39900.000,283.067,36253.204,106.852,999,0.380,8.000,99,9999,99999,9,999999999,0.270,0.999,0,0,999,0.270,99
12,17,2023,14,0,,21.020,17.270,79.000,89238.930,1283.076,1411.805,351.289,357.960,22.480,337.531,42955.200,2135.584,37128.428,118.226,999,0.380,8.000,99,9999,99999,9,999999999,0.210,0.999,0,0,999,0.210,99
12,17,2023,15,0,,21.100,17.280,78.000,89238.930,1106.401,1411.805,351.265,246.710,4.155,243.455,29605.200,394.708,26780.002,98.903,999,0.380,8.000,99,9999,99999,9,999999999,0.610,0.999,0,0,999,0.610,99
12,17,2023,16,0,,21.140,17.280,78.000,89238.930,868.171,1411.805,351.572,229.710,8.756,224.328,27565.200,831.844,24676.086,116.175,999,0.380,8.000,99,9999,99999,9,999999999,0.740,0.999,0,0,999,0.740,99
12,17,2023,17,0,,20.940,17.270,89.000,89238.930,584.731,1411.805,356.696,140.930,1.218,140.426,16911.600,115.693,15446.895,108.076,999,0.380,8.000,99,9999,99999,9,999999999,5.070,0.999,0,0,999,5.070,99
12,17,2023,18,0,,20.570,17.260,86.000,89238.930,275.951,1411.805,352.085,67.360,0.000,67.360,8083.200,0.000,7409.600,110.480,999,0.380,8.000,99,9999,99999,9,999999999,1.740,0.999,0,0,999,1.740,99
12,17,2023,19,0,,20.170,17.240,88.000,89238.930,0.000,1411.805,350.152,6.300,0.000,0.000,756.000,0.000,0.000,-0.000,999,0.380,8.000,99,9999,99999,9,999999999,2.270,0.999,0,0,999,2.270,99
12,17,2023,20,0,,19.770,17.230,90.000,89238.930,0.000,1411.805,348.199,0.000,0.000,0.000,0.000,0.000,0.000,-0.000,999,0.380,7.000,99,9999,99999,9,999999999,3.140,0.999,0,0,999,3.140,99
12,17,2023,21,0,,19.370,17.220,97.000,89238.930,0.000,1411.805,348.853,0.000,0.000,0.000,0.000,0.000,0.000,-0.000,999,0.380,7.000,99,9999,99999,9,999999999,53.760,0.999,0,0,999,53.760,99
12,17,2023,22,0,,18.970,17.200,89.000,89238.930,0.000,1411.805,341.556,0.000,0.000,0.000,0.000,0.000,0.000,-0.000,999,0.380,7.000,99,9999,99999,9,999999999,0.170,0.999,0,0,999,0.170,99
12,17,2023,23,0,,18.570,17.190,86.000,89238.930,0.000,1411.805,336.889,0.000,0.000,0.000,0.000,0.000,0.000,-0.000,999,0.380,6.000,99,9999,99999,9,999999999,0.000,0.999,0,0,999,0.000,0
12,17,2023,24,0,,18.170,15.700,85.000,89238.930,0.000,1411.805,333.354,0.000,0.000,0.000,0.000,0.000,0.000,-0.000,999,0.130,6.000,99,9999,99999,9,999999999,0.000,0.999,0,0,999,0.000,0
12,18,2023,1,0,,17.970,15.710,86.000,89238.930,0.000,1411.805,332.431,0.000,0.000,0.000,0.000,0.000,0.000,-0.000,999,0.130,6.000,99,9999,99999,9,999999999,0.000,0.999,0,0,999,0.000,0
12,18,2023,2,0,,17.770,15.710,87.000,89238.930,0.000,1411.805,331.501,0.000,0.000,0.000,0.000,0.000,0.000,-0.000,999,0.130,6.000,99,9999,99999,9,999999999,0.000,0.999,0,0,999,0.000,0
12,18,2023,3,0,,17.570,15.720,88.000,89238.930,0.000,1411.805,330.567,0.000,0.000,0.000,0.000,0.000,0.000,-0.000,999,0.130,5.000,99,9999,99999,9,999999999,0.000,0.999,0,0,999,0.000,0
12,18,2023,4,0,,17.370,15.720,90.000,89238.930,0.000,1412.053,330.155,0.000,0.000,0.000,0.000,0.000,0.000,-0.000,999,0.130,5.000,99,9999,99999,9,999999999,0.000,0.999,0,0,999,0.000,0
12,18,2023,5,0,,17.190,15.730,91.000,89238.930,0.000,1412.053,329.350,0.000,0.000,0.000,0.000,0.000,0.000,-0.000,999,0.130,5.000,99,9999,99999,9,999999999,0.000,0.999,0,0,999,0.000,0
12,18,2023,6,0,,17.060,15.730,91.000,89238.930,130.700,1412.053,328.395,0.000,0.000,0.000,0.000,0.000,0.000,0.000,999,0.130,4.000,99,9999,99999,9,999999999,0.000,0.999,0,0,999,0.000,0
12,18,2023,7,0,,16.930,15.730,92.000,89238.930,442.957,1412.053,327.954,155.770,91.321,127.199,18692.400,8675.475,13991.867,129.412,999,0.130,4.000,99,9999,99999,9,999999999,0.000,0.999,0,0,999,0.000,0
12,18,2023,8,0,,21.120,15.620,70.000,89238.930,740.904,1412.053,346.028,342.760,164.873,256.318,41131.200,15662.934,28194.964,155.616,999,0.130,4.000,99,9999,99999,9,999999999,0.000,0.999,0,0,999,0.000,0
12,18,2023,9,0,,22.940,15.560,63.000,89238.930,1002.452,1412.053,354.644,575.340,311.749,354.086,69040.800,29616.119,38949.422,158.808,999,0.130,2.000,99,9999,99999,9,999999999,0.000,0.999,0,0,999,0.000,0
12,18,2023,10,0,,24.290,15.530,58.000,89238.930,1209.571,1412.053,360.856,677.810,260.339,454.826,81337.200,24732.232,50030.857,169.029,999,0.130,4.000,99,9999,99999,9,999999999,0.000,0.999,0,0,999,0.000,0
12,18,2023,11,0,,25.140,15.500,55.000,89238.930,1348.092,1412.053,364.731,690.430,232.213,468.742,82851.600,22060.222,51561.598,156.289,999,0.130,6.000,99,9999,99999,9,999999999,0.000,0.999,0,0,999,0.000,0
12,18,2023,12,0,,25.450,15.490,54.000,89238.930,1408.561,1412.053,366.201,601.590,106.771,495.083,72190.800,10143.264,54459.125,157.981,999,0.130,7.000,99,9999,99999,9,999999999,0.000,0.999,0,0,999,0.000,0
12,18,2023,13,0,,25.840,15.480,52.000,89238.930,1386.854,1412.053,367.284,669.520,83.456,587.554,80342.400,7928.354,64630.924,190.424,999,0.210,7.000,99,9999,99999,9,999999999,0.000,0.999,0,0,999,0.000,0
12,18,2023,14,0,,26.040,15.480,52.000,89238.930,1284.453,1412.053,368.857,625.310,197.246,445.899,75037.200,18738.387,49048.878,156.044,999,0.400,7.000,99,9999,99999,9,999999999,0.000,0.999,0,0,999,0.000,0
12,18,2023,15,0,,26.500,15.460,50.000,89238.930,1108.350,1412.053,370.412,790.470,576.890,337.740,94856.400,54804.532,37151.371,136.989,999,0.580,2.000,99,9999,99999,9,999999999,0.000,0.999,0,0,999,0.000,0
12,18,2023,16,0,,26.750,15.450,49.000,89238.930,870.580,1412.053,371.316,716.690,646.343,318.387,86002.800,61402.601,35022.616,164.458,999,1.330,0.000,99,9999,99999,9,999999999,0.000,0.999,0,0,999,0.000,0
12,18,2023,17,0,,26.530,15.460,50.000,89238.930,587.451,1412.053,370.649,498.260,699.820,207.522,59791.200,66482.885,22827.388,159.000,999,0.760,0.000,99,9999,99999,9,999999999,0.000,0.999,0,0,999,0.000,0
12,18,2023,18,0,,25.780,15.480,52.000,89238.930,278.806,1412.053,366.813,262.820,607.673,143.670,31538.400,57728.975,15803.683,233.234,999,0.180,2.000,99,9999,99999,9,999999999,0.000,0.999,0,0,999,0.000,0
12,18,2023,19,0,,24.700,15.510,56.000,89238.930,0.000,1412.053,362.233,36.200,0.000,0.000,4344.000,0.000,0.000,-0.000,999,0.130,2.000,99,9999,99999,9,999999999,0.000,0.999,0,0,999,0.000,0
12,18,2023,20,0,,23.620,15.540,60.000,89238.930,0.000,1412.053,357.404,0.000,0.000,0.000,0.000,0.000,0.000,-0.000,999,0.200,3.000,99,9999,99999,9,999999999,0.000,0.999,0,0,999,0.000,0
12,18,2023,21,0,,22.540,15.580,64.000,89238.930,0.000,1412.053,352.370,0.000,0.000,0.000,0.000,0.000,0.000,-0.000,999,0.130,3.000,99,9999,99999,9,999999999,0.000,0.999,0,0,999,0.000,0
12,18,2023,22,0,,21.470,15.610,69.000,89238.930,0.000,1412.053,347.970,0.000,0.000,0.000,0.000,0.000,0.000,-0.000,999,0.130,4.000,99,9999,99999,9,999999999,0.000,0.999,0,0,999,0.000,0
12,18,2023,23,0,,20.390,15.640,74.000,89238.930,0.000,1412.053,343.247,0.000,0.000,0.000,0.000,0.000,0.000,-0.000,999,0.130,4.000,99,9999,99999,9,999999999,0.000,0.999,0,0,999,0.000,0
12,18,2023,24,0,,19.310,15.870,75.000,89238.930,0.000,1412.053,335.821,0.000,0.000,0.000,0.000,0.000,0.000,-0.000,999,0.030,5.000,99,9999,99999,9,999999999,0.000,0.999,0,0,999,0.000,0
12,19,2023,1,0,,18.770,15.610,76.000,89238.930,0.000,1412.053,332.463,0.000,0.000,0.000,0.000,0.000,0.000,-0.000,999,0.030,5.000,99,9999,99999,9,999999999,0.000,0.999,0,0,999,0.000,0
12,19,2023,2,0,,18.230,15.340,77.000,89238.930,0.000,1412.053,329.118,0.000,0.000,0.000,0.000,0.000,0.000,-0.000,999,0.030,6.000,99,9999,99999,9,999999999,0.000,0.999,0,0,999,0.000,0
12,19,2023,3,0,,17.690,15.070,78.000,89238.930,0.000,1412.053,325.789,0.000,0.000,0.000,0.000,0.000,0.000,-0.000,999,0.030,6.000,99,9999,99999,9,999999999,0.000,0.999,0,0,999,0.000,0
12,19,2023,4,0,,17.150,14.790,79.000,89238.930,0.000,1412.286,322.475,0.000,0.000,0.000,0.000,0.000,0.000,-0.000,999,0.030,7.000,99,9999,99999,9,999999999,0.000,0.999,0,0,999,0.000,0
12,19,2023,5,0,,16.680,14.540,82.000,89238.930,0.000,1412.286,320.808,0.000,0.000,0.000,0.000,0.000,0.000,-0.000,999,0.030,7.000,99,9999,99999,9,999999999,0.060,0.999,0,0,999,0.060,99
12,19,2023,6,0,,16.320,14.350,89.000,89238.930,128.429,1412.286,321.976,0.000,0.000,0.000,0.000,0.000,0.000,0.000,999,0.030,8.000,99,9999,99999,9,999999999,5.500,0.999,0,0,999,5.500,99
12,19,2023,7,0,,15.960,14.160,83.000,89238.930,440.665,1412.286,316.215,73.070,0.000,73.070,8768.400,0.000,8037.700,74.743,999,0.030,8.000,99,9999,99999,9,999999999,0.120,0.999,0,0,999,0.120,99
12,19,2023,8,0,,18.070,15.260,80.000,89238.930,738.813,1412.286,329.746,167.240,2.893,165.728,20068.800,274.866,18230.034,100.918,999,0.030,8.000,99,9999,99999,9,999999999,0.020,0.999,0,0,999,0.020,99
12,19,2023,9,0,,19.570,16.000,75.000,89238.930,1000.727,1412.286,337.754,375.810,34.408,351.436,45097.200,3268.762,38657.964,157.917,999,0.030,7.000,99,9999,99999,9,999999999,0.000,0.999,0,0,999,0.000,0
12,19,2023,10,0,,20.490,16.440,77.000,89238.930,1208.347,1412.286,345.960,414.770,18.116,399.271,49772.400,1721.051,43919.854,148.558,999,0.030,8.000,99,9999,99999,9,999999999,0.010,0.999,0,0,999,0.010,99
12,19,2023,11,0,,21.750,17.020,72.000,89238.930,1347.472,1412.286,352.239,616.990,114.069,508.159,74038.800,10836.522,55897.537,169.537,999,0.140,7.000,99,9999,99999,9,999999999,0.000,0.999,0,0,999,0.000,0
12,19,2023,12,0,,23.180,17.660,70.000,89238.930,1408.604,1412.286,361.900,818.970,250.946,568.678,98276.400,23839.879,62554.628,181.489,999,0.350,5.000,99,9999,99999,9,999999999,0.000,0.999,0,0,999,0.000,0
12,19,2023,13,0,,23.370,17.740,70.000,89238.930,1387.574,1412.286,363.392,486.640,54.508,433.086,58396.800,5178.265,47639.490,140.312,999,1.130,8.000,99,9999,99999,9,999999999,0.000,0.999,0,0,999,0.000,0
12,19,2023,14,0,,23.930,17.980,69.000,89238.930,1285.818,1412.286,367.061,678.520,298.861,406.438,81422.400,28391.808,44708.163,142.106,999,0.910,6.000,99,9999,99999,9,999999999,0.000,0.999,0,0,999,0.000,0
12,19,2023,15,0,,23.340,17.730,73.000,89238.930,1110.283,1412.286,365.340,275.750,24.242,256.695,33090.000,2302.992,28236.489,103.953,999,1.100,8.000,99,9999,99999,9,999999999,0.260,0.999,0,0,999,0.260,99
12,19,2023,16,0,,22.590,17.400,74.000,89238.930,872.962,1412.286,360.146,182.670,2.108,181.367,21920.400,200.303,19950.407,93.442,999,0.680,8.000,99,9999,99999,9,999999999,0.030,0.999,0,0,999,0.030,99
12,19,2023,17,0,,23.040,17.590,70.000,89238.930,590.135,1412.286,360.804,577.100,544.260,349.990,69252.000,51704.684,38498.903,266.978,999,0.480,0.000,99,9999,99999,9,999999999,0.000,0.999,0,0,999,0.000,0
12,19,2023,18,0,,23.140,17.640,70.000,89238.930,281.610,1412.286,361.587,461.040,534.149,355.256,55324.800,50744.192,39078.128,570.996,999,0.220,0.000,99,9999,99999,9,999999999,0.000,0.999,0,0,999,0.000,0
12,19,2023,19,0,,22.370,17.300,71.000,89238.930,0.000,1412.286,356.315,93.360,0.000,0.000,11203.200,0.000,0.000,-0.000,999,0.090,0.000,99,9999,99999,9,999999999,0.000,0.999,0,0,999,0.000,0
12,19,2023,20,0,,21.400,16.860,72.000,89238.930,0.000,1412.286,349.557,0.000,0.000,0.000,0.000,0.000,0.000,-0.000,999,0.140,1.000,99,9999,99999,9,999999999,0.000,0.999,0,0,999,0.000,0
12,19,2023,21,0,,20.430,16.410,74.000,89238.930,0.000,1412.286,343.549,0.000,0.000,0.000,0.000,0.000,0.000,-0.000,999,0.060,1.000,99,9999,99999,9,999999999,0.000,0.999,0,0,999,0.000,0
12,19,2023,22,0,,19.450,15.940,75.000,89238.930,0.000,1412.286,336.861,0.000,0.000,0.000,0.000,0.000,0.000,-0.000,999,0.110,2.000,99,9999,99999,9,999999999,0.000,0.999,0,0,999,0.000,0
12,19,2023,23,0,,18.480,15.460,77.000,89238.930,0.000,1412.286,330.950,0.000,0.000,0.000,0.000,0.000,0.000,-0.000,999,0.060,3.000,99,9999,99999,9,999999999,0.000,0.999,0,0,999,0.000,0
12,19,2023,24,0,,17.510,14.030,79.000,89238.930,0.000,1412.286,325.076,0.000,0.000,0.000,0.000,0.000,0.000,-0.000,999,0.330,3.000,99,9999,99999,9,999999999,0.000,0.999,0,0,999,0.000,0
12,20,2023,1,0,,17.020,13.920,81.000,89238.930,0.000,1412.286,322.691,0.000,0.000,0.000,0.000,0.000,0.000,-0.000,999,0.110,4.000,99,9999,99999,9,999999999,0.000,0.999,0,0,999,0.000,0
12,20,2023,2,0,,16.540,13.810,83.000,89238.930,0.000,1412.286,320.358,0.000,0.000,0.000,0.000,0.000,0.000,-0.000,999,0.110,5.000,99,9999,99999,9,999999999,0.000,0.999,0,0,999,0.000,0
12,20,2023,3,0,,16.050,13.700,85.000,89238.930,0.000,1412.286,317.935,0.000,0.000,0.000,0.000,0.000,0.000,-0.000,999,0.110,5.000,99,9999,99999,9,999999999,0.000,0.999,0,0,999,0.000,0
12,20,2023,4,0,,15.570,13.590,87.000,89238.930,0.000,1412.504,315.568,0.000,0.000,0.000,0.000,0.000,0.000,-0.000,999,0.110,6.000,99,9999,99999,9,999999999,0.000,0.999,0,0,999,0.000,0
12,20,2023,5,0,,15.140,13.500,89.000,89238.930,0.000,1412.504,313.540,0.000,0.000,0.000,0.000,0.000,0.000,-0.000,999,0.110,7.000,99,9999,99999,9,999999999,0.000,0.999,0,0,999,0.000,0
12,20,2023,6,0,,14.810,13.420,91.000,89238.930,126.081,1412.504,312.202,0.000,0.000,0.000,0.000,0.000,0.000,0.000,999,0.110,7.000,99,9999,99999,9,999999999,0.000,0.999,0,0,999,0.000,0
12,20,2023,7,0,,14.490,13.350,92.000,89238.930,438.310,1412.504,310.434,90.260,0.000,90.260,10831.200,0.000,9928.600,92.840,999,0.110,8.000,99,9999,99999,9,999999999,0.000,0.999,0,0,999,0.000,0
12,20,2023,8,0,,16.530,13.810,83.000,89238.930,736.671,1412.504,320.286,99.560,0.000,99.560,11947.200,0.000,10951.600,60.812,999,0.110,8.000,99,9999,99999,9,999999999,0.000,0.999,0,0,999,0.000,0
12,20,2023,9,0,,18.890,14.330,74.000,89238.930,998.963,1412.504,332.080,425.920,87.249,364.233,51110.400,8288.696,40065.611,163.982,999,0.110,7.000,99,9999,99999,9,999999999,0.000,0.999,0,0,999,0.000,0
12,20,2023,10,0,,22.000,14.980,64.000,89238.930,1207.097,1412.504,348.254,784.680,450.516,399.720,94161.600,42799.062,43969.188,148.902,999,0.110,0.000,99,9999,99999,9,999999999,0.000,0.999,0,0,999,0.000,0
12,20,2023,11,0,,23.910,15.380,58.000,89238.930,1346.833,1412.504,357.912,795.260,243.728,562.870,95431.200,23154.164,61915.733,187.909,999,0.440,4.000,99,9999,99999,9,999999999,0.000,0.999,0,0,999,0.000,0
12,20,2023,12,0,,24.080,15.410,58.000,89238.930,1408.634,1412.504,359.227,486.830,11.171,475.690,58419.600,1061.249,52325.854,151.833,999,0.440,8.000,99,9999,99999,9,999999999,0.000,0.999,0,0,999,0.000,0
12,20,2023,13,0,,25.170,15.630,55.000,89238.930,1388.283,1412.504,364.966,803.320,263.368,544.471,96398.400,25019.962,59891.790,176.336,999,2.590,5.000,99,9999,99999,9,999999999,0.000,0.999,0,0,999,0.000,0
12,20,2023,14,0,,25.880,15.770,53.000,89238.930,1287.169,1412.504,368.600,763.230,327.994,464.357,91587.600,31159.447,51079.325,162.212,999,2.430,5.000,99,9999,99999,9,999999999,0.000,0.999,0,0,999,0.000,0
12,20,2023,15,0,,26.220,15.840,52.000,89238.930,1112.195,1412.504,370.277,672.240,359.118,389.524,80668.800,34116.186,42847.679,157.497,999,2.620,5.000,99,9999,99999,9,999999999,0.000,0.999,0,0,999,0.000,0
12,20,2023,16,0,,26.180,15.830,52.000,89238.930,875.316,1412.504,369.961,537.050,444.792,261.546,64446.000,42255.264,28770.055,134.409,999,2.330,6.000,99,9999,99999,9,999999999,0.000,0.999,0,0,999,0.000,0
12,20,2023,17,0,,25.590,15.710,54.000,89238.930,592.778,1412.504,367.301,368.220,547.587,138.731,44186.400,52020.734,15260.363,105.369,999,2.020,6.000,99,9999,99999,9,999999999,0.000,0.999,0,0,999,0.000,0
12,20,2023,18,0,,24.540,15.500,57.000,89238.930,284.361,1412.504,361.903,181.760,597.108,62.355,21811.200,56725.241,6859.029,99.254,999,1.590,7.000,99,9999,99999,9,999999999,0.000,0.999,0,0,999,0.000,0
12,20,2023,19,0,,23.190,15.230,65.000,89238.930,0.000,1412.504,358.167,19.190,0.000,0.000,2302.800,0.000,0.000,-0.000,999,0.470,8.000,99,9999,99999,9,999999999,0.010,0.999,0,0,999,0.010,99
12,20,2023,20,0,,22.040,14.990,69.000,89238.930,0.000,1412.504,352.324,0.000,0.000,0.000,0.000,0.000,0.000,-0.000,999,0.330,8.000,99,9999,99999,9,999999999,0.020,0.999,0,0,999,0.020,99
12,20,2023,21,0,,20.890,14.750,67.000,89238.930,0.000,1412.504,342.141,0.000,0.000,0.000,0.000,0.000,0.000,-0.000,999,0.220,8.000,99,9999,99999,9,999999999,0.000,0.999,0,0,999,0.000,0
12,20,2023,22,0,,19.740,14.510,76.000,89238.930,0.000,1412.504,339.665,0.000,0.000,0.000,0.000,0.000,0.000,-0.000,999,0.170,8.000,99,9999,99999,9,999999999,0.060,0.999,0,0,999,0.060,99
12,20,2023,23,0,,18.590,14.260,85.000,89238.930,0.000,1412.504,336.476,0.000,0.000,0.000,0.000,0.000,0.000,-0.000,999,0.260,8.000,99,9999,99999,9,999999999,1.910,0.999,0,0,999,1.910,99
12,20,2023,24,0,,17.440,13.680,78.000,89238.930,0.000,1412.504,323.979,0.000,0.000,0.000,0.000,0.000,0.000,-0.000,999,0.560,8.000,99,9999,99999,9,999999999,0.000,0.999,0,0,999,0.000,0
12,21,2023,1,0,,16.860,13.700,81.000,89238.930,0.000,1412.504,321.538,0.000,0.000,0.000,0.000,0.000,0.000,-0.000,999,0.330,8.000,99,9999,99999,9,999999999,0.000,0.999,0,0,999,0.000,0
12,21,2023,2,0,,16.290,13.710,89.000,89238.930,0.000,1412.504,321.759,0.000,0.000,0.000,0.000,0.000,0.000,-0.000,999,0.180,8.000,99,9999,99999,9,999999999,0.010,0.999,0,0,999,0.010,99
12,21,2023,3,0,,15.710,13.730,88.000,89238.930,0.000,1412.504,317.081,0.000,0.000,0.000,0.000,0.000,0.000,-0.000,999,0.180,8.000,99,9999,99999,9,999999999,0.000,0.999,0,0,999,0.000,0
12,21,2023,4,0,,15.140,13.740,91.000,89238.930,0.000,1412.709,314.537,0.000,0.000,0.000,0.000,0.000,0.000,-0.000,999,0.180,8.000,99,9999,99999,9,999999999,0.000,0.999,0,0,999,0.000,0
12,21,2023,5,0,,14.630,13.760,94.000,89238.930,0.000,1412.709,312.377,0.000,0.000,0.000,0.000,0.000,0.000,-0.000,999,0.180,8.000,99,9999,99999,9,999999999,0.000,0.999,0,0,999,0.000,0
12,21,2023,6,0,,14.250,13.770,96.000,89238.930,123.660,1412.709,310.633,0.000,0.000,0.000,0.000,0.000,0.000,0.000,999,0.180,8.000,99,9999,99999,9,999999999,0.000,0.999,0,0,999,0.000,0
12,21,2023,7,0,,13.870,13.780,99.000,89238.930,435.892,1412.709,309.322,62.800,0.000,62.800,7536.000,0.000,6908.000,64.965,999,0.180,8.000,99,9999,99999,9,999999999,0.000,0.999,0,0,999,0.000,0
12,21,2023,8,0,,16.250,13.710,89.000,89238.930,734.482,1412.709,321.471,192.900,8.791,188.333,23148.000,835.132,20716.647,115.396,999,0.180,8.000,99,9999,99999,9,999999999,0.030,0.999,0,0,999,0.030,99
12,21,2023,9,0,,17.450,13.680,78.000,89238.930,997.164,1412.709,324.051,320.440,38.334,293.390,38452.800,3641.688,32272.917,132.346,999,0.180,8.000,99,9999,99999,9,999999999,0.000,0.999,0,0,999,0.000,0
12,21,2023,10,0,,18.560,13.650,73.000,89238.930,1205.821,1412.709,329.021,429.340,23.043,409.674,51520.800,2189.089,45064.108,152.794,999,0.180,8.000,99,9999,99999,9,999999999,0.000,0.999,0,0,999,0.000,0
12,21,2023,11,0,,19.530,13.630,73.000,89238.930,1346.178,1412.709,336.156,510.480,49.003,463.786,61257.600,4655.268,51016.496,154.928,999,0.870,8.000,99,9999,99999,9,999999999,0.960,0.999,0,0,999,0.960,99
12,21,2023,12,0,,20.320,13.610,65.000,89238.930,1408.652,1412.709,336.429,557.760,55.292,502.627,66931.200,5252.742,55288.953,160.452,999,1.770,8.000,99,9999,99999,9,999999999,0.000,0.999,0,0,999,0.000,0
12,21,2023,13,0,,20.910,13.590,62.000,89238.930,1388.980,1412.709,338.520,567.750,80.937,488.173,68130.000,7689.058,53699.009,158.046,999,2.160,8.000,99,9999,99999,9,999999999,0.000,0.999,0,0,999,0.000,0
12,21,2023,14,0,,21.290,13.580,61.000,89238.930,1288.506,1412.709,340.555,539.720,95.247,452.852,64766.400,9048.464,49813.732,158.051,999,2.720,8.000,99,9999,99999,9,999999999,0.000,0.999,0,0,999,0.000,0
12,21,2023,15,0,,21.460,13.580,60.000,89238.930,1114.087,1412.709,341.017,475.700,125.615,376.656,57084.000,11933.390,41432.139,152.057,999,3.240,8.000,99,9999,99999,9,999999999,0.000,0.999,0,0,999,0.000,0
12,21,2023,16,0,,21.370,13.580,61.000,89238.930,877.639,1412.709,341.151,380.400,105.360,314.976,45648.000,10009.173,34647.388,161.461,999,2.610,8.000,99,9999,99999,9,999999999,0.000,0.999,0,0,999,0.000,0
12,21,2023,17,0,,20.960,13.590,62.000,89238.930,595.379,1412.709,338.891,261.250,157.407,195.001,31350.000,14953.680,21450.118,147.480,999,1.070,8.000,99,9999,99999,9,999999999,0.000,0.999,0,0,999,0.000,0
12,21,2023,18,0,,20.270,13.610,65.000,89238.930,287.057,1412.709,336.060,129.530,303.797,68.204,15543.600,28860.699,7502.466,107.548,999,0.270,8.000,99,9999,99999,9,999999999,0.000,0.999,0,0,999,0.000,0
12,21,2023,19,0,,19.400,13.630,69.000,89238.930,0.000,1412.709,332.505,14.180,0.000,0.000,1701.600,0.000,0.000,-0.000,999,0.180,8.000,99,9999,99999,9,999999999,0.000,0.999,0,0,999,0.000,0
12,21,2023,20,0,,18.770,13.650,72.000,89238.930,0.000,1412.709,329.905,0.000,0.000,0.000,0.000,0.000,0.000,-0.000,999,0.180,8.000,99,9999,99999,9,999999999,0.000,0.999,0,0,999,0.000,0
12,21,2023,21,0,,18.140,13.660,75.000,89238.930,0.000,1412.709,327.229,0.000,0.000,0.000,0.000,0.000,0.000,-0.000,999,0.180,8.000,99,9999,99999,9,999999999,0.000,0.999,0,0,999,0.000,0
12,21,2023,22,0,,17.510,13.680,78.000,89238.930,0.000,1412.709,324.485,0.000,0.000,0.000,0.000,0.000,0.000,-0.000,999,0.180,8.000,99,9999,99999,9,999999999,0.000,0.999,0,0,999,0.000,0
12,21,2023,23,0,,16.880,13.700,81.000,89238.930,0.000,1412.709,321.682,0.000,0.000,0.000,0.000,0.000,0.000,-0.000,999,0.180,8.000,99,9999,99999,9,999999999,0.000,0.999,0,0,999,0.000,0
12,21,2023,24,0,,16.250,13.200,82.000,89238.930,0.000,1412.709,317.731,0.000,0.000,0.000,0.000,0.000,0.000,-0.000,999,0.030,8.000,99,9999,99999,9,999999999,0.000,0.999,0,0,999,0.000,0
12,22,2023,1,0,,15.940,13.130,83.000,89238.930,0.000,1412.709,316.073,0.000,0.000,0.000,0.000,0.000,0.000,-0.000,999,0.030,8.000,99,9999,99999,9,999999999,0.000,0.999,0,0,999,0.000,0
12,22,2023,2,0,,15.620,13.050,84.000,89238.930,0.000,1412.709,314.344,0.000,0.000,0.000,0.000,0.000,0.000,-0.000,999,0.030,8.000,99,9999,99999,9,999999999,0.000,0.999,0,0,999,0.000,0
12,22,2023,3,0,,15.310,12.980,85.000,89238.930,0.000,1412.709,312.684,0.000,0.000,0.000,0.000,0.000,0.000,-0.000,999,0.030,8.000,99,9999,99999,9,999999999,0.000,0.999,0,0,999,0.000,0
12,22,2023,4,0,,14.990,12.900,87.000,89238.930,0.000,1412.898,311.467,0.000,0.000,0.000,0.000,0.000,0.000,-0.000,999,0.030,8.000,99,9999,99999,9,999999999,0.000,0.999,0,0,999,0.000,0
12,22,2023,5,0,,14.710,12.840,88.000,89238.930,0.000,1412.898,310.008,0.000,0.000,0.000,0.000,0.000,0.000,-0.000,999,0.030,8.000,99,9999,99999,9,999999999,0.000,0.999,0,0,999,0.000,0
12,22,2023,6,0,,14.500,12.790,89.000,89238.930,121.169,1412.898,309.037,0.000,0.000,0.000,0.000,0.000,0.000,0.000,999,0.030,8.000,99,9999,99999,9,999999999,0.000,0.999,0,0,999,0.000,0
12,22,2023,7,0,,14.300,12.740,90.000,89238.930,433.414,1412.898,308.131,75.570,0.000,75.570,9068.400,0.000,8312.700,78.635,999,0.030,8.000,99,9999,99999,9,999999999,0.000,0.999,0,0,999,0.000,0
12,22,2023,8,0,,17.130,13.400,78.000,89238.930,732.245,1412.898,321.745,234.510,24.883,221.624,28141.200,2363.890,24378.689,136.229,999,0.030,8.000,99,9999,99999,9,999999999,0.000,0.999,0,0,999,0.000,0
12,22,2023,9,0,,18.570,13.720,73.000,89238.930,995.331,1412.898,329.093,390.590,59.323,348.812,46870.800,5635.655,38369.315,157.657,999,0.030,7.000,99,9999,99999,9,999999999,0.000,0.999,0,0,999,0.000,0
12,22,2023,10,0,,19.890,14.020,68.000,89238.930,1204.522,1412.898,335.417,523.990,126.400,416.244,62878.800,12007.990,45786.801,155.433,999,0.030,7.000,99,9999,99999,9,999999999,0.000,0.999,0,0,999,0.000,0
12,22,2023,11,0,,21.050,14.270,65.000,89238.930,1345.506,1412.898,341.859,623.530,72.707,554.293,74823.600,6907.199,60972.200,185.280,999,0.180,7.000,99,9999,99999,9,999999999,0.000,0.999,0,0,999,0.000,0
12,22,2023,12,0,,22.010,14.470,62.000,89238.930,1408.656,1412.898,346.754,681.710,83.192,598.768,81805.200,7903.233,65864.477,191.168,999,0.540,7.000,99,9999,99999,9,999999999,0.000,0.999,0,0,999,0.000,0
12,22,2023,13,0,,22.720,14.620,60.000,89238.930,1389.665,1412.898,350.504,694.310,95.987,599.903,83317.200,9118.725,65989.301,194.149,999,1.000,7.000,99,9999,99999,9,999999999,0.000,0.999,0,0,999,0.000,0
12,22,2023,14,0,,23.170,14.720,58.000,89238.930,1289.826,1412.898,352.231,660.420,113.308,556.988,79250.400,10764.215,61268.714,194.223,999,1.370,7.000,99,9999,99999,9,999999999,0.000,0.999,0,0,999,0.000,0
12,22,2023,15,0,,23.370,14.760,58.000,89238.930,1115.955,1412.898,353.759,582.480,280.647,360.855,69897.600,26661.461,39694.021,145.453,999,1.000,7.000,99,9999,99999,9,999999999,0.000,0.999,0,0,999,0.000,0
12,22,2023,16,0,,23.280,14.740,58.000,89238.930,879.930,1412.898,353.071,466.230,230.707,322.616,55947.600,21917.212,35487.723,164.968,999,0.700,7.000,99,9999,99999,9,999999999,0.000,0.999,0,0,999,0.000,0
12,22,2023,17,0,,22.790,14.640,60.000,89238.930,597.935,1412.898,351.037,320.720,329.701,181.378,38486.400,31321.639,19951.539,136.607,999,0.390,7.000,99,9999,99999,9,999999999,0.000,0.999,0,0,999,0.000,0
12,22,2023,18,0,,21.970,14.470,62.000,89238.930,289.695,1412.898,346.452,159.700,520.049,53.758,19164.000,49404.677,5913.326,83.997,999,0.160,8.000,99,9999,99999,9,999999999,0.000,0.999,0,0,999,0.000,0
12,22,2023,19,0,,20.930,14.240,65.000,89238.930,0.000,1412.898,340.962,18.090,0.000,0.000,2170.800,0.000,0.000,-0.000,999,0.060,8.000,99,9999,99999,9,999999999,0.000,0.999,0,0,999,0.000,0
12,22,2023,20,0,,20.140,14.070,68.000,89238.930,0.000,1412.898,337.267,0.000,0.000,0.000,0.000,0.000,0.000,-0.000,999,0.030,8.000,99,9999,99999,9,999999999,0.000,0.999,0,0,999,0.000,0
12,22,2023,21,0,,19.350,13.900,70.000,89238.930,0.000,1412.898,332.822,0.000,0.000,0.000,0.000,0.000,0.000,-0.000,999,0.030,8.000,99,9999,99999,9,999999999,0.000,0.999,0,0,999,0.000,0
12,22,2023,22,0,,18.550,13.720,73.000,89238.930,0.000,1412.898,328.948,0.000,0.000,0.000,0.000,0.000,0.000,-0.000,999,0.030,8.000,99,9999,99999,9,999999999,0.000,0.999,0,0,999,0.000,0
12,22,2023,23,0,,17.760,13.540,76.000,89238.930,0.000,1412.898,325.089,0.000,0.000,0.000,0.000,0.000,0.000,-0.000,999,0.030,8.000,99,9999,99999,9,999999999,0.000,0.999,0,0,999,0.000,0
12,22,2023,24,0,,16.970,14.740,83.000,89238.930,0.000,1412.898,323.455,0.000,0.000,0.000,0.000,0.000,0.000,-0.000,999,0.070,8.000,99,9999,99999,9,999999999,0.000,0.999,0,0,999,0.000,0
12,23,2023,1,0,,16.570,14.690,85.000,89238.930,0.000,1412.898,321.665,0.000,0.000,0.000,0.000,0.000,0.000,-0.000,999,0.100,8.000,99,9999,99999,9,999999999,0.000,0.999,0,0,999,0.000,0
12,23,2023,2,0,,16.180,14.640,87.000,89238.930,0.000,1412.898,319.926,0.000,0.000,0.000,0.000,0.000,0.000,-0.000,999,0.040,8.000,99,9999,99999,9,999999999,0.000,0.999,0,0,999,0.000,0
12,23,2023,3,0,,15.780,14.590,88.000,89238.930,0.000,1412.898,317.581,0.000,0.000,0.000,0.000,0.000,0.000,-0.000,999,0.050,8.000,99,9999,99999,9,999999999,0.000,0.999,0,0,999,0.000,0
12,23,2023,4,0,,15.380,14.530,90.000,89238.930,0.000,1413.073,315.746,0.000,0.000,0.000,0.000,0.000,0.000,-0.000,999,0.130,8.000,99,9999,99999,9,999999999,0.000,0.999,0,0,999,0.000,0
12,23,2023,5,0,,15.030,14.490,92.000,89238.930,0.000,1413.073,314.248,0.000,0.000,0.000,0.000,0.000,0.000,-0.000,999,0.100,8.000,99,9999,99999,9,999999999,0.000,0.999,0,0,999,0.000,0
12,23,2023,6,0,,14.770,14.450,93.000,89238.930,118.610,1413.073,312.890,0.000,0.000,0.000,0.000,0.000,0.000,0.000,999,0.040,8.000,99,9999,99999,9,999999999,0.000,0.999,0,0,999,0.000,0
12,23,2023,7,0,,14.510,14.420,99.000,89238.930,430.878,1413.073,313.845,78.580,0.000,78.580,9429.600,0.000,8643.800,82.262,999,0.040,8.000,99,9999,99999,9,999999999,0.960,0.999,0,0,999,0.960,99
12,23,2023,8,0,,17.760,14.840,80.000,89238.930,729.965,1413.073,327.480,234.200,25.139,221.224,28104.000,2388.182,24334.670,136.425,999,0.040,8.000,99,9999,99999,9,999999999,0.000,0.999,0,0,999,0.000,0
12,23,2023,9,0,,19.390,15.050,73.000,89238.930,993.466,1413.073,335.119,391.150,60.230,348.818,46938.000,5721.819,38369.984,157.976,999,0.040,7.000,99,9999,99999,9,999999999,0.000,0.999,0,0,999,0.000,0
12,23,2023,10,0,,20.900,15.250,68.000,89238.930,1203.200,1413.073,342.941,525.420,128.518,416.002,63050.400,12209.210,45760.219,155.532,999,0.040,7.000,99,9999,99999,9,999999999,0.000,0.999,0,0,999,0.000,0
12,23,2023,11,0,,22.230,15.410,64.000,89238.930,1344.818,1413.073,350.003,625.750,73.973,555.353,75090.000,7027.404,61088.782,185.752,999,0.200,7.000,99,9999,99999,9,999999999,0.000,0.999,0,0,999,0.000,0
12,23,2023,12,0,,23.320,15.550,61.000,89238.930,1408.649,1413.073,355.932,684.570,84.655,600.181,82148.400,8042.187,66019.868,191.644,999,0.930,7.000,99,9999,99999,9,999999999,0.000,0.999,0,0,999,0.000,0
12,23,2023,13,0,,24.130,15.650,58.000,89238.930,1390.336,1413.073,359.614,697.620,97.661,601.531,83714.400,9277.794,66168.446,194.606,999,1.720,7.000,99,9999,99999,9,999999999,0.000,0.999,0,0,999,0.000,0
12,23,2023,14,0,,24.660,15.710,57.000,89238.930,1291.130,1413.073,362.838,663.950,115.229,558.671,79674.000,10946.785,61453.775,194.637,999,1.470,7.000,99,9999,99999,9,999999999,0.000,0.999,0,0,999,0.000,0
12,23,2023,15,0,,24.880,15.740,56.000,89238.930,1117.799,1413.073,363.637,585.980,285.160,360.446,70317.600,27090.217,39649.077,145.067,999,1.930,7.000,99,9999,99999,9,999999999,0.000,0.999,0,0,999,0.000,0
12,23,2023,16,0,,24.780,15.730,57.000,89238.930,882.186,1413.073,363.775,469.460,234.113,323.370,56335.200,22240.753,35570.657,164.950,999,1.180,7.000,99,9999,99999,9,999999999,0.000,0.999,0,0,999,0.000,0
12,23,2023,17,0,,24.230,15.660,58.000,89238.930,600.444,1413.073,360.390,323.450,333.865,181.772,38814.000,31717.190,19994.874,136.346,999,0.480,7.000,99,9999,99999,9,999999999,0.000,0.999,0,0,999,0.000,0
12,23,2023,18,0,,23.290,15.540,61.000,89238.930,292.273,1413.073,355.701,161.720,524.398,53.942,19406.400,49817.843,5933.640,83.543,999,0.190,8.000,99,9999,99999,9,999999999,0.000,0.999,0,0,999,0.000,0
12,23,2023,19,0,,22.110,15.400,69.000,89238.930,0.000,1413.073,352.861,18.920,0.000,0.000,2270.400,0.000,0.000,-0.000,999,0.040,8.000,99,9999,99999,9,999999999,0.030,0.999,0,0,999,0.030,99
12,23,2023,20,0,,21.540,15.330,66.000,89238.930,0.000,1413.073,346.296,0.000,0.000,0.000,0.000,0.000,0.000,-0.000,999,0.040,8.000,99,9999,99999,9,999999999,0.000,0.999,0,0,999,0.000,0
12,23,2023,21,0,,20.970,15.250,72.000,89238.930,0.000,1413.073,346.284,0.000,0.000,0.000,0.000,0.000,0.000,-0.000,999,0.040,8.000,99,9999,99999,9,999999999,0.010,0.999,0,0,999,0.010,99
12,23,2023,22,0,,20.400,15.180,70.000,89238.930,0.000,1413.073,340.608,0.000,0.000,0.000,0.000,0.000,0.000,-0.000,999,0.040,8.000,99,9999,99999,9,999999999,0.000,0.999,0,0,999,0.000,0
12,23,2023,23,0,,19.830,15.110,72.000,89238.930,0.000,1413.073,337.720,0.000,0.000,0.000,0.000,0.000,0.000,-0.000,999,0.040,8.000,99,9999,99999,9,999999999,0.000,0.999,0,0,999,0.000,0
12,23,2023,24,0,,19.250,16.890,86.000,89238.930,0.000,1413.073,341.998,0.000,0.000,0.000,0.000,0.000,0.000,-0.000,999,0.020,8.000,99,9999,99999,9,999999999,0.000,0.999,0,0,999,0.000,0
12,24,2023,1,0,,18.970,16.850,87.000,89238.930,0.000,1413.073,340.449,0.000,0.000,0.000,0.000,0.000,0.000,-0.000,999,0.020,8.000,99,9999,99999,9,999999999,0.000,0.999,0,0,999,0.000,0
12,24,2023,2,0,,18.680,16.810,88.000,89238.930,0.000,1413.073,338.823,0.000,0.000,0.000,0.000,0.000,0.000,-0.000,999,0.020,8.000,99,9999,99999,9,999999999,0.000,0.999,0,0,999,0.000,0
12,24,2023,3,0,,18.400,16.780,90.000,89238.930,0.000,1413.073,337.808,0.000,0.000,0.000,0.000,0.000,0.000,-0.000,999,0.020,8.000,99,9999,99999,9,999999999,0.000,0.999,0,0,999,0.000,0
12,24,2023,4,0,,18.110,16.740,91.000,89238.930,0.000,1413.234,336.170,0.000,0.000,0.000,0.000,0.000,0.000,-0.000,999,0.020,8.000,99,9999,99999,9,999999999,0.000,0.999,0,0,999,0.000,0
12,24,2023,5,0,,17.860,16.710,92.000,89238.930,0.000,1413.234,334.828,0.000,0.000,0.000,0.000,0.000,0.000,-0.000,999,0.020,8.000,99,9999,99999,9,999999999,0.000,0.999,0,0,999,0.000,0
12,24,2023,6,0,,17.670,16.680,93.000,89238.930,115.985,1413.234,333.930,0.000,0.000,0.000,0.000,0.000,0.000,0.000,999,0.020,8.000,99,9999,99999,9,999999999,0.000,0.999,0,0,999,0.000,0
12,24,2023,7,0,,17.480,16.660,94.000,89238.930,428.287,1413.234,333.028,73.310,0.000,73.310,8797.200,0.000,8064.100,77.221,999,0.030,8.000,99,9999,99999,9,999999999,0.000,0.999,0,0,999,0.000,0
12,24,2023,8,0,,19.770,16.960,83.000,89238.930,727.643,1413.234,344.194,232.550,44.752,209.527,27906.000,4251.425,23047.966,129.640,999,0.040,8.000,99,9999,99999,9,999999999,0.000,0.999,0,0,999,0.000,0
12,24,2023,9,0,,20.940,17.110,78.000,89238.930,991.570,1413.234,350.036,389.470,61.093,346.618,46736.400,5803.875,38127.964,157.298,999,0.050,7.000,99,9999,99999,9,999999999,0.000,0.999,0,0,999,0.000,0
12,24,2023,10,0,,22.030,17.240,74.000,89238.930,1201.857,1413.234,355.785,523.870,76.619,458.718,62864.400,7278.770,50459.032,171.714,999,0.060,7.000,99,9999,99999,9,999999999,0.000,0.999,0,0,999,0.000,0
12,24,2023,11,0,,22.990,17.370,70.000,89238.930,1344.115,1413.234,360.413,624.420,73.543,554.476,74930.400,6986.540,60992.412,185.577,999,0.360,7.000,99,9999,99999,9,999999999,0.000,0.999,0,0,999,0.000,0
12,24,2023,12,0,,23.770,17.460,67.000,89238.930,1408.629,1413.234,364.261,683.560,84.168,599.666,82027.200,7995.963,65963.303,191.504,999,0.560,7.000,99,9999,99999,9,999999999,0.000,0.999,0,0,999,0.000,0
12,24,2023,13,0,,24.360,17.540,65.000,89238.930,1390.995,1413.234,367.331,696.990,97.092,601.427,83638.800,9223.696,66156.993,194.503,999,0.630,7.000,99,9999,99999,9,999999999,0.000,0.999,0,0,999,0.000,0
12,24,2023,14,0,,24.740,17.580,64.000,89238.930,1292.415,1413.234,369.527,663.720,114.531,558.986,79646.400,10880.489,61488.450,194.575,999,0.630,7.000,99,9999,99999,9,999999999,0.000,0.999,0,0,999,0.000,0
12,24,2023,15,0,,24.910,17.610,63.000,89238.930,1119.617,1413.234,370.045,586.170,169.995,451.517,70340.400,16149.541,49666.853,181.445,999,0.980,7.000,99,9999,99999,9,999999999,0.000,0.999,0,0,999,0.000,0
12,24,2023,16,0,,24.840,17.600,64.000,89238.930,884.405,1413.234,370.322,470.040,177.643,358.921,56404.800,16876.061,39481.359,182.646,999,1.110,7.000,99,9999,99999,9,999999999,0.000,0.999,0,0,999,0.000,0
12,24,2023,17,0,,24.440,17.550,65.000,89238.930,602.903,1413.234,367.964,324.360,364.731,168.965,38923.200,34649.457,18586.154,126.236,999,0.660,7.000,99,9999,99999,9,999999999,0.000,0.999,0,0,999,0.000,0
12,24,2023,18,0,,23.780,17.470,67.000,89238.930,294.788,1413.234,364.340,162.810,491.697,60.884,19537.200,46711.247,6697.257,93.491,999,0.280,8.000,99,9999,99999,9,999999999,0.000,0.999,0,0,999,0.000,0
12,24,2023,19,0,,22.930,17.360,70.000,89238.930,0.000,1413.234,359.945,19.630,0.000,0.000,2355.600,0.000,0.000,-0.000,999,0.120,8.000,99,9999,99999,9,999999999,0.000,0.999,0,0,999,0.000,0
12,24,2023,20,0,,22.210,17.270,73.000,89238.930,0.000,1413.234,356.489,0.000,0.000,0.000,0.000,0.000,0.000,-0.000,999,0.080,8.000,99,9999,99999,9,999999999,0.000,0.999,0,0,999,0.000,0
12,24,2023,21,0,,21.480,17.170,76.000,89238.930,0.000,1413.234,352.884,0.000,0.000,0.000,0.000,0.000,0.000,-0.000,999,0.050,7.000,99,9999,99999,9,999999999,0.000,0.999,0,0,999,0.000,0
12,24,2023,22,0,,20.760,17.080,79.000,89238.930,0.000,1413.234,349.293,0.000,0.000,0.000,0.000,0.000,0.000,-0.000,999,0.030,7.000,99,9999,99999,9,999999999,0.000,0.999,0,0,999,0.000,0
12,24,2023,23,0,,20.030,16.990,82.000,89238.930,0.000,1413.234,345.572,0.000,0.000,0.000,0.000,0.000,0.000,-0.000,999,0.020,7.000,99,9999,99999,9,999999999,0.000,0.999,0,0,999,0.000,0
12,24,2023,24,0,,19.310,16.980,86.000,89238.930,0.000,1413.234,342.452,0.000,0.000,0.000,0.000,0.000,0.000,-0.000,999,0.030,6.000,99,9999,99999,9,999999999,0.000,0.999,0,0,999,0.000,0
12,25,2023,1,0,,18.940,16.980,88.000,89238.930,0.000,1413.234,340.779,0.000,0.000,0.000,0.000,0.000,0.000,-0.000,999,0.030,6.000,99,9999,99999,9,999999999,0.000,0.999,0,0,999,0.000,0
12,25,2023,2,0,,18.580,16.980,90.000,89238.930,0.000,1413.234,339.160,0.000,0.000,0.000,0.000,0.000,0.000,-0.000,999,0.030,6.000,99,9999,99999,9,999999999,0.000,0.999,0,0,999,0.000,0
12,25,2023,3,0,,18.220,16.970,92.000,89238.930,0.000,1413.234,337.519,0.000,0.000,0.000,0.000,0.000,0.000,-0.000,999,0.030,5.000,99,9999,99999,9,999999999,0.000,0.999,0,0,999,0.000,0
12,25,2023,4,0,,17.850,16.970,94.000,89238.930,0.000,1413.379,335.784,0.000,0.000,0.000,0.000,0.000,0.000,-0.000,999,0.030,5.000,99,9999,99999,9,999999999,0.000,0.999,0,0,999,0.000,0
12,25,2023,5,0,,17.530,16.970,96.000,89238.930,0.000,1413.379,334.404,0.000,0.000,0.000,0.000,0.000,0.000,-0.000,999,0.030,5.000,99,9999,99999,9,999999999,0.000,0.999,0,0,999,0.000,0
12,25,2023,6,0,,17.290,16.960,97.000,89238.930,113.297,1413.379,333.111,0.000,0.000,0.000,0.000,0.000,0.000,0.000,999,0.030,4.000,99,9999,99999,9,999999999,0.000,0.999,0,0,999,0.000,0
12,25,2023,7,0,,17.050,16.960,99.000,89238.930,425.644,1413.379,332.298,145.650,75.517,122.974,17478.000,7174.081,13527.107,130.357,999,0.030,4.000,99,9999,99999,9,999999999,0.000,0.999,0,0,999,0.000,0
12,25,2023,8,0,,20.270,16.990,81.000,89238.930,725.280,1413.379,346.792,195.200,18.239,185.848,23424.000,1732.711,20443.305,115.376,999,0.030,8.000,99,9999,99999,9,999999999,0.000,0.999,0,0,999,0.000,0
12,25,2023,9,0,,20.730,17.000,79.000,89238.930,989.646,1413.379,349.063,245.050,21.919,229.707,29406.000,2082.268,25267.804,104.457,999,0.060,8.000,99,9999,99999,9,999999999,0.000,0.999,0,0,999,0.000,0
12,25,2023,10,0,,23.070,17.020,68.000,89238.930,1200.495,1413.379,359.547,690.460,292.881,441.721,82855.200,27823.674,48589.359,165.557,999,0.090,3.000,99,9999,99999,9,999999999,0.000,0.999,0,0,999,0.000,0
12,25,2023,11,0,,23.850,17.030,65.000,89238.930,1343.398,1413.379,363.315,526.840,82.323,448.595,63220.800,7820.715,49345.480,150.236,999,0.210,8.000,99,9999,99999,9,999999999,0.000,0.999,0,0,999,0.000,0
12,25,2023,12,0,,23.630,17.030,66.000,89238.930,1408.596,1413.379,362.382,290.780,16.685,274.151,34893.600,1585.094,30156.643,87.562,999,0.260,8.000,99,9999,99999,9,999999999,0.000,0.999,0,0,999,0.000,0
12,25,2023,13,0,,24.270,17.040,64.000,89238.930,1391.639,1413.379,365.809,588.770,80.746,509.267,70652.400,7670.836,56019.380,164.639,999,1.210,8.000,99,9999,99999,9,999999999,0.000,0.999,0,0,999,0.000,0
12,25,2023,14,0,,24.690,17.040,62.000,89238.930,1293.682,1413.379,367.460,560.990,109.048,461.183,67318.800,10359.516,50730.157,160.391,999,1.370,8.000,99,9999,99999,9,999999999,0.000,0.999,0,0,999,0.000,0
12,25,2023,15,0,,24.880,17.040,61.000,89238.930,1121.408,1413.379,368.107,495.770,86.287,427.320,59492.400,8197.288,47005.150,171.464,999,0.800,8.000,99,9999,99999,9,999999999,0.000,0.999,0,0,999,0.000,0
12,25,2023,16,0,,24.830,17.040,61.000,89238.930,886.585,1413.379,367.712,397.890,91.886,340.278,47746.800,8729.194,37430.539,172.750,999,0.660,8.000,99,9999,99999,9,999999999,0.000,0.999,0,0,999,0.000,0
12,25,2023,17,0,,24.420,17.040,68.000,89238.930,605.311,1413.379,370.185,274.980,187.065,194.969,32997.600,17771.137,21446.637,145.098,999,0.600,8.000,99,9999,99999,9,999999999,0.020,0.999,0,0,999,0.020,99
12,25,2023,18,0,,23.720,17.030,76.000,89238.930,297.237,1413.379,370.479,138.550,354.931,64.364,16626.000,33718.403,7080.000,98.019,999,0.190,8.000,99,9999,99999,9,999999999,1.910,0.999,0,0,999,1.910,99
12,25,2023,19,0,,22.830,17.020,74.000,89238.930,0.000,1413.379,362.027,17.190,0.000,0.000,2062.800,0.000,0.000,-0.000,999,0.030,8.000,99,9999,99999,9,999999999,0.060,0.999,0,0,999,0.060,99
12,25,2023,20,0,,22.030,17.010,73.000,89238.930,0.000,1413.379,355.094,0.000,0.000,0.000,0.000,0.000,0.000,-0.000,999,0.030,8.000,99,9999,99999,9,999999999,0.000,0.999,0,0,999,0.000,0
12,25,2023,21,0,,21.230,17.000,81.000,89238.930,0.000,1413.379,354.169,0.000,0.000,0.000,0.000,0.000,0.000,-0.000,999,0.030,8.000,99,9999,99999,9,999999999,0.010,0.999,0,0,999,0.010,99
12,25,2023,22,0,,20.430,17.000,80.000,89238.930,0.000,1413.379,347.396,0.000,0.000,0.000,0.000,0.000,0.000,-0.000,999,0.030,8.000,99,9999,99999,9,999999999,0.000,0.999,0,0,999,0.000,0
12,25,2023,23,0,,19.630,16.990,84.000,89238.930,0.000,1413.379,343.721,0.000,0.000,0.000,0.000,0.000,0.000,-0.000,999,0.030,8.000,99,9999,99999,9,999999999,0.000,0.999,0,0,999,0.000,0
12,25,2023,24,0,,18.830,15.260,79.000,89238.930,0.000,1413.379,334.751,0.000,0.000,0.000,0.000,0.000,0.000,-0.000,999,0.140,8.000,99,9999,99999,9,999999999,0.000,0.999,0,0,999,0.000,0
12,26,2023,1,0,,18.430,15.210,81.000,89238.930,0.000,1413.379,332.983,0.000,0.000,0.000,0.000,0.000,0.000,-0.000,999,0.140,8.000,99,9999,99999,9,999999999,0.000,0.999,0,0,999,0.000,0
12,26,2023,2,0,,18.030,15.160,83.000,89238.930,0.000,1413.379,331.190,0.000,0.000,0.000,0.000,0.000,0.000,-0.000,999,0.140,8.000,99,9999,99999,9,999999999,0.000,0.999,0,0,999,0.000,0
12,26,2023,3,0,,17.630,15.110,85.000,89238.930,0.000,1413.379,329.373,0.000,0.000,0.000,0.000,0.000,0.000,-0.000,999,0.140,8.000,99,9999,99999,9,999999999,0.000,0.999,0,0,999,0.000,0
12,26,2023,4,0,,17.230,15.060,87.000,89238.930,0.000,1413.510,327.535,0.000,0.000,0.000,0.000,0.000,0.000,-0.000,999,0.140,8.000,99,9999,99999,9,999999999,0.000,0.999,0,0,999,0.000,0
12,26,2023,5,0,,16.870,15.020,88.000,89238.930,0.000,1413.510,325.441,0.000,0.000,0.000,0.000,0.000,0.000,-0.000,999,0.140,8.000,99,9999,99999,9,999999999,0.000,0.999,0,0,999,0.000,0
12,26,2023,6,0,,16.610,14.990,90.000,89238.930,110.549,1413.510,324.593,0.000,0.000,0.000,0.000,0.000,0.000,0.000,999,0.140,8.000,99,9999,99999,9,999999999,0.000,0.999,0,0,999,0.000,0
12,26,2023,7,0,,16.350,14.950,91.000,89238.930,422.949,1413.510,323.217,81.450,0.000,81.450,9774.000,0.000,8959.500,86.902,999,0.140,8.000,99,9999,99999,9,999999999,0.000,0.999,0,0,999,0.000,0
12,26,2023,8,0,,19.300,15.310,77.000,89238.930,722.879,1413.510,337.012,264.590,46.210,240.977,31750.800,4389.950,26507.513,150.113,999,0.140,7.000,99,9999,99999,9,999999999,0.000,0.999,0,0,999,0.000,0
12,26,2023,9,0,,20.850,15.500,71.000,89238.930,987.694,1413.510,344.685,445.750,105.299,372.195,53490.000,10003.364,40941.445,169.602,999,0.140,6.000,99,9999,99999,9,999999999,0.000,0.999,0,0,999,0.000,0
12,26,2023,10,0,,22.280,15.670,66.000,89238.930,1199.113,1413.510,351.928,601.220,225.319,410.098,72146.400,21405.351,45110.806,153.896,999,0.140,6.000,99,9999,99999,9,999999999,0.000,0.999,0,0,999,0.000,0
12,26,2023,11,0,,23.540,15.820,61.000,89238.930,1342.666,1413.510,357.630,717.860,130.467,593.936,86143.200,12394.364,65332.941,199.037,999,0.140,5.000,99,9999,99999,9,999999999,0.000,0.999,0,0,999,0.000,0
12,26,2023,12,0,,24.580,15.940,58.000,89238.930,1408.551,1413.510,363.115,786.870,149.620,637.775,94424.400,14213.912,70155.260,203.725,999,0.150,5.000,99,9999,99999,9,999999999,0.000,0.999,0,0,999,0.000,0
12,26,2023,13,0,,25.360,16.030,56.000,89238.930,1392.268,1413.510,367.400,803.230,277.240,530.159,96387.600,26337.777,58317.480,171.331,999,0.450,5.000,99,9999,99999,9,999999999,0.000,0.999,0,0,999,0.000,0
12,26,2023,14,0,,25.870,16.090,54.000,89238.930,1294.927,1413.510,369.507,765.760,323.483,469.432,91891.200,30730.869,51637.469,163.117,999,1.800,5.000,99,9999,99999,9,999999999,0.000,0.999,0,0,999,0.000,0
12,26,2023,15,0,,26.090,16.110,54.000,89238.930,1123.169,1413.510,371.247,677.160,350.422,398.764,81259.200,33290.095,43864.033,159.770,999,0.570,5.000,99,9999,99999,9,999999999,0.000,0.999,0,0,999,0.000,0
12,26,2023,16,0,,26.010,16.110,54.000,89238.930,888.724,1413.510,370.613,543.950,435.807,270.066,65274.000,41401.618,29707.233,136.787,999,0.140,6.000,99,9999,99999,9,999999999,0.000,0.999,0,0,999,0.000,0
12,26,2023,17,0,,25.500,16.050,55.000,89238.930,607.665,1413.510,367.556,376.460,472.344,173.661,45175.200,44872.669,19102.761,128.750,999,0.150,6.000,99,9999,99999,9,999999999,0.000,0.999,0,0,999,0.000,0
12,26,2023,18,0,,24.410,15.920,59.000,89238.930,299.620,1413.510,362.674,98.040,67.972,83.719,11764.800,6457.356,9209.060,126.480,999,0.140,8.000,99,9999,99999,9,999999999,0.000,0.999,0,0,999,0.000,0
12,26,2023,19,0,,23.310,15.790,62.000,89238.930,0.000,1413.510,356.682,19.510,0.000,0.000,2341.200,0.000,0.000,-0.000,999,0.140,8.000,99,9999,99999,9,999999999,0.000,0.999,0,0,999,0.000,0
12,26,2023,20,0,,22.340,15.680,65.000,89238.930,0.000,1413.510,351.619,0.000,0.000,0.000,0.000,0.000,0.000,-0.000,999,0.140,8.000,99,9999,99999,9,999999999,0.000,0.999,0,0,999,0.000,0
12,26,2023,21,0,,21.380,15.560,69.000,89238.930,0.000,1413.510,347.286,0.000,0.000,0.000,0.000,0.000,0.000,-0.000,999,0.140,8.000,99,9999,99999,9,999999999,0.000,0.999,0,0,999,0.000,0
12,26,2023,22,0,,20.410,15.450,73.000,89238.930,0.000,1413.510,342.731,0.000,0.000,0.000,0.000,0.000,0.000,-0.000,999,0.140,8.000,99,9999,99999,9,999999999,0.000,0.999,0,0,999,0.000,0
12,26,2023,23,0,,19.440,15.330,77.000,89238.930,0.000,1413.510,338.055,0.000,0.000,0.000,0.000,0.000,0.000,-0.000,999,0.140,8.000,99,9999,99999,9,999999999,0.000,0.999,0,0,999,0.000,0
12,26,2023,24,0,,18.480,16.400,87.000,89238.930,0.000,1413.510,336.773,0.000,0.000,0.000,0.000,0.000,0.000,-0.000,999,0.130,8.000,99,9999,99999,9,999999999,0.000,0.999,0,0,999,0.000,0
12,27,2023,1,0,,18.000,16.240,89.000,89238.930,0.000,1413.510,334.286,0.000,0.000,0.000,0.000,0.000,0.000,-0.000,999,0.130,8.000,99,9999,99999,9,999999999,0.000,0.999,0,0,999,0.000,0
12,27,2023,2,0,,17.510,16.080,91.000,89238.930,0.000,1413.510,331.710,0.000,0.000,0.000,0.000,0.000,0.000,-0.000,999,0.130,8.000,99,9999,99999,9,999999999,0.000,0.999,0,0,999,0.000,0
12,27,2023,3,0,,17.030,15.920,98.000,89238.930,0.000,1413.510,331.668,0.000,0.000,0.000,0.000,0.000,0.000,-0.000,999,0.130,8.000,99,9999,99999,9,999999999,0.020,0.999,0,0,999,0.020,99
12,27,2023,4,0,,16.550,15.760,95.000,89238.930,0.000,1413.626,326.671,0.000,0.000,0.000,0.000,0.000,0.000,-0.000,999,0.130,8.000,99,9999,99999,9,999999999,0.000,0.999,0,0,999,0.000,0
12,27,2023,5,0,,16.120,15.610,96.000,89238.930,0.000,1413.626,324.020,0.000,0.000,0.000,0.000,0.000,0.000,-0.000,999,0.130,8.000,99,9999,99999,9,999999999,0.000,0.999,0,0,999,0.000,0
12,27,2023,6,0,,15.800,15.500,98.000,89238.930,107.743,1413.626,322.647,0.000,0.000,0.000,0.000,0.000,0.000,0.000,999,0.130,8.000,99,9999,99999,9,999999999,0.000,0.999,0,0,999,0.000,0
12,27,2023,7,0,,15.480,15.390,99.000,89238.930,420.206,1413.626,320.796,52.010,0.000,52.010,6241.200,0.000,5721.100,55.860,999,0.130,8.000,99,9999,99999,9,999999999,0.000,0.999,0,0,999,0.000,0
12,27,2023,8,0,,17.700,16.140,90.000,89238.930,720.442,1413.626,332.592,171.090,4.115,168.994,20530.800,390.955,18589.385,105.638,999,0.130,8.000,99,9999,99999,9,999999999,0.000,0.999,0,0,999,0.000,0
12,27,2023,9,0,,18.880,16.530,86.000,89238.930,985.717,1413.626,339.211,289.110,27.660,269.828,34693.200,2627.736,29681.134,123.213,999,0.130,8.000,99,9999,99999,9,999999999,0.000,0.999,0,0,999,0.000,0
12,27,2023,10,0,,19.970,16.880,82.000,89238.930,1197.713,1413.626,345.116,390.500,26.475,368.071,46860.000,2515.143,40487.826,138.297,999,0.130,8.000,99,9999,99999,9,999999999,0.000,0.999,0,0,999,0.000,0
12,27,2023,11,0,,20.930,17.180,79.000,89238.930,1341.921,1413.626,350.597,466.660,42.190,426.611,55999.200,4008.078,46927.216,143.055,999,0.130,8.000,99,9999,99999,9,999999999,0.000,0.999,0,0,999,0.000,0
12,27,2023,12,0,,21.720,17.430,76.000,89238.930,1408.493,1413.626,354.737,511.860,46.328,465.700,61423.200,4401.186,51227.004,148.777,999,0.140,8.000,99,9999,99999,9,999999999,0.000,0.999,0,0,999,0.000,0
12,27,2023,13,0,,22.320,17.610,74.000,89238.930,1392.882,1413.626,358.038,522.800,52.139,471.427,62736.000,4953.184,51856.943,152.296,999,0.450,8.000,99,9999,99999,9,999999999,0.000,0.999,0,0,999,0.000,0
12,27,2023,14,0,,22.700,17.730,73.000,89238.930,1296.151,1413.626,360.306,498.700,60.399,443.324,59844.000,5737.870,48765.603,153.913,999,0.900,8.000,99,9999,99999,9,999999999,0.000,0.999,0,0,999,0.000,0
12,27,2023,15,0,,22.880,17.780,72.000,89238.930,1124.899,1413.626,361.004,441.270,53.946,398.349,52952.400,5124.896,43818.426,159.371,999,0.490,8.000,99,9999,99999,9,999999999,0.000,0.999,0,0,999,0.000,0
12,27,2023,16,0,,22.820,17.760,73.000,89238.930,890.821,1413.626,361.246,354.760,56.281,319.309,42571.200,5346.697,35124.025,161.361,999,0.730,8.000,99,9999,99999,9,999999999,0.000,0.999,0,0,999,0.000,0
12,27,2023,17,0,,22.440,17.650,74.000,89238.930,609.964,1413.626,358.974,245.880,105.332,200.488,29505.600,10006.523,22053.730,148.089,999,0.680,8.000,99,9999,99999,9,999999999,0.000,0.999,0,0,999,0.000,0
12,27,2023,18,0,,21.780,17.450,76.000,89238.930,301.934,1413.626,355.202,124.780,179.022,86.770,14973.600,17007.053,9544.671,130.084,999,0.150,8.000,99,9999,99999,9,999999999,0.000,0.999,0,0,999,0.000,0
12,27,2023,19,0,,20.940,17.190,79.000,89238.930,0.000,1413.626,350.674,16.310,0.000,0.000,1957.200,0.000,0.000,-0.000,999,0.130,8.000,99,9999,99999,9,999999999,0.000,0.999,0,0,999,0.000,0
12,27,2023,20,0,,20.210,16.960,81.000,89238.930,0.000,1413.626,346.335,0.000,0.000,0.000,0.000,0.000,0.000,-0.000,999,0.130,8.000,99,9999,99999,9,999999999,0.000,0.999,0,0,999,0.000,0
12,27,2023,21,0,,19.490,16.730,94.000,89238.930,0.000,1413.626,348.212,0.000,0.000,0.000,0.000,0.000,0.000,-0.000,999,0.130,8.000,99,9999,99999,9,999999999,1.910,0.999,0,0,999,1.910,99
12,27,2023,22,0,,18.760,16.490,91.000,89238.930,0.000,1413.626,341.053,0.000,0.000,0.000,0.000,0.000,0.000,-0.000,999,0.130,8.000,99,9999,99999,9,999999999,0.010,0.999,0,0,999,0.010,99
12,27,2023,23,0,,18.030,16.250,94.000,89238.930,0.000,1413.626,337.131,0.000,0.000,0.000,0.000,0.000,0.000,-0.000,999,0.130,8.000,99,9999,99999,9,999999999,0.060,0.999,0,0,999,0.060,99
12,27,2023,24,0,,17.310,14.770,84.000,89238.930,0.000,1413.626,326.479,0.000,0.000,0.000,0.000,0.000,0.000,-0.000,999,0.120,8.000,99,9999,99999,9,999999999,0.000,0.999,0,0,999,0.000,0
12,28,2023,1,0,,16.950,14.650,86.000,89238.930,0.000,1413.626,324.955,0.000,0.000,0.000,0.000,0.000,0.000,-0.000,999,0.120,8.000,99,9999,99999,9,999999999,0.000,0.999,0,0,999,0.000,0
12,28,2023,2,0,,16.580,14.530,87.000,89238.930,0.000,1413.626,322.808,0.000,0.000,0.000,0.000,0.000,0.000,-0.000,999,0.120,8.000,99,9999,99999,9,999999999,0.000,0.999,0,0,999,0.000,0
12,28,2023,3,0,,16.220,14.410,89.000,89238.930,0.000,1413.626,321.254,0.000,0.000,0.000,0.000,0.000,0.000,-0.000,999,0.120,8.000,99,9999,99999,9,999999999,0.000,0.999,0,0,999,0.000,0
12,28,2023,4,0,,15.860,14.290,90.000,89238.930,0.000,1413.727,319.176,0.000,0.000,0.000,0.000,0.000,0.000,-0.000,999,0.120,8.000,99,9999,99999,9,999999999,0.000,0.999,0,0,999,0.000,0
12,28,2023,5,0,,15.530,14.180,91.000,89238.930,0.000,1413.727,317.315,0.000,0.000,0.000,0.000,0.000,0.000,-0.000,999,0.120,8.000,99,9999,99999,9,999999999,0.000,0.999,0,0,999,0.000,0
12,28,2023,6,0,,15.290,14.100,92.000,89238.930,104.881,1413.727,316.097,0.000,0.000,0.000,0.000,0.000,0.000,0.000,999,0.120,8.000,99,9999,99999,9,999999999,0.000,0.999,0,0,999,0.000,0
12,28,2023,7,0,,15.050,14.020,93.000,89238.930,417.417,1413.727,314.875,72.210,0.000,72.210,8665.200,0.000,7943.100,78.083,999,0.120,8.000,99,9999,99999,9,999999999,0.000,0.999,0,0,999,0.000,0
12,28,2023,8,0,,17.870,14.950,83.000,89238.930,717.971,1413.727,330.014,240.690,31.210,224.853,28882.800,2964.981,24733.825,141.050,999,0.120,7.000,99,9999,99999,9,999999999,0.000,0.999,0,0,999,0.000,0
12,28,2023,9,0,,19.380,15.430,77.000,89238.930,983.715,1413.727,337.608,408.000,75.094,355.764,48960.000,7133.906,39134.016,162.796,999,0.120,7.000,99,9999,99999,9,999999999,0.000,0.999,0,0,999,0.000,0
12,28,2023,10,0,,20.780,15.860,73.000,89238.930,1196.296,1413.727,345.525,551.860,161.375,415.321,66223.200,15330.582,45685.285,156.247,999,0.160,6.000,99,9999,99999,9,999999999,0.000,0.999,0,0,999,0.000,0
12,28,2023,11,0,,22.010,16.230,69.000,89238.930,1341.163,1413.727,352.094,660.100,93.324,571.569,79212.000,8865.761,62872.613,191.786,999,0.470,6.000,99,9999,99999,9,999999999,0.000,0.999,0,0,999,0.000,0
12,28,2023,12,0,,23.030,16.530,66.000,89238.930,1408.423,1413.727,357.706,724.510,106.992,617.920,86941.200,10164.239,67971.165,197.431,999,0.580,6.000,99,9999,99999,9,999999999,0.000,0.999,0,0,999,0.000,0
12,28,2023,13,0,,23.790,16.750,64.000,89238.930,1393.480,1413.727,362.041,740.410,123.260,618.916,88849.200,11709.712,68080.780,199.871,999,0.270,6.000,99,9999,99999,9,999999999,0.000,0.999,0,0,999,0.000,0
12,28,2023,14,0,,24.290,16.900,63.000,89238.930,1297.353,1413.727,365.144,706.660,144.757,573.826,84799.200,13751.912,63120.901,199.050,999,0.830,6.000,99,9999,99999,9,999999999,0.000,0.999,0,0,999,0.000,0
12,28,2023,15,0,,24.520,16.960,62.000,89238.930,1126.596,1413.727,366.119,625.680,291.589,393.352,75081.600,27700.988,43268.749,157.146,999,0.790,6.000,99,9999,99999,9,999999999,0.000,0.999,0,0,999,0.000,0
12,28,2023,16,0,,24.450,16.940,62.000,89238.930,892.874,1413.727,365.568,503.420,352.242,281.052,60410.400,33462.964,30915.669,141.711,999,0.540,6.000,99,9999,99999,9,999999999,0.000,0.999,0,0,999,0.000,0
12,28,2023,17,0,,23.960,16.800,64.000,89238.930,612.204,1413.727,363.372,349.380,442.108,158.170,41925.600,42000.270,17398.742,116.411,999,0.230,7.000,99,9999,99999,9,999999999,0.000,0.999,0,0,999,0.000,0
12,28,2023,18,0,,23.120,16.560,66.000,89238.930,304.175,1413.727,358.405,177.910,603.769,48.762,21349.200,57358.077,5363.871,72.564,999,0.120,8.000,99,9999,99999,9,999999999,0.000,0.999,0,0,999,0.000,0
12,28,2023,19,0,,22.050,16.240,69.000,89238.930,0.438,1413.727,352.401,23.820,0.000,0.000,2858.400,0.000,0.000,-0.000,999,0.120,8.000,99,9999,99999,9,999999999,0.000,0.999,0,0,999,0.000,0
12,28,2023,20,0,,21.120,15.960,72.000,89238.930,0.000,1413.727,347.423,0.000,0.000,0.000,0.000,0.000,0.000,-0.000,999,0.120,8.000,99,9999,99999,9,999999999,0.000,0.999,0,0,999,0.000,0
12,28,2023,21,0,,20.200,15.680,75.000,89238.930,0.000,1413.727,342.473,0.000,0.000,0.000,0.000,0.000,0.000,-0.000,999,0.120,8.000,99,9999,99999,9,999999999,0.000,0.999,0,0,999,0.000,0
12,28,2023,22,0,,19.270,15.390,78.000,89238.930,0.000,1413.727,337.410,0.000,0.000,0.000,0.000,0.000,0.000,-0.000,999,0.120,8.000,99,9999,99999,9,999999999,0.000,0.999,0,0,999,0.000,0
12,28,2023,23,0,,18.350,15.100,81.000,89238.930,0.000,1413.727,332.393,0.000,0.000,0.000,0.000,0.000,0.000,-0.000,999,0.120,8.000,99,9999,99999,9,999999999,0.000,0.999,0,0,999,0.000,0
12,28,2023,24,0,,17.420,14.910,85.000,89238.930,0.000,1413.727,327.835,0.000,0.000,0.000,0.000,0.000,0.000,-0.000,999,0.230,8.000,99,9999,99999,9,999999999,0.000,0.999,0,0,999,0.000,0
12,29,2023,1,0,,16.960,14.660,86.000,89238.930,0.000,1413.727,325.028,0.000,0.000,0.000,0.000,0.000,0.000,-0.000,999,0.230,8.000,99,9999,99999,9,999999999,0.000,0.999,0,0,999,0.000,0
12,29,2023,2,0,,16.500,14.410,87.000,89238.930,0.000,1413.727,322.230,0.000,0.000,0.000,0.000,0.000,0.000,-0.000,999,0.230,8.000,99,9999,99999,9,999999999,0.000,0.999,0,0,999,0.000,0
12,29,2023,3,0,,16.030,14.150,88.000,89238.930,0.000,1413.727,319.371,0.000,0.000,0.000,0.000,0.000,0.000,-0.000,999,0.230,8.000,99,9999,99999,9,999999999,0.000,0.999,0,0,999,0.000,0
12,29,2023,4,0,,15.570,13.890,89.000,89238.930,0.000,1413.813,316.594,0.000,0.000,0.000,0.000,0.000,0.000,-0.000,999,0.230,8.000,99,9999,99999,9,999999999,0.000,0.999,0,0,999,0.000,0
12,29,2023,5,0,,15.160,13.650,90.000,89238.930,0.000,1413.813,314.183,0.000,0.000,0.000,0.000,0.000,0.000,-0.000,999,0.230,8.000,99,9999,99999,9,999999999,0.000,0.999,0,0,999,0.000,0
12,29,2023,6,0,,14.850,13.470,91.000,89238.930,101.968,1413.813,312.484,0.000,0.000,0.000,0.000,0.000,0.000,0.000,999,0.230,8.000,99,9999,99999,9,999999999,0.000,0.999,0,0,999,0.000,0
12,29,2023,7,0,,14.550,13.300,92.000,89238.930,414.583,1413.813,310.856,64.110,0.000,64.110,7693.200,0.000,7052.100,69.805,999,0.230,8.000,99,9999,99999,9,999999999,0.000,0.999,0,0,999,0.000,0
12,29,2023,8,0,,17.260,14.830,85.000,89238.930,715.468,1413.813,326.667,216.610,19.071,206.967,25993.200,1811.730,22766.403,130.294,999,0.230,8.000,99,9999,99999,9,999999999,0.000,0.999,0,0,999,0.000,0
12,29,2023,9,0,,18.730,15.600,82.000,89238.930,981.691,1413.813,335.794,368.370,71.186,318.957,44204.400,6762.684,35085.270,146.264,999,0.230,7.000,99,9999,99999,9,999999999,0.000,0.999,0,0,999,0.000,0
12,29,2023,10,0,,20.090,16.290,78.000,89238.930,1194.863,1413.813,343.565,499.000,108.219,407.551,59880.000,10280.802,44830.623,153.517,999,0.230,7.000,99,9999,99999,9,999999999,0.000,0.999,0,0,999,0.000,0
12,29,2023,11,0,,21.290,16.870,75.000,89238.930,1340.393,1413.813,350.757,597.400,62.371,538.270,71688.000,5925.242,59209.695,180.728,999,0.430,7.000,99,9999,99999,9,999999999,0.000,0.999,0,0,999,0.000,0
12,29,2023,12,0,,22.280,17.340,73.000,89238.930,1408.339,1413.813,357.032,656.130,71.311,585.095,78735.600,6774.556,64360.468,186.966,999,0.300,7.000,99,9999,99999,9,999999999,0.000,0.999,0,0,999,0.000,0
12,29,2023,13,0,,23.030,17.680,71.000,89238.930,1394.061,1413.813,361.458,670.910,82.205,589.854,80509.200,7809.519,64883.905,190.418,999,0.230,7.000,99,9999,99999,9,999999999,0.000,0.999,0,0,999,0.000,0
12,29,2023,14,0,,23.520,17.910,70.000,89238.930,1298.529,1413.813,364.573,640.680,97.038,551.559,76881.600,9218.644,60671.503,191.164,999,0.230,7.000,99,9999,99999,9,999999999,0.000,0.999,0,0,999,0.000,0
12,29,2023,15,0,,23.740,18.000,70.000,89238.930,1128.259,1413.813,366.310,567.610,144.363,452.424,68113.200,13714.468,49766.649,180.489,999,0.230,7.000,99,9999,99999,9,999999999,0.000,0.999,0,0,999,0.000,0
12,29,2023,16,0,,23.680,17.980,70.000,89238.930,894.879,1413.813,365.836,457.060,151.518,361.198,54847.200,14394.236,39731.776,181.725,999,0.230,7.000,99,9999,99999,9,999999999,0.000,0.999,0,0,999,0.000,0
12,29,2023,17,0,,23.210,17.770,71.000,89238.930,614.384,1413.813,362.870,317.630,313.721,181.471,38115.600,29803.517,19961.788,133.093,999,0.230,8.000,99,9999,99999,9,999999999,0.000,0.999,0,0,999,0.000,0
12,29,2023,18,0,,22.400,17.390,73.000,89238.930,306.343,1413.813,357.965,163.120,529.607,49.026,19574.400,50312.653,5392.859,72.438,999,0.230,8.000,99,9999,99999,9,999999999,0.000,0.999,0,0,999,0.000,0
12,29,2023,19,0,,21.360,16.900,75.000,89238.930,2.104,1413.813,351.294,22.220,0.000,0.000,2666.400,0.000,0.000,-0.000,999,0.230,8.000,99,9999,99999,9,999999999,0.000,0.999,0,0,999,0.000,0
12,29,2023,20,0,,20.510,16.490,77.000,89238.930,0.000,1413.813,346.112,0.000,0.000,0.000,0.000,0.000,0.000,-0.000,999,0.230,8.000,99,9999,99999,9,999999999,0.000,0.999,0,0,999,0.000,0
12,29,2023,21,0,,19.670,16.080,79.000,89238.930,0.000,1413.813,341.022,0.000,0.000,0.000,0.000,0.000,0.000,-0.000,999,0.230,8.000,99,9999,99999,9,999999999,0.000,0.999,0,0,999,0.000,0
12,29,2023,22,0,,18.830,15.650,81.000,89238.930,0.000,1413.813,335.949,0.000,0.000,0.000,0.000,0.000,0.000,-0.000,999,0.230,8.000,99,9999,99999,9,999999999,0.000,0.999,0,0,999,0.000,0
12,29,2023,23,0,,17.990,15.220,83.000,89238.930,0.000,1413.813,330.896,0.000,0.000,0.000,0.000,0.000,0.000,-0.000,999,0.230,8.000,99,9999,99999,9,999999999,0.000,0.999,0,0,999,0.000,0
12,29,2023,24,0,,17.140,13.900,81.000,89238.930,0.000,1413.813,323.557,0.000,0.000,0.000,0.000,0.000,0.000,-0.000,999,0.050,8.000,99,9999,99999,9,999999999,0.000,0.999,0,0,999,0.000,0
12,30,2023,1,0,,16.720,13.840,83.000,89238.930,0.000,1413.813,321.652,0.000,0.000,0.000,0.000,0.000,0.000,-0.000,999,0.050,8.000,99,9999,99999,9,999999999,0.000,0.999,0,0,999,0.000,0
12,30,2023,2,0,,16.300,13.770,85.000,89238.930,0.000,1413.813,319.724,0.000,0.000,0.000,0.000,0.000,0.000,-0.000,999,0.050,8.000,99,9999,99999,9,999999999,0.000,0.999,0,0,999,0.000,0
12,30,2023,3,0,,15.880,13.710,86.000,89238.930,0.000,1413.813,317.252,0.000,0.000,0.000,0.000,0.000,0.000,-0.000,999,0.050,8.000,99,9999,99999,9,999999999,0.000,0.999,0,0,999,0.000,0
12,30,2023,4,0,,15.460,13.650,88.000,89238.930,0.000,1413.884,315.302,0.000,0.000,0.000,0.000,0.000,0.000,-0.000,999,0.050,8.000,99,9999,99999,9,999999999,0.000,0.999,0,0,999,0.000,0
12,30,2023,5,0,,15.080,13.590,90.000,89238.930,0.000,1413.884,313.616,0.000,0.000,0.000,0.000,0.000,0.000,-0.000,999,0.050,8.000,99,9999,99999,9,999999999,0.000,0.999,0,0,999,0.000,0
12,30,2023,6,0,,14.800,13.550,92.000,89238.930,99.004,1413.884,312.619,0.000,0.000,0.000,0.000,0.000,0.000,0.000,999,0.050,8.000,99,9999,99999,9,999999999,0.000,0.999,0,0,999,0.000,0
12,30,2023,7,0,,14.530,13.510,93.000,89238.930,411.708,1413.884,311.195,94.400,0.000,94.400,11328.000,0.000,10384.000,103.514,999,0.050,8.000,99,9999,99999,9,999999999,0.000,0.999,0,0,999,0.000,0
12,30,2023,8,0,,17.960,14.020,77.000,89238.930,712.934,1413.884,327.149,295.800,110.021,240.371,35496.000,10452.029,26440.777,151.869,999,0.050,6.000,99,9999,99999,9,999999999,0.000,0.999,0,0,999,0.000,0
12,30,2023,9,0,,19.840,14.290,70.000,89238.930,979.645,1413.884,336.438,515.730,194.534,380.985,61887.600,18480.777,41908.322,175.082,999,0.050,4.000,99,9999,99999,9,999999999,0.000,0.999,0,0,999,0.000,0
12,30,2023,10,0,,21.460,14.520,64.000,89238.930,1193.415,1413.884,344.175,671.610,263.058,449.597,80593.200,24990.552,49455.675,169.569,999,0.210,4.000,99,9999,99999,9,999999999,0.000,0.999,0,0,999,0.000,0
12,30,2023,11,0,,22.980,14.730,59.000,89238.930,1339.610,1413.884,351.641,825.870,385.860,460.293,99104.400,36656.663,50632.205,154.644,999,0.430,3.000,99,9999,99999,9,999999999,0.000,0.999,0,0,999,0.000,0
12,30,2023,12,0,,24.110,14.880,56.000,89238.930,1408.242,1413.884,357.662,863.520,360.545,504.415,103622.400,34251.737,55485.658,161.204,999,0.650,4.000,99,9999,99999,9,999999999,0.000,0.999,0,0,999,0.000,0
12,30,2023,13,0,,25.050,15.010,53.000,89238.930,1394.624,1413.884,362.107,918.430,440.680,483.756,110211.600,41864.623,53213.200,156.112,999,0.790,3.000,99,9999,99999,9,999999999,0.000,0.999,0,0,999,0.000,0
12,30,2023,14,0,,25.550,15.080,52.000,89238.930,1299.680,1413.884,365.013,826.470,444.224,418.150,99176.400,42201.233,45996.492,144.805,999,1.300,4.000,99,9999,99999,9,999999999,0.000,0.999,0,0,999,0.000,0
12,30,2023,15,0,,25.780,15.110,51.000,89238.930,1129.886,1413.884,365.797,745.590,492.107,352.395,89470.800,46750.142,38763.481,140.389,999,0.740,4.000,99,9999,99999,9,999999999,0.000,0.999,0,0,999,0.000,0
12,30,2023,16,0,,25.860,15.120,51.000,89238.930,896.835,1413.884,366.423,685.920,926.768,98.321,82310.400,88042.990,10815.353,49.362,999,0.610,1.000,99,9999,99999,9,999999999,0.000,0.999,0,0,999,0.000,0
12,30,2023,17,0,,25.320,15.050,52.000,89238.930,616.501,1413.884,363.220,445.660,832.400,83.157,53479.200,79077.973,9147.264,60.781,999,0.330,4.000,99,9999,99999,9,999999999,0.000,0.999,0,0,999,0.000,0
12,30,2023,18,0,,24.260,14.910,55.000,89238.930,308.435,1413.884,357.897,200.590,671.631,54.907,24070.800,63804.931,6039.811,80.576,999,0.080,7.000,99,9999,99999,9,999999999,0.000,0.999,0,0,999,0.000,0
12,30,2023,19,0,,22.960,14.730,59.000,89238.930,3.700,1413.884,351.489,26.120,0.000,0.000,3134.400,0.000,0.000,-0.000,999,0.050,8.000,99,9999,99999,9,999999999,0.000,0.999,0,0,999,0.000,0
12,30,2023,20,0,,21.940,14.580,63.000,89238.930,0.000,1413.884,347.018,0.000,0.000,0.000,0.000,0.000,0.000,-0.000,999,0.050,7.000,99,9999,99999,9,999999999,0.000,0.999,0,0,999,0.000,0
12,30,2023,21,0,,20.910,14.440,66.000,89238.930,0.000,1413.884,341.557,0.000,0.000,0.000,0.000,0.000,0.000,-0.000,999,0.050,7.000,99,9999,99999,9,999999999,0.000,0.999,0,0,999,0.000,0
12,30,2023,22,0,,19.890,14.290,70.000,89238.930,0.000,1413.884,336.809,0.000,0.000,0.000,0.000,0.000,0.000,-0.000,999,0.050,6.000,99,9999,99999,9,999999999,0.000,0.999,0,0,999,0.000,0
12,30,2023,23,0,,18.860,14.150,74.000,89238.930,0.000,1413.884,331.859,0.000,0.000,0.000,0.000,0.000,0.000,-0.000,999,0.050,5.000,99,9999,99999,9,999999999,0.000,0.999,0,0,999,0.000,0
12,30,2023,24,0,,17.840,16.000,88.000,89238.930,0.000,1413.884,332.561,0.000,0.000,0.000,0.000,0.000,0.000,-0.000,999,0.110,5.000,99,9999,99999,9,999999999,0.000,0.999,0,0,999,0.000,0
12,31,2023,1,0,,17.330,15.780,90.000,89238.930,0.000,1413.884,329.860,0.000,0.000,0.000,0.000,0.000,0.000,-0.000,999,0.110,4.000,99,9999,99999,9,999999999,0.000,0.999,0,0,999,0.000,0
12,31,2023,2,0,,16.810,15.550,92.000,89238.930,0.000,1413.884,327.075,0.000,0.000,0.000,0.000,0.000,0.000,-0.000,999,0.110,3.000,99,9999,99999,9,999999999,0.000,0.999,0,0,999,0.000,0
12,31,2023,3,0,,16.300,15.320,93.000,89238.930,0.000,1413.884,323.859,0.000,0.000,0.000,0.000,0.000,0.000,-0.000,999,0.110,3.000,99,9999,99999,9,999999999,0.000,0.999,0,0,999,0.000,0
12,31,2023,4,0,,15.790,15.090,95.000,89238.930,0.000,1413.941,321.145,0.000,0.000,0.000,0.000,0.000,0.000,-0.000,999,0.110,2.000,99,9999,99999,9,999999999,0.000,0.999,0,0,999,0.000,0
12,31,2023,5,0,,15.330,14.880,97.000,89238.930,0.000,1413.941,318.783,0.000,0.000,0.000,0.000,0.000,0.000,-0.000,999,0.110,1.000,99,9999,99999,9,999999999,0.000,0.999,0,0,999,0.000,0
12,31,2023,6,0,,15.000,14.730,98.000,89238.930,95.994,1413.941,316.882,0.000,0.000,0.000,0.000,0.000,0.000,0.000,999,0.110,1.000,99,9999,99999,9,999999999,0.000,0.999,0,0,999,0.000,0
12,31,2023,7,0,,14.660,14.570,99.000,89238.930,408.793,1413.941,314.912,224.440,402.950,108.309,26932.800,38280.255,11913.951,119.623,999,0.110,0.000,99,9999,99999,9,999999999,0.000,0.999,0,0,999,0.000,0
12,31,2023,8,0,,17.990,16.060,88.000,89238.930,710.371,1413.941,333.672,114.090,0.000,114.090,13690.800,0.000,12549.900,72.347,999,0.110,8.000,99,9999,99999,9,999999999,0.000,0.999,0,0,999,0.000,0
12,31,2023,9,0,,18.410,16.240,87.000,89238.930,977.580,1413.941,336.251,233.200,16.047,222.109,27984.000,1524.489,24431.957,102.290,999,0.110,8.000,99,9999,99999,9,999999999,0.000,0.999,0,0,999,0.000,0
12,31,2023,10,0,,20.600,17.150,80.000,89238.930,1191.953,1413.941,348.695,636.430,274.303,405.220,76371.600,26058.772,44574.220,153.026,999,0.110,5.000,99,9999,99999,9,999999999,0.000,0.999,0,0,999,0.000,0
12,31,2023,11,0,,22.450,17.880,75.000,89238.930,1338.814,1413.941,359.741,771.470,252.680,532.224,92576.400,24004.568,58544.633,178.925,999,0.110,4.000,99,9999,99999,9,999999999,0.000,0.999,0,0,999,0.000,0
12,31,2023,12,0,,22.090,17.740,76.000,89238.930,1408.131,1413.941,357.610,286.390,51.448,235.153,34366.800,4887.572,25866.872,75.161,999,0.110,8.000,99,9999,99999,9,999999999,0.000,0.999,0,0,999,0.000,0
12,31,2023,13,0,,22.830,18.030,74.000,89238.930,1395.168,1413.941,362.027,641.080,112.287,530.285,76929.600,10667.262,58331.319,171.067,999,0.420,7.000,99,9999,99999,9,999999999,0.000,0.999,0,0,999,0.000,0
12,31,2023,14,0,,23.310,18.210,73.000,89238.930,1300.804,1413.941,365.103,612.850,80.317,538.963,73542.000,7630.135,59285.966,186.488,999,0.790,7.000,99,9999,99999,9,999999999,0.000,0.999,0,0,999,0.000,0
12,31,2023,15,0,,23.540,18.300,72.000,89238.930,1131.474,1413.941,366.201,543.590,119.796,447.742,65230.800,11380.574,49251.640,178.130,999,1.560,7.000,99,9999,99999,9,999999999,0.000,0.999,0,0,999,0.000,0
12,31,2023,16,0,,23.500,18.280,72.000,89238.930,898.741,1413.941,365.885,438.390,126.431,358.062,52606.800,12010.901,39386.812,179.388,999,0.560,7.000,99,9999,99999,9,999999999,0.000,0.999,0,0,999,0.000,0
12,31,2023,17,0,,23.060,18.120,73.000,89238.930,618.553,1413.941,363.131,305.400,252.352,195.140,36648.000,23973.447,21465.426,142.163,999,0.430,8.000,99,9999,99999,9,999999999,0.000,0.999,0,0,999,0.000,0
12,31,2023,18,0,,22.128,17.752,75.600,89238.930,310.449,1413.941,357.636,184.624,548.077,64.961,22154.880,52067.298,7145.718,94.708,999,0.270,7.800,99,9999,99999,9,999999999,0.000,0.999,0,0,999,0.000,0
12,31,2023,19,0,,21.386,17.460,77.800,89238.930,5.225,1413.941,353.339,96.946,0.000,0.000,11633.520,0.000,0.000,-0.000,999,0.180,8.000,99,9999,99999,9,999999999,0.000,0.999,0,0,999,0.000,0
12,31,2023,20,0,,20.584,17.138,80.200,89238.930,0.000,1413.941,348.697,35.866,0.000,0.000,4303.920,0.000,0.000,-0.000,999,0.116,8.000,99,9999,99999,9,999999999,0.000,0.999,0,0,999,0.000,0
12,31,2023,21,0,,19.790,16.814,82.600,89238.930,0.000,1413.941,344.109,4.476,0.000,0.000,537.120,0.000,0.000,-0.000,999,0.110,8.000,99,9999,99999,9,999999999,0.000,0.999,0,0,999,0.000,0
12,31,2023,22,0,,19.250,16.504,84.400,89238.930,0.000,1413.941,341.082,0.000,0.000,0.000,0.000,0.000,0.000,-0.000,999,0.094,7.800,99,9999,99999,9,999999999,0.008,0.999,0,0,999,0.008,99
12,31,2023,23,0,,18.784,16.240,86.000,89238.930,0.000,1413.941,338.491,0.000,0.000,0.000,0.000,0.000,0.000,-0.000,999,0.078,7.400,99,9999,99999,9,999999999,0.010,0.999,0,0,999,0.010,99
12,31,2019,24,0,,18.394,16.024,86.400,89238.930,0.000,1413.941,335.799,0.000,0.000,0.000,0.000,0.000,0.000,-0.000,999,0.062,7.000,99,9999,99999,9,999999999,0.010,0.999,0,0,999,0.010,99
